right_FP_x,right_FP_y,right_FP_z,left_FP_x,left_FP_y,left_FP_z,shank_acc_x,shank_acc_y,shank_acc_z,shank_gyro_x,shank_gyro_y,shank_gyro_z,foot_acc_x,foot_acc_y,foot_acc_z,foot_gyro_x,foot_gyro_y,foot_gyro_z,thigh_acc_x,thigh_acc_y,thigh_acc_z,thigh_gyro_x,thigh_gyro_y,thigh_gyro_z,torso_acc_x,torso_acc_y,torso_acc_z,torso_gyro_x,torso_gyro_y,torso_gyro_z,hip_angle,knee_angle,L5_S1_flex_angle,hip_torque,knee_torque,L5_S1_flex_torque
-26.2069702148438,1.25885009765625,-261.8408203125,-34.1033935546875,3.8909912109375,-345.306396484375,1.40645122528076,-8.11967372894287,-4.36536455154419,-0.851483821868896,0.28046989440918,-0.40394726395607,-1.7556791305542,-5.36692047119141,7.29720115661621,-0.178779438138008,0.205570474267006,0.282913535833359,-1.51801943778992,-7.05532741546631,4.12353563308716,2.39637112617493,-0.597372174263,-0.265697926282883,-0.320228844881058,-9.66782379150391,-1.78676438331604,-0.619100689888,0.428182423114777,-0.0124898245558143,60.73249994,-63.80574458,-3.35347225,-0.343251482566736,0.346754120331789,1.41717269266498
-26.1688232421875,1.373291015625,-261.688232421875,-34.1796875,3.96728515625,-345.916748046875,1.40035259723663,-8.10092067718506,-4.40078639984131,-0.850522637367249,0.273545563220978,-0.402843654155731,-1.79141092300415,-5.38133668899536,7.29206323623657,-0.17633068561554,0.202742889523506,0.279549390077591,-1.51472568511963,-7.03159761428833,4.13130569458008,2.39538741111755,-0.596205353736877,-0.266392081975937,-0.318260937929153,-9.67580986022949,-1.79118072986603,-0.617615580558777,0.427668780088425,-0.0124186119064689,60.7328199465,-63.805789218,-3.3535944555,-0.344805786191982,0.347741897422571,1.41916317978231
-26.2832641601563,1.48773193359375,-261.917114257813,-34.0652465820313,4.08172607421875,-345.840454101563,1.3942539691925,-8.08216762542725,-4.43620824813843,-0.849561452865601,0.266621232032776,-0.401740044355392,-1.82714259624481,-5.39575242996216,7.28692579269409,-0.17388191819191,0.199915304780006,0.276185244321823,-1.51143193244934,-7.00786781311035,4.139075756073,2.39440369606018,-0.595038533210754,-0.267086207866669,-0.316293030977249,-9.68379592895508,-1.79559719562531,-0.616130471229553,0.427155166864395,-0.0123473983258009,60.733139953,-63.805833856,-3.353716661,-0.346360089817229,0.348729674513353,1.42115366689965
-26.397705078125,1.6021728515625,-262.14599609375,-33.9508056640625,4.1961669921875,-345.76416015625,1.38815534114838,-8.06341457366943,-4.47163057327271,-0.848600268363953,0.259696900844574,-0.400636434555054,-1.86287438869476,-5.41016817092896,7.28178787231445,-0.171433165669441,0.197087734937668,0.272821068763733,-1.50813829898834,-6.98413801193237,4.14684581756592,2.39341998100281,-0.593871712684631,-0.267780333757401,-0.314325124025345,-9.69178199768066,-1.80001366138458,-0.61464536190033,0.426641523838043,-0.0122761856764555,60.7334599595,-63.805878494,-3.3538388665,-0.347914393442476,0.349717451604135,1.42314415401698
-26.55029296875,1.71661376953125,-262.75634765625,-34.1796875,4.119873046875,-346.527099609375,1.38205671310425,-8.04466152191162,-4.50705242156982,-0.847639083862305,0.252772569656372,-0.399532824754715,-1.89860618114471,-5.42458391189575,7.27664995193481,-0.168984398245811,0.194260150194168,0.269456923007965,-1.50484454631805,-6.96040821075439,4.15461587905884,2.39243626594543,-0.592704892158508,-0.268474489450455,-0.312357217073441,-9.69976806640625,-1.80443012714386,-0.613160252571106,0.426127910614014,-0.0122049730271101,60.733779966,-63.805923132,-3.353961072,-0.349468697067723,0.350705228694917,1.42513464113432
-26.702880859375,1.8310546875,-263.36669921875,-34.4085693359375,4.0435791015625,-347.2900390625,1.37595808506012,-8.02590847015381,-4.5424747467041,-0.846677839756012,0.24584823846817,-0.398429214954376,-1.93433785438538,-5.43899965286255,7.27151203155518,-0.166535645723343,0.191432565450668,0.266092777252197,-1.50155079364777,-6.93667840957642,4.16238594055176,2.39145231246948,-0.59153801202774,-0.269168615341187,-0.310389280319214,-9.70775318145752,-1.80884659290314,-0.611675202846527,0.425614267587662,-0.0121337594464421,60.7340999725,-63.80596777,-3.3540832775,-0.35102300069297,0.351693005785699,1.42712512825166
-26.7410278320313,1.71661376953125,-263.214111328125,-34.332275390625,4.119873046875,-347.671508789063,1.36985945701599,-8.007155418396,-4.57789659500122,-0.845716655254364,0.238923907279968,-0.397325605154037,-1.97006964683533,-5.45341539382935,7.2663745880127,-0.164086878299713,0.18860499560833,0.262728601694107,-1.49825716018677,-6.91294860839844,4.17015600204468,2.39046859741211,-0.590371191501617,-0.269862741231918,-0.30842137336731,-9.71573925018311,-1.81326305866241,-0.610190093517303,0.425100654363632,-0.0120625467970967,60.734419979,-63.806012408,-3.354205483,-0.352577304318216,0.352680782876481,1.42911561536899
-26.7791748046875,1.6021728515625,-263.0615234375,-34.2559814453125,4.1961669921875,-348.052978515625,1.36376070976257,-7.98840284347534,-4.61331844329834,-0.844755470752716,0.231999576091766,-0.396221995353699,-2.00580143928528,-5.46783113479614,7.26123666763306,-0.161638125777245,0.18577741086483,0.259364455938339,-1.49496340751648,-6.88921880722046,4.17792654037476,2.38948488235474,-0.589204370975494,-0.270556896924973,-0.306453466415405,-9.72372531890869,-1.81767952442169,-0.60870498418808,0.42458701133728,-0.0119913332164288,60.7347399855,-63.806057046,-3.3543276885,-0.354131607943463,0.353668559967263,1.43110610248633
-26.7791748046875,1.71661376953125,-263.671875,-34.2178344726563,4.2724609375,-348.358154296875,1.35766208171844,-7.96964979171753,-4.64874076843262,-0.843794286251068,0.225075244903564,-0.39511838555336,-2.04153323173523,-5.4822473526001,7.25609874725342,-0.159189358353615,0.18294982612133,0.256000310182571,-1.49166965484619,-6.86548900604248,4.18569660186768,2.38850116729736,-0.588037550449371,-0.271251022815704,-0.304485559463501,-9.73171138763428,-1.82209587097168,-0.607219874858856,0.424073398113251,-0.0119201205670834,60.735059992,-63.806101684,-3.354449894,-0.35568591156871,0.354656337058045,1.43309658960366
-26.7791748046875,1.8310546875,-264.2822265625,-34.1796875,4.3487548828125,-348.663330078125,1.35156345367432,-7.95089673995972,-4.68416261672974,-0.84283310174942,0.218150913715363,-0.394014775753021,-2.0772647857666,-5.49666309356689,7.25096082687378,-0.156740605831146,0.180122241377831,0.252636164426804,-1.4883759021759,-6.8417592048645,4.1934666633606,2.38751721382141,-0.586870670318604,-0.271945148706436,-0.302517622709274,-9.73969745635986,-1.82651233673096,-0.605734825134277,0.423559755086899,-0.011848907917738,60.7353799985,-63.806146322,-3.3545720995,-0.357240215193957,0.355644114148827,1.435087076721
-26.8936157226563,1.86920166015625,-264.205932617188,-34.332275390625,4.2724609375,-348.968505859375,1.34546482563019,-7.9321436882019,-4.71958494186401,-0.841871917247772,0.211226582527161,-0.392911165952682,-2.11299657821655,-5.51107883453369,7.2458233833313,-0.154291838407516,0.177294671535492,0.249272003769875,-1.4850822687149,-6.81802940368652,4.20123672485352,2.38653349876404,-0.58570384979248,-0.27263930439949,-0.30054971575737,-9.74768352508545,-1.83092880249023,-0.604249715805054,0.423046141862869,-0.01177769433707,60.735700005,-63.80619096,-3.354694305,-0.358794518819204,0.356631891239609,1.43707756383833
-27.008056640625,1.9073486328125,-264.129638671875,-34.48486328125,4.1961669921875,-349.273681640625,1.33936619758606,-7.91339063644409,-4.75500679016113,-0.840910732746124,0.204302251338959,-0.391807556152344,-2.1487283706665,-5.52549457550049,7.24068546295166,-0.151843085885048,0.174467086791992,0.245907843112946,-1.48178851604462,-6.79429960250854,4.20900678634644,2.38554978370667,-0.584537029266357,-0.273333430290222,-0.298581808805466,-9.75566959381104,-1.83534526824951,-0.60276460647583,0.422532498836517,-0.0117064816877246,60.7360200115,-63.806235598,-3.3548165105,-0.36034882244445,0.357619668330391,1.43906805095567
-27.1987915039063,1.9073486328125,-264.663696289063,-34.48486328125,4.38690185546875,-349.578857421875,1.33675730228424,-7.89369916915894,-4.81474447250366,-0.839990139007568,0.199694201350212,-0.391009032726288,-2.1709840297699,-5.53848171234131,7.24742412567139,-0.149040713906288,0.17020508646965,0.242167085409164,-1.44207525253296,-6.78571701049805,4.22575664520264,2.37883138656616,-0.584722459316254,-0.274192988872528,-0.298924893140793,-9.76261520385742,-1.83054029941559,-0.601643145084381,0.421212732791901,-0.0118285370990634,60.736340018,-63.806280236,-3.354938716,-0.361903126069697,0.358607445421173,1.44105853807301
-27.3895263671875,1.9073486328125,-265.19775390625,-34.48486328125,4.57763671875,-349.884033203125,1.33414840698242,-7.87400770187378,-4.87448167800903,-0.839069604873657,0.195086151361465,-0.390210509300232,-2.19323992729187,-5.55146884918213,7.25416278839111,-0.146238341927528,0.165943071246147,0.238426327705383,-1.4023619890213,-6.77713441848755,4.24250650405884,2.37211322784424,-0.584907829761505,-0.275052547454834,-0.29926797747612,-9.76956081390381,-1.82573521137238,-0.600521683692932,0.419892966747284,-0.0119505915790796,60.7366600245,-63.806324874,-3.3550609215,-0.363457429694944,0.359595222511955,1.44304902519034
-27.3513793945313,1.94549560546875,-265.655517578125,-34.4467163085938,4.61578369140625,-350.112915039063,1.3315395116806,-7.85431623458862,-4.93421936035156,-0.838149011135101,0.190478101372719,-0.389411985874176,-2.21549558639526,-5.56445550918579,7.26090145111084,-0.143435969948769,0.161681070923805,0.234685570001602,-1.36264872550964,-6.76855182647705,4.25925636291504,2.36539483070374,-0.585093259811401,-0.275912076234818,-0.299611061811447,-9.77650547027588,-1.82093024253845,-0.599400222301483,0.418573170900345,-0.0120726469904184,60.736980031,-63.806369512,-3.355183127,-0.365011733320191,0.360582999602737,1.44503951230768
-27.313232421875,1.983642578125,-266.11328125,-34.4085693359375,4.6539306640625,-350.341796875,1.32893061637878,-7.83462429046631,-4.99395656585693,-0.837228417396545,0.185870051383972,-0.38861346244812,-2.23775124549866,-5.57744264602661,7.26764059066772,-0.140633597970009,0.157419070601463,0.230944827198982,-1.32293546199799,-6.75996923446655,4.27600622177124,2.35867643356323,-0.585278630256653,-0.276771634817123,-0.299954146146774,-9.78345108032227,-1.81612527370453,-0.598278760910034,0.417253404855728,-0.0121947024017572,60.7373000375,-63.80641415,-3.3553053325,-0.366566036945438,0.361570776693519,1.44702999942501
-27.4658203125,1.94549560546875,-266.41845703125,-34.5993041992188,4.730224609375,-350.723266601563,1.32632172107697,-7.81493282318115,-5.05369424819946,-0.836307883262634,0.181261986494064,-0.387814939022064,-2.26000714302063,-5.59042978286743,7.27437925338745,-0.137831225991249,0.153157070279121,0.227204069495201,-1.28322219848633,-6.75138711929321,4.2927565574646,2.35195803642273,-0.585464060306549,-0.277631193399429,-0.300297230482101,-9.79039669036865,-1.81132018566132,-0.597157299518585,0.415933638811111,-0.012316757813096,60.737620044,-63.806458788,-3.355427538,-0.368120340570684,0.362558553784301,1.44902048654235
-27.618408203125,1.9073486328125,-266.7236328125,-34.7900390625,4.8065185546875,-351.104736328125,1.32371282577515,-7.795241355896,-5.11343145370483,-0.835387289524078,0.176653936505318,-0.387016415596008,-2.28226280212402,-5.60341691970825,7.28111791610718,-0.135028854012489,0.148895055055618,0.22346331179142,-1.24350893497467,-6.74280452728271,4.3095064163208,2.34523987770081,-0.585649430751801,-0.278490751981735,-0.300640314817429,-9.79734230041504,-1.80651521682739,-0.596035838127136,0.414613872766495,-0.0124388122931123,60.7379400505,-63.806503426,-3.3555497435,-0.369674644195931,0.363546330875083,1.45101097365969
-27.5421142578125,1.94549560546875,-266.952514648438,-34.8663330078125,4.69207763671875,-351.715087890625,1.32110393047333,-7.77554988861084,-5.17316913604736,-0.834466695785522,0.172045886516571,-0.386217892169952,-2.30451846122742,-5.61640357971191,7.2878565788269,-0.132226467132568,0.144633054733276,0.219722554087639,-1.20379567146301,-6.73422193527222,4.326256275177,2.3385214805603,-0.585834860801697,-0.279350280761719,-0.300983428955078,-9.80428791046143,-1.80171024799347,-0.594914376735687,0.413294076919556,-0.0125608677044511,60.738260057,-63.806548064,-3.355671949,-0.371228947821178,0.364534107965865,1.45300146077702
-27.4658203125,1.983642578125,-267.181396484375,-34.942626953125,4.57763671875,-352.325439453125,1.31849503517151,-7.75585842132568,-5.23290634155273,-0.833546161651611,0.167437836527824,-0.385419368743896,-2.32677435874939,-5.62939071655273,7.29459524154663,-0.129424095153809,0.140371054410934,0.215981796383858,-1.16408240795135,-6.72563934326172,4.3430061340332,2.3318030834198,-0.586020231246948,-0.280209839344025,-0.301326513290405,-9.81123352050781,-1.79690515995026,-0.593792915344238,0.411974310874939,-0.0126829231157899,60.7385800635,-63.806592702,-3.3557941545,-0.372783251446425,0.365521885056647,1.45499194789436
-27.5421142578125,1.9073486328125,-267.791748046875,-34.942626953125,4.6539306640625,-352.47802734375,1.31588613986969,-7.73616695404053,-5.29264402389526,-0.832625567913055,0.162829786539078,-0.384620845317841,-2.34903001785278,-5.64237785339355,7.30133390426636,-0.126621723175049,0.136109054088593,0.212241038680077,-1.1243691444397,-6.71705675125122,4.3597559928894,2.3250846862793,-0.586205661296844,-0.281069397926331,-0.301669597625732,-9.81817817687988,-1.79210019111633,-0.592671453952789,0.410654544830322,-0.0128049775958061,60.73890007,-63.80663734,-3.35591636,-0.374337555071672,0.366509662147429,1.45698243501169
-27.618408203125,1.8310546875,-268.402099609375,-34.942626953125,4.730224609375,-352.630615234375,1.31327724456787,-7.71647548675537,-5.35238122940063,-0.8317049741745,0.158221736550331,-0.383822321891785,-2.37128567695618,-5.65536499023438,7.30807256698608,-0.12381935864687,0.131847038865089,0.208500280976295,-1.08465588092804,-6.70847415924072,4.37650585174561,2.31836652755737,-0.586391031742096,-0.281928956508636,-0.30201268196106,-9.82512378692627,-1.78729522228241,-0.59154999256134,0.409334778785706,-0.0129270330071449,61.021291268,-64.064319172,-3.347194688,-0.376138269987843,0.367436640874456,1.45951012283036
-27.618408203125,1.79290771484375,-268.630981445313,-34.8663330078125,4.53948974609375,-352.706909179688,1.31066834926605,-7.69678354263306,-5.41211891174316,-0.830784440040588,0.153613686561584,-0.383023798465729,-2.39354157447815,-5.6683521270752,7.31481170654297,-0.121016979217529,0.127585038542747,0.204759538173676,-1.04494261741638,-6.69989156723022,4.39325571060181,2.31164813041687,-0.586576461791992,-0.282788515090942,-0.302355766296387,-9.83206939697266,-1.7824901342392,-0.590428531169891,0.408015012741089,-0.0130490884184837,61.303682466,-64.322001004,-3.338473016,-0.377938984904015,0.368363619601483,1.46203781064903
-27.618408203125,1.7547607421875,-268.85986328125,-34.7900390625,4.3487548828125,-352.783203125,1.30805945396423,-7.6770920753479,-5.47185611724854,-0.829863846302032,0.149005636572838,-0.382225275039673,-2.41579723358154,-5.68133878707886,7.3215503692627,-0.11821460723877,0.123323038220406,0.201018780469894,-1.00522935390472,-6.69130897521973,4.41000556945801,2.30492973327637,-0.586761832237244,-0.283648043870926,-0.302698850631714,-9.83901500701904,-1.77768516540527,-0.589307069778442,0.40669521689415,-0.0131711428985,61.586073664,-64.579682836,-3.329751344,-0.379739699820186,0.369290598328509,1.4645654984677
-27.6565551757813,1.79290771484375,-269.1650390625,-34.942626953125,4.425048828125,-353.317260742188,1.30545055866241,-7.65740060806274,-5.53159379959106,-0.828943252563477,0.144397586584091,-0.381426751613617,-2.43805289268494,-5.69432592391968,7.32828903198242,-0.11541223526001,0.119061030447483,0.197278022766113,-0.965516030788422,-6.68272638320923,4.42675542831421,2.29821133613586,-0.58694726228714,-0.284507602453232,-0.303041934967041,-9.84596061706543,-1.77288019657135,-0.588185608386993,0.405375450849533,-0.0132931983098388,61.868464862,-64.837364668,-3.321029672,-0.381540414736358,0.370217577055536,1.46709318628637
-27.6947021484375,1.8310546875,-269.47021484375,-35.09521484375,4.5013427734375,-353.851318359375,1.3148889541626,-7.64948797225952,-5.57336282730103,-0.82847660779953,0.139229029417038,-0.380062490701675,-2.45300841331482,-5.6995325088501,7.33572006225586,-0.112927757203579,0.114683374762535,0.193799242377281,-0.928033232688904,-6.68138694763184,4.46613025665283,2.29189610481262,-0.592879414558411,-0.284629732370377,-0.304569244384766,-9.85427284240723,-1.76661610603333,-0.586645841598511,0.403844624757767,-0.0137076731771231,62.15085606,-65.0950465,-3.312308,-0.383341129652529,0.371144555782563,1.46962087410504
-27.8091430664063,1.71661376953125,-270.004272460938,-35.1715087890625,4.61578369140625,-354.00390625,1.33637487888336,-7.65335369110107,-5.59716367721558,-0.828463852405548,0.133499965071678,-0.378132522106171,-2.46066331863403,-5.69695901870728,7.34384393692017,-0.110761165618896,0.110190071165562,0.190582439303398,-0.892780959606171,-6.68729019165039,4.52813005447388,2.28598380088806,-0.604558348655701,-0.28401443362236,-0.30728080868721,-9.86395168304443,-1.75889301300049,-0.584687888622284,0.402102768421173,-0.0144145665690303,62.433247258,-65.352728332,-3.303586328,-0.385141844568701,0.37207153450959,1.47214856192371
-27.923583984375,1.6021728515625,-270.538330078125,-35.247802734375,4.730224609375,-354.156494140625,1.35786080360413,-7.65721940994263,-5.62096500396729,-0.828451097011566,0.12777091562748,-0.376202523708344,-2.46831846237183,-5.69438552856445,7.35196733474731,-0.108594574034214,0.105696760118008,0.187365651130676,-0.857528626918793,-6.69319343566895,4.59012937545776,2.2800714969635,-0.616237223148346,-0.283399134874344,-0.309992372989655,-9.87363147735596,-1.75117003917694,-0.582729876041412,0.400360882282257,-0.0151214608922601,62.715638456,-65.610410164,-3.294864656,-0.386942559484873,0.372998513236616,1.47467624974238
-27.9617309570313,1.64031982421875,-270.919799804688,-35.3622436523438,4.6539306640625,-354.30908203125,1.37934672832489,-7.66108512878418,-5.64476585388184,-0.828438282012939,0.1220418587327,-0.374272525310516,-2.47597360610962,-5.69181203842163,7.36009073257446,-0.106427982449532,0.101203456521034,0.184148848056793,-0.82227635383606,-6.6990966796875,4.65212917327881,2.27415895462036,-0.627916157245636,-0.282783836126328,-0.312703937292099,-9.88331031799316,-1.7434469461441,-0.580771923065186,0.398619025945663,-0.0158283542841673,62.998029654,-65.868091996,-3.286142984,-0.388743274401044,0.373925491963643,1.47720393756105
-27.9998779296875,1.678466796875,-271.30126953125,-35.4766845703125,4.57763671875,-354.461669921875,1.40083265304565,-7.66495132446289,-5.66856670379639,-0.828425526618958,0.116312809288502,-0.372342556715012,-2.48362851142883,-5.68923854827881,7.36821460723877,-0.104261390864849,0.0967101529240608,0.18093204498291,-0.787024021148682,-6.70499992370605,4.7141284942627,2.2682466506958,-0.639595091342926,-0.282168537378311,-0.315415471792221,-9.89299011230469,-1.73572385311127,-0.578813910484314,0.396877139806747,-0.0165352486073971,63.280420852,-66.125773828,-3.277421312,-0.390543989317216,0.37485247069067,1.47973162537971
-27.923583984375,1.64031982421875,-272.140502929688,-35.5148315429688,4.57763671875,-354.91943359375,1.42231845855713,-7.66881704330444,-5.69236755371094,-0.828412771224976,0.110583752393723,-0.370412558317184,-2.49128365516663,-5.68666505813599,7.37633800506592,-0.102094799280167,0.0922168418765068,0.177715241909027,-0.751771688461304,-6.71090316772461,4.77612829208374,2.26233434677124,-0.651273965835571,-0.281553238630295,-0.318127036094666,-9.90266990661621,-1.72800087928772,-0.576855897903442,0.395135253667831,-0.0172421410679817,63.56281205,-66.38345566,-3.26869964,-0.392344704233387,0.375779449417696,1.48225931319838
-27.8472900390625,1.6021728515625,-272.979736328125,-35.552978515625,4.57763671875,-355.377197265625,1.44380438327789,-7.672682762146,-5.71616840362549,-0.828400015830994,0.104854695498943,-0.368482559919357,-2.49893879890442,-5.68409156799316,7.38446140289307,-0.0999282076954842,0.0877235382795334,0.174498438835144,-0.716519415378571,-6.71680641174316,4.83812761306763,2.25642204284668,-0.662952899932861,-0.280937939882278,-0.32083860039711,-9.91234874725342,-1.72027778625488,-0.574897944927216,0.393393397331238,-0.0179490353912115,63.845203248,-66.641137492,-3.259977968,-0.394145419149559,0.376706428144723,1.48478700101705
-27.77099609375,1.678466796875,-272.750854492188,-35.5148315429688,4.53948974609375,-355.8349609375,1.46529030799866,-7.67654848098755,-5.7399697303772,-0.828387260437012,0.0991256386041641,-0.366552591323853,-2.50659370422363,-5.68151807785034,7.39258527755737,-0.0977616161108017,0.0832302272319794,0.171281650662422,-0.681267082691193,-6.72270965576172,4.90012741088867,2.25050973892212,-0.674631834030151,-0.280322641134262,-0.323550164699554,-9.92202854156494,-1.71255469322205,-0.572939932346344,0.391651511192322,-0.0186559297144413,64.127594446,-66.898819324,-3.251256296,-0.39594613406573,0.37763340687175,1.48731468883572
-27.6947021484375,1.7547607421875,-272.52197265625,-35.4766845703125,4.5013427734375,-356.292724609375,1.48677623271942,-7.68041467666626,-5.76377058029175,-0.82837450504303,0.0933965891599655,-0.364622592926025,-2.51424884796143,-5.67894458770752,7.40070867538452,-0.0955950245261192,0.078736923635006,0.168064847588539,-0.646014809608459,-6.72861289978027,4.96212673187256,2.24459743499756,-0.686310708522797,-0.279707342386246,-0.326261699199677,-9.93170738220215,-1.7048317193985,-0.570981979370117,0.389909654855728,-0.0193628221750259,64.409985644,-67.156501156,-3.242534624,-0.397746848981902,0.378560385598777,1.48984237665439
-27.6947021484375,1.64031982421875,-273.13232421875,-35.400390625,4.31060791015625,-356.521606445313,1.50826215744019,-7.68428039550781,-5.7875714302063,-0.828361749649048,0.0876675322651863,-0.362692624330521,-2.52190375328064,-5.6763710975647,7.40883255004883,-0.0934284329414368,0.0742436200380325,0.164848044514656,-0.610762476921082,-6.73451614379883,5.0241265296936,2.238685131073,-0.697989642620087,-0.279092043638229,-0.328973263502121,-9.94138717651367,-1.69710862636566,-0.569023966789246,0.388167768716812,-0.0200697164982557,64.692376842,-67.414182988,-3.233812952,-0.399547563898074,0.379487364325803,1.49237006447306
-27.6947021484375,1.52587890625,-273.74267578125,-35.3240966796875,4.119873046875,-356.75048828125,1.52974808216095,-7.68814611434937,-5.81137228012085,-0.828348934650421,0.0819384753704071,-0.360762625932693,-2.52955889701843,-5.67379760742188,7.41695594787598,-0.0912618413567543,0.0697503089904785,0.161631241440773,-0.575510203838348,-6.74041938781738,5.08612585067749,2.23277258872986,-0.709668576717377,-0.278476744890213,-0.331684827804565,-9.95106601715088,-1.68938553333282,-0.567066013813019,0.386425912380219,-0.0207766108214855,64.97476804,-67.67186482,-3.22509128,-0.401348278814245,0.38041434305283,1.49489775229173
-27.6565551757813,1.64031982421875,-274.124145507813,-35.4385375976563,4.08172607421875,-356.903076171875,1.55123388767242,-7.69201183319092,-5.83517360687256,-0.828336179256439,0.0762094184756279,-0.358832627534866,-2.53721404075623,-5.67122411727905,7.42507934570313,-0.0890952497720718,0.0652570053935051,0.158414453268051,-0.54025787115097,-6.74632263183594,5.14812564849854,2.2268602848053,-0.721347510814667,-0.277861446142197,-0.33439639210701,-9.9607458114624,-1.68166244029999,-0.565108001232147,0.384684026241302,-0.0214835051447153,65.257159238,-67.929546652,-3.216369608,-0.403148993730417,0.381341321779857,1.4974254401104
-27.618408203125,1.7547607421875,-274.505615234375,-35.552978515625,4.0435791015625,-357.0556640625,1.57271981239319,-7.69587802886963,-5.85897445678711,-0.828323423862457,0.0704803690314293,-0.356902658939362,-2.54486894607544,-5.66865062713623,7.43320322036743,-0.0869286581873894,0.0607636980712414,0.155197650194168,-0.505005598068237,-6.75222587585449,5.21012496948242,2.22094798088074,-0.733026385307312,-0.27724614739418,-0.337107926607132,-9.97042465209961,-1.67393946647644,-0.56315004825592,0.382942169904709,-0.0221903976052999,65.539550436,-68.187228484,-3.207647936,-0.404949708646588,0.382268300506883,1.49995312792907
-27.4658203125,1.56402587890625,-274.96337890625,-35.5911254882813,3.8909912109375,-357.0556640625,1.59420573711395,-7.69974374771118,-5.88277530670166,-0.828310668468475,0.0647513121366501,-0.354972660541534,-2.55252408981323,-5.66607713699341,7.44132661819458,-0.0847620666027069,0.0562703907489777,0.151980847120285,-0.469753265380859,-6.75812911987305,5.27212476730347,2.21503567695618,-0.744705319404602,-0.276630848646164,-0.339819490909576,-9.98010444641113,-1.6662163734436,-0.561192035675049,0.381200283765793,-0.0228972919285297,65.821941634,-68.444910316,-3.198926264,-0.40675042356276,0.38319527923391,1.50248081574773
-27.313232421875,1.373291015625,-275.421142578125,-35.6292724609375,3.7384033203125,-357.0556640625,1.63521206378937,-7.73243093490601,-5.88294792175293,-0.827387690544128,0.0582185201346874,-0.352320402860641,-2.53873825073242,-5.64643287658691,7.44967889785767,-0.0842559039592743,0.0537298321723938,0.15043206512928,-0.451090693473816,-6.7560133934021,5.34315538406372,2.213214635849,-0.756212413311005,-0.274812698364258,-0.341638833284378,-9.98882293701172,-1.66335546970367,-0.557703197002411,0.37932613492012,-0.0241305883973837,66.104332832,-68.702592148,-3.190204592,-0.408551138478932,0.384122257960937,1.5050085035664
-27.5039672851563,1.373291015625,-275.87890625,-35.858154296875,3.7384033203125,-357.666015625,1.67621839046478,-7.76511859893799,-5.8831205368042,-0.826464653015137,0.0516857244074345,-0.349668145179749,-2.52495241165161,-5.62678813934326,7.45803165435791,-0.0837497413158417,0.0511892773211002,0.148883298039436,-0.43242809176445,-6.75389719009399,5.41418647766113,2.21139359474182,-0.767719447612762,-0.272994577884674,-0.343458205461502,-9.99754238128662,-1.66049468517303,-0.554214417934418,0.377451986074448,-0.0253638867288828,66.38672403,-68.96027398,-3.18148292,-0.410351853395103,0.385049236687964,1.50753619138507
-27.6947021484375,1.373291015625,-276.336669921875,-36.0870361328125,3.7384033203125,-358.2763671875,1.7172247171402,-7.79780578613281,-5.88329315185547,-0.82554167509079,0.0451529324054718,-0.347015887498856,-2.5111665725708,-5.60714387893677,7.466383934021,-0.0832435712218285,0.0486487187445164,0.147334516048431,-0.413765519857407,-6.75178146362305,5.48521709442139,2.20957255363464,-0.779226541519165,-0.271176427602768,-0.345277547836304,-10.0062608718872,-1.65763378143311,-0.55072557926178,0.375577837228775,-0.0265971831977367,66.386200567,-68.960330105,-3.181593806,-0.412719574906434,0.385079737171848,1.51065288532248
-27.618408203125,1.33514404296875,-276.641845703125,-35.9725952148438,3.77655029296875,-358.2763671875,1.75823092460632,-7.83049297332764,-5.88346576690674,-0.824618697166443,0.0386201366782188,-0.344363629817963,-2.49738073348999,-5.58749914169312,7.47473621368408,-0.0827374085783958,0.0461081601679325,0.145785748958588,-0.395102918148041,-6.7496657371521,5.55624771118164,2.20775151252747,-0.790733635425568,-0.269358307123184,-0.347096920013428,-10.0149793624878,-1.65477299690247,-0.547236800193787,0.373703718185425,-0.0278304796665907,66.385677104,-68.96038623,-3.181704692,-0.415087296417765,0.385110237655731,1.5137695792599
-27.5421142578125,1.2969970703125,-276.947021484375,-35.858154296875,3.814697265625,-358.2763671875,1.79923725128174,-7.86318016052246,-5.88363838195801,-0.823695659637451,0.0320873446762562,-0.341711342334747,-2.48359489440918,-5.56785488128662,7.48308897018433,-0.0822312459349632,0.0435676015913486,0.144236966967583,-0.376440346240997,-6.74755001068115,5.62727880477905,2.20593047142029,-0.80224072933197,-0.267540156841278,-0.348916262388229,-10.0236988067627,-1.65191209316254,-0.543747961521149,0.371829569339752,-0.0290637779980898,66.385153641,-68.960442355,-3.181815578,-0.417455017929096,0.385140738139615,1.51688627319731
-27.4658203125,0.9918212890625,-277.328491210938,-35.858154296875,3.8909912109375,-358.58154296875,1.84024357795715,-7.89586782455444,-5.88381099700928,-0.822772681713104,0.0255545489490032,-0.339059084653854,-2.46980905532837,-5.54821014404297,7.49144124984741,-0.0817250832915306,0.0410270467400551,0.142688199877739,-0.357777744531631,-6.74543380737305,5.69830942153931,2.20410943031311,-0.813747763633728,-0.265722006559372,-0.350735604763031,-10.0324172973633,-1.6490513086319,-0.540259182453156,0.36995542049408,-0.0302970744669437,66.384630178,-68.96049848,-3.181926464,-0.419822739440427,0.385171238623499,1.52000296713472
-27.3895263671875,0.6866455078125,-277.7099609375,-35.858154296875,3.96728515625,-358.88671875,1.88124990463257,-7.92855501174927,-5.88398313522339,-0.821849703788757,0.0190217550843954,-0.336406826972961,-2.45602297782898,-5.52856588363647,7.49979400634766,-0.0812189131975174,0.0384864881634712,0.141139417886734,-0.339115172624588,-6.7433180809021,5.76934051513672,2.20228838920593,-0.825254857540131,-0.263903886079788,-0.352554976940155,-10.0411367416382,-1.64619040489197,-0.536770343780518,0.368081271648407,-0.0315303727984428,66.384106715,-68.960554605,-3.18203735,-0.422190460951758,0.385201739107383,1.52311966107213
-27.2750854492188,0.41961669921875,-277.633666992188,-35.858154296875,3.92913818359375,-358.810424804688,1.92225623130798,-7.96124219894409,-5.88415575027466,-0.820926666259766,0.0124889621511102,-0.333754569292068,-2.44223713874817,-5.50892114639282,7.50814628601074,-0.0807127505540848,0.0359459295868874,0.13959065079689,-0.320452570915222,-6.74120235443115,5.84037113189697,2.20046734809875,-0.836761951446533,-0.262085735797882,-0.354374319314957,-10.0498552322388,-1.64332962036133,-0.533281564712524,0.366207122802734,-0.0327636674046516,66.383583252,-68.96061073,-3.182148236,-0.424558182463089,0.385232239591267,1.52623635500954
-27.16064453125,0.152587890625,-277.557373046875,-35.858154296875,3.8909912109375,-358.734130859375,1.9632625579834,-7.99392986297607,-5.88432836532593,-0.820003688335419,0.00595616782084107,-0.331102311611176,-2.42845129966736,-5.48927688598633,7.51649856567383,-0.0802065879106522,0.0334053710103035,0.138041868805885,-0.301789999008179,-6.73908662796021,5.91140174865723,2.19864630699158,-0.848269045352936,-0.260267615318298,-0.356193691492081,-10.0585737228394,-1.6404687166214,-0.529792726039886,0.364332973957062,-0.0339969657361507,66.383059789,-68.960666855,-3.182259122,-0.42692590397442,0.385262740075151,1.52935304894695
-27.008056640625,0.152587890625,-278.01513671875,-35.858154296875,3.92913818359375,-358.810424804688,2.00426888465881,-8.0266170501709,-5.8845009803772,-0.819080710411072,-0.000576625810936093,-0.328450053930283,-2.41466546058655,-5.46963214874268,7.52485132217407,-0.0797004252672195,0.0308648142963648,0.136493101716042,-0.283127427101135,-6.7369704246521,5.98243284225464,2.1968252658844,-0.859776079654694,-0.258449465036392,-0.358013033866882,-10.0672931671143,-1.63760793209076,-0.526303946971893,0.362458825111389,-0.0352302640676498,66.382536326,-68.96072298,-3.182370008,-0.429293625485751,0.385293240559035,1.53246974288437
-26.85546875,0.152587890625,-278.472900390625,-35.858154296875,3.96728515625,-358.88671875,2.04527521133423,-8.05930423736572,-5.88467359542847,-0.81815767288208,-0.00710941944271326,-0.32579779624939,-2.40087962150574,-5.44998788833618,7.53320360183716,-0.0791942626237869,0.0283242575824261,0.134944319725037,-0.264464825391769,-6.73485469818115,6.05346345901489,2.19500422477722,-0.871283173561096,-0.256631314754486,-0.359832376241684,-10.0760116577148,-1.63474702835083,-0.522815108299255,0.360584706068039,-0.0364635586738586,66.382012863,-68.960779105,-3.182480894,-0.431661346997082,0.385323741042919,1.53558643682178
-26.8936157226563,0.0762939453125,-279.159545898438,-36.0870361328125,3.85284423828125,-359.268188476563,2.08628153800964,-8.09199142456055,-5.88484621047974,-0.817234694957733,-0.0136422133073211,-0.323145538568497,-2.38709378242493,-5.43034315109253,7.54155588150024,-0.0786880925297737,0.0257836990058422,0.133395552635193,-0.245802238583565,-6.73273897171021,6.12449407577515,2.19318318367004,-0.882790267467499,-0.254813194274902,-0.361651748418808,-10.0847301483154,-1.63188624382019,-0.519326329231262,0.358710557222366,-0.0376968570053577,66.3814894,-68.96083523,-3.18259178,-0.434029068508413,0.385354241526803,1.53870313075919
-26.9317626953125,0,-279.84619140625,-36.31591796875,3.7384033203125,-359.649658203125,2.12728786468506,-8.12467861175537,-5.88501882553101,-0.816311717033386,-0.0201750081032515,-0.320493280887604,-2.37330794334412,-5.41069889068604,7.54990863800049,-0.0781819298863411,0.0232431422919035,0.131846770644188,-0.22713965177536,-6.73062324523926,6.19552516937256,2.19136214256287,-0.894297361373901,-0.252995043992996,-0.36347109079361,-10.0934495925903,-1.62902534008026,-0.515837490558624,0.356836408376694,-0.0389301553368568,66.380965937,-68.960891355,-3.182702666,-0.436396790019744,0.385384742010687,1.5418198246966
-26.702880859375,-0.0762939453125,-280.1513671875,-36.1251831054688,3.662109375,-359.80224609375,2.15942788124084,-8.1570987701416,-5.87691926956177,-0.815921306610107,-0.024616414681077,-0.31797069311142,-2.36013340950012,-5.3915057182312,7.5606746673584,-0.0779809653759003,0.0204382818192244,0.130215466022491,-0.215576782822609,-6.72512006759644,6.24144315719604,2.18981337547302,-0.907651364803314,-0.248894855380058,-0.366188436746597,-10.0979061126709,-1.62757205963135,-0.512436389923096,0.355044901371002,-0.0404304340481758,66.380442474,-68.96094748,-3.182813552,-0.438764511531075,0.385415242494571,1.54493651863401
-26.4739990234375,-0.152587890625,-280.45654296875,-35.9344482421875,3.5858154296875,-359.954833984375,2.18270206451416,-8.18924999237061,-5.86054754257202,-0.816063582897186,-0.0269664376974106,-0.315577805042267,-2.34756994247437,-5.37276411056519,7.57385492324829,-0.0780852064490318,0.0173691213130951,0.128501608967781,-0.21111361682415,-6.71623039245605,6.26224851608276,2.18853688240051,-0.922852277755737,-0.242512613534927,-0.369803756475449,-10.0981016159058,-1.62752616405487,-0.509122967720032,0.353336066007614,-0.0421977005898952,66.379919011,-68.961003605,-3.182924438,-0.441132233042406,0.385445742978455,1.54805321257143
-26.2069702148438,-0.3814697265625,-280.380249023438,-35.9725952148438,3.47137451171875,-359.878540039063,2.2059760093689,-8.22140121459961,-5.84417629241943,-0.816205859184265,-0.0293164607137442,-0.313184916973114,-2.33500647544861,-5.35402250289917,7.58703517913818,-0.0781894475221634,0.0142999598756433,0.126787766814232,-0.206650465726852,-6.70734071731567,6.28305339813232,2.187260389328,-0.93805319070816,-0.236130371689796,-0.3734190762043,-10.0982971191406,-1.62748026847839,-0.505809545516968,0.351627230644226,-0.0439649671316147,66.379395548,-68.96105973,-3.183035324,-0.443499954553737,0.385476243462339,1.55116990650884
-25.93994140625,-0.6103515625,-280.303955078125,-36.0107421875,3.35693359375,-359.80224609375,2.22924995422363,-8.25355243682861,-5.82780456542969,-0.816348135471344,-0.0316664837300777,-0.310792028903961,-2.32244300842285,-5.335280418396,7.60021543502808,-0.078293688595295,0.0112307984381914,0.125073909759521,-0.202187299728394,-6.69845104217529,6.30385875701904,2.18598389625549,-0.953254163265228,-0.229748129844666,-0.377034395933151,-10.0984916687012,-1.62743437290192,-0.502496063709259,0.349918395280838,-0.0457322336733341,66.378872085,-68.961115855,-3.18314621,-0.445867676065067,0.385506743946223,1.55428660044625
-25.9780883789063,-0.72479248046875,-280.609130859375,-35.9344482421875,3.4332275390625,-359.80224609375,2.25252413749695,-8.28570365905762,-5.81143283843994,-0.816490411758423,-0.0340165048837662,-0.308399140834808,-2.30987977981567,-5.31653881072998,7.61339569091797,-0.0783979296684265,0.00816163700073957,0.123360067605972,-0.197724133729935,-6.68956136703491,6.32466411590576,2.18470740318298,-0.968455076217651,-0.223365887999535,-0.380649715662003,-10.098687171936,-1.62738847732544,-0.499182641506195,0.34820955991745,-0.0474994964897633,66.378348622,-68.96117198,-3.183257096,-0.448235397576398,0.385537244430107,1.55740329438366
-26.0162353515625,-0.8392333984375,-280.914306640625,-35.858154296875,3.509521484375,-359.80224609375,2.27579808235168,-8.31785583496094,-5.7950611114502,-0.816632688045502,-0.0363665297627449,-0.306006252765656,-2.29731631278992,-5.29779720306396,7.62657594680786,-0.0785021707415581,0.00509247602894902,0.121646218001842,-0.193260982632637,-6.68067121505737,6.34546947479248,2.18343091011047,-0.983655989170074,-0.216983646154404,-0.384265035390854,-10.0988826751709,-1.62734258174896,-0.495869219303131,0.346500724554062,-0.0492667630314827,66.377825159,-68.961228105,-3.183367982,-0.450603119087729,0.385567744913991,1.56051998832107
-26.0543823242188,-0.91552734375,-281.143188476563,-35.8963012695313,3.4332275390625,-359.573364257813,2.29907202720642,-8.35000705718994,-5.77868938446045,-0.816774964332581,-0.0387165509164333,-0.303613364696503,-2.28475284576416,-5.27905559539795,7.63975620269775,-0.0786064118146896,0.00202331482432783,0.119932368397713,-0.188797816634178,-6.67178153991699,6.3662748336792,2.18215441703796,-0.998856961727142,-0.210601404309273,-0.387880355119705,-10.0990772247314,-1.62729668617249,-0.492555797100067,0.344791889190674,-0.0510340295732021,66.377301696,-68.96128423,-3.183478868,-0.45297084059906,0.385598245397875,1.56363668225848
-26.092529296875,-0.9918212890625,-281.3720703125,-35.9344482421875,3.35693359375,-359.344482421875,2.32234621047974,-8.38215827941895,-5.76231813430786,-0.816917240619659,-0.0410665757954121,-0.301220446825027,-2.2721893787384,-5.26031398773193,7.65293645858765,-0.0787106528878212,-0.00104584649670869,0.118218518793583,-0.184334650635719,-6.66289186477661,6.38707971572876,2.18087816238403,-1.01405787467957,-0.204219162464142,-0.391495645046234,-10.0992727279663,-1.62725079059601,-0.489242345094681,0.343083053827286,-0.0528012961149216,66.376778233,-68.961340355,-3.183589754,-0.455338562110391,0.385628745881759,1.5667533761959
-25.8636474609375,-1.18255615234375,-281.524658203125,-35.9725952148438,3.39508056640625,-359.954833984375,2.34562015533447,-8.41430950164795,-5.74594640731812,-0.817059516906738,-0.0434165969491005,-0.298827558755875,-2.25962615013123,-5.24157238006592,7.66611671447754,-0.0788148939609528,-0.00411500781774521,0.116504669189453,-0.179871499538422,-6.65400218963623,6.40788507461548,2.17960166931152,-1.02925884723663,-0.197836920619011,-0.395110964775085,-10.0994682312012,-1.62720489501953,-0.485928922891617,0.341374218463898,-0.0545685589313507,66.37625477,-68.96139648,-3.18370064,-0.457706283621722,0.385659246365643,1.56987007013331
-25.634765625,-1.373291015625,-281.67724609375,-36.0107421875,3.4332275390625,-360.565185546875,2.36889433860779,-8.44646072387695,-5.72957468032837,-0.817201793193817,-0.0457666181027889,-0.296434670686722,-2.24706268310547,-5.2228307723999,7.67929649353027,-0.0789191350340843,-0.00718416878953576,0.114790827035904,-0.175408333539963,-6.64511251449585,6.4286904335022,2.17832517623901,-1.04445970058441,-0.19145467877388,-0.398726284503937,-10.0996627807617,-1.62715899944305,-0.48261547088623,0.33966538310051,-0.0563358254730701,66.478548633,-69.0189690035,-3.1885937955,-0.459530757502442,0.385255697569528,1.57340265318512
-25.4440307617188,-1.52587890625,-281.753540039063,-36.1251831054688,3.35693359375,-360.031127929688,2.39216828346252,-8.47861194610596,-5.71320295333862,-0.817344069480896,-0.0481166429817677,-0.294041782617569,-2.23449921607971,-5.20408868789673,7.69247674942017,-0.0790233761072159,-0.0102533306926489,0.113076977431774,-0.170945167541504,-6.63622283935547,6.44949579238892,2.1770486831665,-1.05966067314148,-0.185072436928749,-0.402341604232788,-10.0998582839966,-1.62711310386658,-0.479302048683167,0.337956547737122,-0.0581030920147896,66.580842496,-69.076541527,-3.193486951,-0.461355231383161,0.384852148773414,1.57693523623694
-25.2532958984375,-1.678466796875,-281.829833984375,-36.2396240234375,3.2806396484375,-359.4970703125,2.41544222831726,-8.51076412200928,-5.69683170318604,-0.817486345767975,-0.0504666641354561,-0.291648894548416,-2.22193574905396,-5.18534708023071,7.70565700531006,-0.0791276171803474,-0.0133224911987782,0.111363127827644,-0.166482001543045,-6.62733268737793,6.47030067443848,2.17577219009399,-1.07486164569855,-0.178690195083618,-0.405956923961639,-10.1000537872314,-1.6270672082901,-0.475988626480103,0.336247712373734,-0.059870358556509,66.683136359,-69.1341140505,-3.1983801065,-0.463179705263881,0.384448599977299,1.58046781928875
-25.177001953125,-2.0599365234375,-282.135009765625,-36.2014770507813,3.1280517578125,-359.573364257813,2.43871641159058,-8.54291534423828,-5.68045997619629,-0.817628622055054,-0.0528166890144348,-0.289256006479263,-2.20937252044678,-5.1666054725647,7.71883726119995,-0.079231858253479,-0.0163916535675526,0.109649278223515,-0.162018850445747,-6.61844301223755,6.4911060333252,2.17449569702148,-1.09006249904633,-0.172307953238487,-0.409572243690491,-10.100248336792,-1.62702131271362,-0.472675174474716,0.334538877010345,-0.0616376213729382,66.785430222,-69.191686574,-3.203273262,-0.465004179144601,0.384045051181185,1.58400040234056
-25.1007080078125,-2.44140625,-282.440185546875,-36.163330078125,2.9754638671875,-359.649658203125,2.46199035644531,-8.57506656646729,-5.66408824920654,-0.817770898342133,-0.0551667101681232,-0.28686311841011,-2.19680905342102,-5.14786386489868,7.73201751708984,-0.0793360993266106,-0.0194608140736818,0.107935428619385,-0.157555684447289,-6.60955333709717,6.51191139221191,2.17321920394897,-1.10526347160339,-0.165925711393356,-0.413187563419342,-10.1004438400269,-1.62697541713715,-0.469361752271652,0.332830041646957,-0.0634048879146576,66.887724085,-69.2492590975,-3.2081664175,-0.46682865302532,0.38364150238507,1.58753298539238
-25.0244140625,-2.5177001953125,-282.211303710938,-35.9344482421875,2.9754638671875,-359.4970703125,2.49741196632385,-8.62553405761719,-5.6230034828186,-0.817651450634003,-0.051815640181303,-0.285614401102066,-2.19275784492493,-5.13899564743042,7.7369499206543,-0.0801650211215019,-0.0217521395534277,0.10640961676836,-0.142957538366318,-6.60374021530151,6.49303531646729,2.16691827774048,-1.11004054546356,-0.156570419669151,-0.419365912675858,-10.0999631881714,-1.62211322784424,-0.46626952290535,0.331723809242249,-0.0652968436479568,66.990017948,-69.306831621,-3.213059573,-0.46865312690604,0.383237953588955,1.59106556844419
-24.9481201171875,-2.593994140625,-281.982421875,-35.70556640625,2.9754638671875,-359.344482421875,2.53283357620239,-8.67600154876709,-5.58191823959351,-0.817532002925873,-0.0484645701944828,-0.284365713596344,-2.18870663642883,-5.130126953125,7.74188280105591,-0.0809939429163933,-0.0240434668958187,0.104883804917336,-0.128359377384186,-6.59792757034302,6.47415971755981,2.16061758995056,-1.11481761932373,-0.147215127944946,-0.425544232130051,-10.0994825363159,-1.61725115776062,-0.463177293539047,0.330617547035217,-0.0671887919306755,67.092311811,-69.3644041445,-3.2179527285,-0.470477600786759,0.382834404792841,1.59459815149601
-24.9862670898438,-2.70843505859375,-282.363891601563,-35.70556640625,2.9754638671875,-359.19189453125,2.56825518608093,-8.72646808624268,-5.54083347320557,-0.817412555217743,-0.0451135002076626,-0.2831169962883,-2.18465542793274,-5.12125873565674,7.74681520462036,-0.081822857260704,-0.0263347923755646,0.103357993066311,-0.113761231303215,-6.59211444854736,6.45528364181519,2.15431666374207,-1.1195946931839,-0.137859836220741,-0.431722581386566,-10.0990018844604,-1.61238896846771,-0.460085064172745,0.329511314630508,-0.0690807476639748,67.194605674,-69.421976668,-3.222845884,-0.472302074667479,0.382430855996726,1.59813073454782
-25.0244140625,-2.8228759765625,-282.745361328125,-35.70556640625,2.9754638671875,-359.039306640625,2.60367679595947,-8.77693557739258,-5.49974822998047,-0.817293167114258,-0.0417624339461327,-0.281868278980255,-2.18060445785522,-5.11239051818848,7.75174760818481,-0.0826517790555954,-0.0286261178553104,0.101832181215286,-0.0991630777716637,-6.58630180358887,6.43640756607056,2.14801573753357,-1.12437176704407,-0.128504544496536,-0.437900930643082,-10.098521232605,-1.60752689838409,-0.456992834806442,0.328405052423477,-0.0709726959466934,67.296899537,-69.4795491915,-3.2277390395,-0.474126548548199,0.382027307200612,1.60166331759964
-24.8336791992188,-2.93731689453125,-282.821655273438,-35.6674194335938,2.86102294921875,-358.88671875,2.63909840583801,-8.82740306854248,-5.45866346359253,-0.817173719406128,-0.0384113639593124,-0.280619561672211,-2.17655324935913,-5.10352182388306,7.75668048858643,-0.0834807008504868,-0.0309174433350563,0.100306369364262,-0.0845649242401123,-6.58048868179321,6.41753196716309,2.14171504974365,-1.12914872169495,-0.119149245321751,-0.444079250097275,-10.0980405807495,-1.60266470909119,-0.45390060544014,0.327298820018768,-0.0728646516799927,67.3991934,-69.537121715,-3.232632195,-0.475951022428918,0.381623758404497,1.60519590065145
-24.6429443359375,-3.0517578125,-282.89794921875,-35.6292724609375,2.74658203125,-358.734130859375,2.67452001571655,-8.87787055969238,-5.41757869720459,-0.817054271697998,-0.0350602939724922,-0.279370874166489,-2.17250204086304,-5.09465360641479,7.76161289215088,-0.0843096226453781,-0.0332087688148022,0.098780557513237,-0.0699667707085609,-6.57467555999756,6.39865589141846,2.13541412353516,-1.13392579555511,-0.109793953597546,-0.45025759935379,-10.097559928894,-1.59780263900757,-0.450808376073837,0.326192557811737,-0.0747565999627113,67.501487263,-69.5946942385,-3.2375253505,-0.477775496309638,0.381220209608383,1.60872848370327
-24.4903564453125,-3.2806396484375,-282.516479492188,-35.70556640625,2.74658203125,-358.734130859375,2.70994162559509,-8.92833805084229,-5.37649345397949,-0.816934823989868,-0.031709223985672,-0.278122156858444,-2.16845083236694,-5.08578491210938,7.76654577255249,-0.0851385369896889,-0.0355000980198383,0.0972547456622124,-0.0553686209022999,-6.56886291503906,6.37978029251099,2.12911343574524,-1.13870286941528,-0.10043865442276,-0.456435948610306,-10.0970783233643,-1.59294044971466,-0.447716146707535,0.325086325407028,-0.0766485556960106,67.603781126,-69.652266762,-3.242418506,-0.479599970190358,0.380816660812268,1.61226106675508
-24.3377685546875,-3.509521484375,-282.135009765625,-35.7818603515625,2.74658203125,-358.734130859375,2.74536323547363,-8.97880554199219,-5.33540868759155,-0.816815376281738,-0.0283581539988518,-0.2768734395504,-2.16439962387085,-5.07691669464111,7.77147817611694,-0.0859674587845802,-0.0377914234995842,0.0957289338111877,-0.0407704673707485,-6.56304979324341,6.36090421676636,2.12281250953674,-1.14347994327545,-0.091083362698555,-0.462614268064499,-10.0965976715088,-1.58807837963104,-0.444623917341232,0.323980063199997,-0.0785405039787292,67.706074989,-69.7098392855,-3.2473116615,-0.481424444071077,0.380413112016153,1.61579364980689
-24.1470336914063,-3.62396240234375,-282.516479492188,-35.7818603515625,2.74658203125,-358.734130859375,2.78078484535217,-9.02927207946777,-5.29432344436646,-0.816695928573608,-0.0250070858746767,-0.275624752044678,-2.16034841537476,-5.06804847717285,7.7764105796814,-0.0867963805794716,-0.0400827489793301,0.0942031219601631,-0.0261723157018423,-6.55723714828491,6.34202814102173,2.11651158332825,-1.14825701713562,-0.08172807097435,-0.468792617321014,-10.0961170196533,-1.58321619033813,-0.44153168797493,0.322873830795288,-0.0804324597120285,67.808368852,-69.767411809,-3.252204817,-0.483248917951797,0.380009563220039,1.61932623285871
-23.956298828125,-3.7384033203125,-282.89794921875,-35.7818603515625,2.74658203125,-358.734130859375,2.81620645523071,-9.07973957061768,-5.25323867797852,-0.816576480865479,-0.0216560158878565,-0.274376034736633,-2.15629720687866,-5.05917978286743,7.78134346008301,-0.0876253023743629,-0.0423740744590759,0.0926773101091385,-0.0115741631016135,-6.55142402648926,6.32315254211426,2.11021089553833,-1.15303409099579,-0.072372779250145,-0.47497096657753,-10.0956363677979,-1.57835412025452,-0.438439458608627,0.321767568588257,-0.0823244154453278,67.910662715,-69.8249843325,-3.2570979725,-0.485073391832516,0.379606014423924,1.62285881591052
-23.7655639648438,-3.8909912109375,-282.821655273438,-35.7818603515625,2.78472900390625,-358.505249023438,2.85162806510925,-9.13020706176758,-5.21215391159058,-0.816457092761993,-0.0183049459010363,-0.273127317428589,-2.15224623680115,-5.05031156539917,7.78627586364746,-0.0884542241692543,-0.0446653999388218,0.0911514982581139,0.00302398926578462,-6.5456109046936,6.30427646636963,2.10390996932983,-1.15781116485596,-0.0630174875259399,-0.481149286031723,-10.0951557159424,-1.57349193096161,-0.435347229242325,0.320661336183548,-0.0842163637280464,68.012956578,-69.882556856,-3.261991128,-0.486897865713236,0.37920246562781,1.62639139896234
-23.5748291015625,-4.0435791015625,-282.745361328125,-35.7818603515625,2.8228759765625,-358.2763671875,2.88704967498779,-9.18067455291748,-5.17106866836548,-0.816337645053864,-0.0149538768455386,-0.271878629922867,-2.14819502830505,-5.04144334793091,7.79120826721191,-0.0892831385135651,-0.0469567254185677,0.0896256864070892,0.0176221411675215,-6.53979825973511,6.285400390625,2.09760904312134,-1.16258823871613,-0.0536621920764446,-0.487327635288239,-10.0946750640869,-1.56862986087799,-0.432254999876022,0.319555073976517,-0.0861083194613457,68.115250441,-69.9401293795,-3.2668842835,-0.488722339593956,0.378798916831695,1.62992398201415
-23.6129760742188,-4.1961669921875,-282.821655273438,-35.7437133789063,2.6702880859375,-358.352661132813,2.92247128486633,-9.23114204406738,-5.12998390197754,-0.816218197345734,-0.011602807790041,-0.270629912614822,-2.14414381980896,-5.03257465362549,7.79614114761353,-0.0901120603084564,-0.0492480508983135,0.0880998745560646,0.0322202928364277,-6.53398513793945,6.26652479171753,2.09130835533142,-1.16736531257629,-0.0443068966269493,-0.493505984544754,-10.0941944122314,-1.56376767158508,-0.42916277050972,0.318448841571808,-0.0880002677440643,68.217544304,-69.997701903,-3.271777439,-0.490546813474675,0.37839536803558,1.63345656506597
-23.651123046875,-4.3487548828125,-282.89794921875,-35.70556640625,2.5177001953125,-358.428955078125,2.952476978302,-9.28320026397705,-5.09299325942993,-0.815970301628113,-0.00781537778675556,-0.270356357097626,-2.1339156627655,-5.02426195144653,7.79994583129883,-0.0913440212607384,-0.0511044897139072,0.0869326144456863,0.0448973886668682,-6.53165626525879,6.25357294082642,2.08331894874573,-1.16670155525208,-0.035648237913847,-0.500239253044128,-10.0965623855591,-1.55498695373535,-0.425469279289246,0.317758351564407,-0.0894040316343307,68.319838167,-70.0552744265,-3.2766705945,-0.492371287355395,0.377991819239466,1.63698914811778
-23.3840942382813,-4.46319580078125,-282.89794921875,-35.6674194335938,2.47955322265625,-358.505249023438,2.97706699371338,-9.3368501663208,-5.06009674072266,-0.815593957901001,-0.00359158753417432,-0.271057993173599,-2.1175103187561,-5.01650476455688,7.80262327194214,-0.0929790139198303,-0.0525260344147682,0.0861238986253738,0.0556534230709076,-6.53281116485596,6.24654531478882,2.07364082336426,-1.16059708595276,-0.0276862140744925,-0.507527410984039,-10.1017789840698,-1.5422877073288,-0.421174496412277,0.317483633756638,-0.0903195962309837,68.42213203,-70.11284695,-3.28156375,-0.494195761236114,0.377588270443351,1.6405217311696
-23.1170654296875,-4.57763671875,-282.89794921875,-35.6292724609375,2.44140625,-358.58154296875,3.00165677070618,-9.39049911499023,-5.02720069885254,-0.815217614173889,0.000632202601991594,-0.27175959944725,-2.1011049747467,-5.00874757766724,7.80530023574829,-0.0946140140295029,-0.0539475791156292,0.0853151828050613,0.0664094612002373,-6.53396606445313,6.23951768875122,2.06396293640137,-1.15449249744415,-0.0197241883724928,-0.514815628528595,-10.1069955825806,-1.52958846092224,-0.416879713535309,0.317208915948868,-0.0912351608276367,68.422247994,-70.1130205885,-3.2816884035,-0.495197599666658,0.376921085363705,1.64412859247262
-23.0026245117188,-4.8065185546875,-282.974243164063,-35.5911254882813,2.5177001953125,-358.505249023438,3.02624678611755,-9.44414901733398,-4.99430418014526,-0.814841270446777,0.00485599273815751,-0.272461235523224,-2.0846996307373,-5.00099039077759,7.8079776763916,-0.0962490141391754,-0.0553691238164902,0.0845064595341682,0.0771654918789864,-6.53512096405029,6.23249006271362,2.05428504943848,-1.14838802814484,-0.0117621636018157,-0.522103786468506,-10.1122121810913,-1.51688921451569,-0.41258493065834,0.316934198141098,-0.0921507254242897,68.422363958,-70.113194227,-3.281813057,-0.496199438097201,0.376253900284058,1.64773545377564
-22.88818359375,-5.035400390625,-283.050537109375,-35.552978515625,2.593994140625,-358.428955078125,3.05083680152893,-9.49779891967773,-4.96140813827515,-0.814464926719666,0.00907978322356939,-0.273162871599197,-2.06829428672791,-4.99323320388794,7.81065511703491,-0.0978840067982674,-0.0567906685173512,0.0836977437138557,0.087921530008316,-6.53627586364746,6.22546243667603,2.04460692405701,-1.14228355884552,-0.00380013883113861,-0.529391944408417,-10.1174287796021,-1.50418984889984,-0.408290147781372,0.316659480333328,-0.0930662900209427,68.422479922,-70.1133678655,-3.2819377105,-0.497201276527744,0.375586715204411,1.65134231507866
-22.6211547851563,-5.340576171875,-282.821655273438,-35.6292724609375,2.44140625,-358.505249023438,3.07542681694031,-9.55144786834717,-4.92851209640503,-0.814088582992554,0.01330357324332,-0.273864477872849,-2.05188918113708,-4.98547601699829,7.81333208084106,-0.0995190069079399,-0.0582122169435024,0.0828890278935432,0.0986775681376457,-6.53743076324463,6.21843481063843,2.03492903709412,-1.1361790895462,0.00416188593953848,-0.536680161952972,-10.1226453781128,-1.49149060249329,-0.403995394706726,0.316384762525558,-0.0939818620681763,68.422595886,-70.113541504,-3.282062364,-0.498203114958287,0.374919530124764,1.65494917638168
-22.3541259765625,-5.645751953125,-282.5927734375,-35.70556640625,2.288818359375,-358.58154296875,3.10001683235168,-9.60509777069092,-4.89561557769775,-0.813712239265442,0.017527362331748,-0.274566113948822,-2.03548383712769,-4.97771883010864,7.81600952148438,-0.101154007017612,-0.0596337616443634,0.0820803120732307,0.109433598816395,-6.5385856628418,6.21140718460083,2.02525115013123,-1.13007462024689,0.0121239107102156,-0.543968319892883,-10.1278619766235,-1.47879135608673,-0.399700611829758,0.316110044717789,-0.0948974266648293,68.42271185,-70.1137151425,-3.2821870175,-0.499204953388831,0.374252345045118,1.6585560376847
-22.4685668945313,-5.76019287109375,-282.363891601563,-35.858154296875,2.288818359375,-358.352661132813,3.12460660934448,-9.65874767303467,-4.86271953582764,-0.81333589553833,0.0217511542141438,-0.275267720222473,-2.01907849311829,-4.96996164321899,7.81868648529053,-0.102788999676704,-0.0610553063452244,0.0812715962529182,0.120189636945724,-6.53974008560181,6.20438003540039,2.01557302474976,-1.12397003173828,0.0200859364122152,-0.551256537437439,-10.1330795288086,-1.46609210968018,-0.395405828952789,0.315835297107697,-0.0958129912614822,68.422827814,-70.113888781,-3.282311671,-0.500206791819374,0.373585159965471,1.66216289898773
-22.5830078125,-5.8746337890625,-282.135009765625,-36.0107421875,2.288818359375,-358.123779296875,3.14919662475586,-9.7123966217041,-4.82982301712036,-0.812959551811218,0.0259749442338943,-0.275969356298447,-2.00267314910889,-4.96220445632935,7.82136392593384,-0.104423999786377,-0.0624768510460854,0.0804628804326057,0.130945667624474,-6.54089498519897,6.19735240936279,2.00589513778687,-1.11786556243896,0.0280479602515697,-0.55854469537735,-10.1382961273193,-1.45339274406433,-0.391111046075821,0.315560579299927,-0.0967285558581352,68.422943778,-70.1140624195,-3.2824363245,-0.501208630249917,0.372917974885824,1.66576976029075
-22.430419921875,-6.103515625,-282.211303710938,-35.858154296875,2.25067138671875,-358.123779296875,3.17378664016724,-9.76604652404785,-4.79692697525024,-0.812583208084106,0.0301987342536449,-0.27667099237442,-1.98626792430878,-4.9544472694397,7.82404136657715,-0.106058992445469,-0.0638983994722366,0.0796541646122932,0.141701713204384,-6.54204988479614,6.1903247833252,1.99621713161469,-1.11176109313965,0.0360099859535694,-0.565832853317261,-10.1435127258301,-1.44069349765778,-0.386816263198853,0.315285861492157,-0.0976441204547882,68.423059742,-70.114236058,-3.282560978,-0.50221046868046,0.372250789806178,1.66937662159377
-22.27783203125,-6.3323974609375,-282.28759765625,-35.70556640625,2.2125244140625,-358.123779296875,3.19837665557861,-9.8196964263916,-4.76403045654297,-0.812206864356995,0.0344225242733955,-0.277372598648071,-1.96986258029938,-4.94669008255005,7.8267183303833,-0.107693992555141,-0.0653199404478073,0.0788454413414001,0.152457743883133,-6.54320478439331,6.1832971572876,1.9865391254425,-1.10565662384033,0.0439720116555691,-0.573121070861816,-10.1487293243408,-1.42799425125122,-0.382521480321884,0.315011143684387,-0.0985596850514412,68.423175706,-70.1144096965,-3.2826856315,-0.503212307111004,0.371583604726531,1.67298348289679
-22.2396850585938,-6.29425048828125,-282.211303710938,-35.6292724609375,2.17437744140625,-358.352661132813,3.22296643257141,-9.87334632873535,-4.73113441467285,-0.811830520629883,0.0386463142931461,-0.278074234724045,-1.95345723628998,-4.9389328956604,7.82939577102661,-0.109328992664814,-0.0667414888739586,0.0780367255210876,0.163213774561882,-6.54435968399048,6.17626953125,1.97686111927032,-1.09955203533173,0.0519340336322784,-0.580409228801727,-10.1539459228516,-1.41529500484467,-0.378226727247238,0.314736425876617,-0.0994752570986748,68.42329167,-70.114583335,-3.282810285,-0.504214145541547,0.370916419646884,1.67659034419981
-22.2015380859375,-6.256103515625,-282.135009765625,-35.552978515625,2.13623046875,-358.58154296875,3.24755644798279,-9.92699527740479,-4.69823789596558,-0.811454176902771,0.0428701043128967,-0.278775840997696,-1.93705201148987,-4.93117570877075,7.83207273483276,-0.110963985323906,-0.0681630298495293,0.0772280097007751,0.173969820141792,-6.54551458358765,6.1692419052124,1.96718323230743,-1.09344756603241,0.0598960593342781,-0.587697446346283,-10.1591625213623,-1.40259563922882,-0.37393194437027,0.314461708068848,-0.100390821695328,68.423407634,-70.1147569735,-3.2829349385,-0.50521598397209,0.370249234567237,1.68019720550284
-22.0489501953125,-6.3323974609375,-281.982421875,-35.5148315429688,1.94549560546875,-358.2763671875,3.27214646339417,-9.98064517974854,-4.66534185409546,-0.811077833175659,0.0470938943326473,-0.279477477073669,-1.92064666748047,-4.9234185218811,7.83475017547607,-0.112598985433578,-0.0695845782756805,0.0764192938804626,0.184725850820541,-6.54666948318481,6.1622142791748,1.95750522613525,-1.08734309673309,0.0678580850362778,-0.594985604286194,-10.164379119873,-1.38989639282227,-0.369637161493301,0.314186990261078,-0.101306386291981,68.423523598,-70.114930612,-3.283059592,-0.506217822402633,0.369582049487591,1.68380406680586
-21.8963623046875,-6.40869140625,-281.829833984375,-35.4766845703125,1.7547607421875,-357.97119140625,3.27553582191467,-10.0063133239746,-4.64402484893799,-0.81074470281601,0.0521084368228912,-0.28261262178421,-1.89128839969635,-4.91196584701538,7.8364896774292,-0.114106997847557,-0.0693203508853912,0.0760937482118607,0.193787664175034,-6.56241130828857,6.17397451400757,1.95201683044434,-1.077357172966,0.0736816748976707,-0.602159678936005,-10.1719417572021,-1.38057053089142,-0.364192843437195,0.314596325159073,-0.101509891450405,68.423639562,-70.1151042505,-3.2831842455,-0.507219660833176,0.368914864407944,1.68741092810888
-21.5530395507813,-6.67572021484375,-281.600952148438,-35.5148315429688,1.8310546875,-358.505249023438,3.27892518043518,-10.0319814682007,-4.62270736694336,-0.81041157245636,0.0571229793131351,-0.285747766494751,-1.86193013191223,-4.90051317214966,7.83822870254517,-0.115615010261536,-0.0690561234951019,0.0757682025432587,0.202849462628365,-6.57815313339233,6.18573427200317,1.94652843475342,-1.0673713684082,0.0795052647590637,-0.609333693981171,-10.1795043945313,-1.37124466896057,-0.358748525381088,0.315005660057068,-0.101713389158249,68.423755526,-70.115277889,-3.283308899,-0.50822149926372,0.368247679328297,1.6910177894119
-21.209716796875,-6.9427490234375,-281.3720703125,-35.552978515625,1.9073486328125,-359.039306640625,3.28231453895569,-10.0576496124268,-4.60139036178589,-0.81007844209671,0.0621375218033791,-0.288882911205292,-1.8325719833374,-4.88906049728394,7.83996820449829,-0.117123022675514,-0.0687918961048126,0.0754426568746567,0.211911275982857,-6.59389495849609,6.19749450683594,1.94103991985321,-1.05738544464111,0.0853288546204567,-0.616507768630981,-10.1870679855347,-1.36191880702972,-0.353304207324982,0.315414994955063,-0.101916894316673,68.42387149,-70.1154515275,-3.2834335525,-0.509223337694263,0.367580494248651,1.69462465071492
-21.2478637695313,-7.0953369140625,-281.219482421875,-35.552978515625,1.8310546875,-359.039306640625,3.2857038974762,-10.0833177566528,-4.58007287979126,-0.809745311737061,0.0671520605683327,-0.292018055915833,-1.80321371555328,-4.87760782241821,7.84170770645142,-0.118631035089493,-0.0685276687145233,0.0751171112060547,0.220973089337349,-6.60963678359985,6.2092547416687,1.93555152416229,-1.04739964008331,0.0911524444818497,-0.623681783676147,-10.1946306228638,-1.35259294509888,-0.347859889268875,0.315824329853058,-0.102120399475098,68.423987454,-70.115625166,-3.283558206,-0.510225176124806,0.366913309169004,1.69823151201795
-21.2860107421875,-7.2479248046875,-281.06689453125,-35.552978515625,1.7547607421875,-359.039306640625,3.2890932559967,-10.1089868545532,-4.55875587463379,-0.809412181377411,0.0721666067838669,-0.295153200626373,-1.77385544776917,-4.86615514755249,7.84344673156738,-0.120139047503471,-0.068263441324234,0.0747915655374527,0.230034902691841,-6.62537908554077,6.22101449966431,1.93006312847137,-1.03741371631622,0.0969760343432426,-0.630855858325958,-10.2021932601929,-1.34326696395874,-0.342415541410446,0.316233694553375,-0.102323897182941,68.424103418,-70.1157988045,-3.2836828595,-0.511227014555349,0.366246124089357,1.70183837332097
-21.2860107421875,-7.36236572265625,-281.06689453125,-35.5148315429688,1.7547607421875,-359.420776367188,3.29248261451721,-10.1346549987793,-4.53743886947632,-0.809079051017761,0.0771811455488205,-0.298288345336914,-1.74449717998505,-4.85470247268677,7.84518623352051,-0.12164705991745,-0.0679992139339447,0.0744660198688507,0.239096701145172,-6.64112091064453,6.23277473449707,1.92457473278046,-1.02742779254913,0.102799624204636,-0.638029873371124,-10.209755897522,-1.33394110202789,-0.33697122335434,0.31664302945137,-0.102527402341366,68.424219382,-70.115972443,-3.283807513,-0.512228852985893,0.365578939009711,1.70544523462399
-21.2860107421875,-7.476806640625,-281.06689453125,-35.4766845703125,1.7547607421875,-359.80224609375,3.29587173461914,-10.1603231430054,-4.51612138748169,-0.808745920658112,0.0821956917643547,-0.301423490047455,-1.71513891220093,-4.84324979782104,7.84692525863647,-0.123155079782009,-0.0677349865436554,0.0741404816508293,0.248158514499664,-6.65686273574829,6.24453496932983,1.91908621788025,-1.01744198799133,0.108623214066029,-0.645203948020935,-10.2173194885254,-1.32461524009705,-0.331526905298233,0.317052364349365,-0.10273090004921,68.424335346,-70.1161460815,-3.2839321665,-0.513230691416436,0.364911753930064,1.70905209592701
-21.0952758789063,-7.43865966796875,-280.532836914063,-35.6292724609375,1.71661376953125,-360.107421875,3.29926109313965,-10.1859912872314,-4.49480438232422,-0.808412790298462,0.0872102305293083,-0.304558634757996,-1.68578064441681,-4.83179712295532,7.8486647605896,-0.124663092195988,-0.0674707591533661,0.0738149359822273,0.257220327854156,-6.67260456085205,6.25629472732544,1.91359782218933,-1.00745606422424,0.114446803927422,-0.652377963066101,-10.2248821258545,-1.3152893781662,-0.326082587242126,0.31746169924736,-0.102934405207634,68.42445131,-70.11631972,-3.28405682,-0.514232529846979,0.364244568850417,1.71265895723003
-20.904541015625,-7.4005126953125,-279.998779296875,-35.7818603515625,1.678466796875,-360.41259765625,3.30265045166016,-10.2116594314575,-4.47348690032959,-0.808079659938812,0.0922247767448425,-0.307693779468536,-1.65642249584198,-4.8203444480896,7.85040426254272,-0.126171097159386,-0.0672065317630768,0.0734893903136253,0.266282141208649,-6.68834638595581,6.2680549621582,1.90810942649841,-0.997470200061798,0.120270393788815,-0.659552037715912,-10.2324447631836,-1.30596351623535,-0.32063826918602,0.317871034145355,-0.103137910366058,68.5931097445,-70.363846463,-3.285480627,-0.513940468150279,0.364339412596217,1.71602234202084
-20.8282470703125,-7.51495361328125,-280.1513671875,-35.6674194335938,1.48773193359375,-360.641479492188,3.30603981018066,-10.2373275756836,-4.45216989517212,-0.807746529579163,0.0972393155097961,-0.310828924179077,-1.62706422805786,-4.80889177322388,7.85214328765869,-0.127679109573364,-0.0669423043727875,0.0731638446450233,0.275343954563141,-6.70408821105957,6.27981519699097,1.9026210308075,-0.987484335899353,0.126093983650208,-0.666726052761078,-10.2400074005127,-1.2966376543045,-0.315193951129913,0.31828036904335,-0.103341408073902,68.761768179,-70.611373206,-3.286904434,-0.513648406453578,0.364434256342016,1.71938572681165
-20.751953125,-7.62939453125,-280.303955078125,-35.552978515625,1.2969970703125,-360.870361328125,3.30942916870117,-10.2629957199097,-4.43085289001465,-0.807413399219513,0.10225386172533,-0.313964068889618,-1.59770596027374,-4.79743909835815,7.85388278961182,-0.129187121987343,-0.0666780769824982,0.0728382989764214,0.284405738115311,-6.71983003616333,6.29157495498657,1.89713263511658,-0.977498471736908,0.131917580962181,-0.673900127410889,-10.2475700378418,-1.28731179237366,-0.309749633073807,0.318689703941345,-0.103544913232327,68.9304266135,-70.858899949,-3.288328241,-0.513356344756878,0.364529100087816,1.72274911160246
-20.599365234375,-7.59124755859375,-280.227661132813,-35.5911254882813,1.41143798828125,-361.251831054688,3.31281852722168,-10.2886638641357,-4.40953540802002,-0.807080268859863,0.107268400490284,-0.317099213600159,-1.56834769248962,-4.78598642349243,7.85562229156494,-0.130695134401321,-0.0664138495922089,0.0725127533078194,0.293467551469803,-6.73557186126709,6.30333518981934,1.89164412021637,-0.967512607574463,0.137741163372993,-0.681074142456055,-10.2551336288452,-1.27798593044281,-0.3043053150177,0.31909903883934,-0.103748418390751,69.099085048,-71.106426692,-3.289752048,-0.513064283060178,0.364623943833616,1.72611249639327
-20.44677734375,-7.5531005859375,-280.1513671875,-35.6292724609375,1.52587890625,-361.63330078125,3.31620788574219,-10.3143320083618,-4.38821840286255,-0.806747138500214,0.112282946705818,-0.320234358310699,-1.53898942470551,-4.77453374862671,7.85736131668091,-0.1322031468153,-0.0661496222019196,0.0721872076392174,0.302529364824295,-6.75131368637085,6.3150954246521,1.88615572452545,-0.957526743412018,0.143564760684967,-0.688248217105865,-10.2626962661743,-1.26866006851196,-0.298860996961594,0.319508373737335,-0.103951916098595,69.2677434825,-71.353953435,-3.291175855,-0.512772221363477,0.364718787579415,1.72947588118408
-20.599365234375,-7.62939453125,-279.769897460938,-35.5148315429688,1.4495849609375,-361.9384765625,3.30772113800049,-10.3228549957275,-4.37512159347534,-0.8060262799263,0.117095395922661,-0.323715448379517,-1.51480138301849,-4.76726770401001,7.85523414611816,-0.133544594049454,-0.0650525838136673,0.0722723081707954,0.306866556406021,-6.76193761825562,6.3158745765686,1.88319253921509,-0.946284830570221,0.147814333438873,-0.692362010478973,-10.2709283828735,-1.27409756183624,-0.29479593038559,0.319988965988159,-0.103940539062023,69.436401917,-71.601480178,-3.292599662,-0.512480159666777,0.364813631325215,1.73283926597489
-20.751953125,-7.7056884765625,-279.388427734375,-35.400390625,1.373291015625,-362.24365234375,3.28735852241516,-10.3142328262329,-4.3702449798584,-0.804917693138123,0.121705763041973,-0.327542454004288,-1.49578332901001,-4.76418828964233,7.84923982620239,-0.13471944630146,-0.0631227418780327,0.072768047451973,0.306479156017303,-6.76744365692139,6.30567312240601,1.88275456428528,-0.933786869049072,0.150489896535873,-0.693415641784668,-10.2798299789429,-1.29429864883423,-0.29211014509201,0.320540755987167,-0.103714272379875,69.6050603515,-71.849006921,-3.294023469,-0.512188097970077,0.364908475071014,1.7362026507657
-20.44677734375,-7.7056884765625,-279.159545898438,-35.400390625,1.068115234375,-362.548828125,3.26699566841125,-10.305609703064,-4.36536836624146,-0.80380916595459,0.126316130161285,-0.331369489431381,-1.47676539421082,-4.76110887527466,7.84324598312378,-0.135894298553467,-0.0611928924918175,0.0732637867331505,0.306091755628586,-6.77294921875,6.29547166824341,1.88231658935547,-0.921288907527924,0.153165474534035,-0.694469273090363,-10.2887306213379,-1.31449961662292,-0.289424359798431,0.321092575788498,-0.103488005697727,69.773718786,-72.096533664,-3.295447276,-0.511896036273377,0.365003318816814,1.73956603555651
-20.1416015625,-7.7056884765625,-278.9306640625,-35.400390625,0.762939453125,-362.85400390625,3.24663305282593,-10.2969875335693,-4.36049175262451,-0.802700579166412,0.130926489830017,-0.335196495056152,-1.45774745941162,-4.75802993774414,7.83725166320801,-0.137069150805473,-0.0592630468308926,0.073759526014328,0.305704355239868,-6.77845478057861,6.28526973724365,1.88187849521637,-0.908790946006775,0.155841037631035,-0.695522904396057,-10.2976322174072,-1.33470070362091,-0.286738574504852,0.321644365787506,-0.103261739015579,69.9423772205,-72.344060407,-3.296871083,-0.511603974576676,0.365098162562614,1.74292942034732
-20.1797485351563,-7.781982421875,-278.472900390625,-35.400390625,0.72479248046875,-363.235473632813,3.22627019882202,-10.2883653640747,-4.35561561584473,-0.801591992378235,0.13553686439991,-0.339023530483246,-1.43872940540314,-4.75495052337646,7.83125734329224,-0.13824400305748,-0.0573331974446774,0.0742552652955055,0.305316954851151,-6.78396081924438,6.27506828308105,1.88144052028656,-0.896292984485626,0.158516600728035,-0.696576535701752,-10.3065338134766,-1.3549017906189,-0.284052789211273,0.322196185588837,-0.103035472333431,70.111035655,-72.59158715,-3.29829489,-0.511311912879976,0.365193006308413,1.74629280513813
-20.2178955078125,-7.8582763671875,-278.01513671875,-35.400390625,0.6866455078125,-363.616943359375,3.20590734481812,-10.2797422409058,-4.35073900222778,-0.800483465194702,0.140147224068642,-0.342850565910339,-1.41971147060394,-4.75187110900879,7.82526350021362,-0.139418870210648,-0.0554033517837524,0.074751004576683,0.304929554462433,-6.789466381073,6.26486682891846,1.88100254535675,-0.883795082569122,0.161192163825035,-0.697630167007446,-10.3154354095459,-1.37510275840759,-0.281367003917694,0.322748005390167,-0.102809205651283,70.2796940895,-72.839113893,-3.299718697,-0.511019851183276,0.365287850054213,1.74965618992894
-20.0653076171875,-7.74383544921875,-277.862548828125,-35.400390625,0.6103515625,-363.76953125,3.18554472923279,-10.2711200714111,-4.34586238861084,-0.799374878406525,0.144757583737373,-0.34667757153511,-1.40069353580475,-4.74879169464111,7.81926918029785,-0.140593722462654,-0.0534735061228275,0.0752467438578606,0.304542154073715,-6.79497194290161,6.25466537475586,1.88056457042694,-0.871297121047974,0.163867726922035,-0.698683798313141,-10.3243370056152,-1.39530384540558,-0.278681218624115,0.323299795389175,-0.102582938969135,70.448352524,-73.086640636,-3.301142504,-0.510727789486575,0.365382693800012,1.75301957471975
-19.9127197265625,-7.62939453125,-277.7099609375,-35.400390625,0.5340576171875,-363.922119140625,3.16518187522888,-10.2624969482422,-4.3409857749939,-0.798266351222992,0.149367958307266,-0.350504606962204,-1.38167548179626,-4.74571228027344,7.81327533721924,-0.141768574714661,-0.0515436604619026,0.0757424831390381,0.304154753684998,-6.80047798156738,6.24446392059326,1.88012659549713,-0.858799159526825,0.166543304920197,-0.699737429618835,-10.3332376480103,-1.41550481319427,-0.275995403528214,0.323851615190506,-0.102356672286987,70.6170109585,-73.334167379,-3.302566311,-0.510435727789875,0.365477537545812,1.75638295951056
-19.989013671875,-7.74383544921875,-277.786254882813,-35.5148315429688,0.49591064453125,-364.608764648438,3.14481925964355,-10.2538747787476,-4.33610963821411,-0.797157764434814,0.153978317975998,-0.354331612586975,-1.36265754699707,-4.74263286590576,7.80728101730347,-0.142943426966667,-0.0496138110756874,0.0762382224202156,0.30376735329628,-6.805983543396,6.23426246643066,1.87968862056732,-0.846301198005676,0.169218868017197,-0.70079106092453,-10.3421392440796,-1.43570590019226,-0.273309618234634,0.324403405189514,-0.102130405604839,70.785669393,-73.581694122,-3.303990118,-0.510143666093175,0.365572381291612,1.75974634430137
-20.0653076171875,-7.8582763671875,-277.862548828125,-35.6292724609375,0.457763671875,-365.29541015625,3.12445640563965,-10.2452526092529,-4.33123302459717,-0.796049177646637,0.158588692545891,-0.358158648014069,-1.34363949298859,-4.73955345153809,7.8012866973877,-0.144118279218674,-0.0476839654147625,0.0767339691519737,0.303379952907562,-6.81148958206177,6.22406101226807,1.87925064563751,-0.833803236484528,0.171894431114197,-0.701844692230225,-10.3510408401489,-1.45590698719025,-0.270623832941055,0.324955224990845,-0.101904146373272,70.9543278275,-73.829220865,-3.305413925,-0.509851604396474,0.365667225037411,1.76310972909218
-19.989013671875,-7.781982421875,-277.633666992188,-35.6674194335938,0.30517578125,-365.753173828125,3.10409379005432,-10.236629486084,-4.32635641098022,-0.794940650463104,0.163199052214622,-0.36198565363884,-1.32462155818939,-4.73647451400757,7.79529285430908,-0.14529313147068,-0.0457541197538376,0.0772297084331512,0.302992552518845,-6.81699514389038,6.21385908126831,1.87881255149841,-0.821305274963379,0.174569994211197,-0.702898323535919,-10.3599424362183,-1.47610795497894,-0.267938047647476,0.325507014989853,-0.101677879691124,71.122986262,-74.076747608,-3.306837732,-0.509559542699774,0.365762068783211,1.76647311388299
-19.9127197265625,-7.7056884765625,-277.40478515625,-35.70556640625,0.152587890625,-366.2109375,3.08373093605042,-10.2280073165894,-4.32147979736328,-0.793832063674927,0.167809411883354,-0.365812689065933,-1.3056036233902,-4.73339509963989,7.78929853439331,-0.146467998623848,-0.0438242740929127,0.0777254477143288,0.302605152130127,-6.82250070571899,6.20365762710571,1.8783745765686,-0.808807373046875,0.177245572209358,-0.703951954841614,-10.3688430786133,-1.49630904197693,-0.265252262353897,0.326058834791183,-0.101451613008976,71.2916446965,-74.324274351,-3.308261539,-0.509267481003074,0.365856912529011,1.7698364986738
-20.0271606445313,-7.66754150390625,-277.557373046875,-35.5911254882813,0.11444091796875,-366.897583007813,3.06336832046509,-10.2193841934204,-4.3166036605835,-0.792723536491394,0.172419786453247,-0.369639694690704,-1.28658556938171,-4.73031568527222,7.7833046913147,-0.147642850875854,-0.0418944247066975,0.0782211869955063,0.302217751741409,-6.82800674438477,6.19345617294312,1.87793660163879,-0.796309411525726,0.179921135306358,-0.705005586147308,-10.3777446746826,-1.51651000976563,-0.262566477060318,0.326610624790192,-0.101225346326828,71.460303131,-74.571801094,-3.309685346,-0.508975419306373,0.36595175627481,1.77319988346461
-20.1416015625,-7.62939453125,-277.7099609375,-35.4766845703125,0.0762939453125,-367.584228515625,3.04300546646118,-10.2107620239258,-4.31172704696655,-0.791614949703217,0.177030146121979,-0.373466730117798,-1.26756763458252,-4.72723627090454,7.77731037139893,-0.148817703127861,-0.0399645790457726,0.0787169262766838,0.301830351352692,-6.83351230621338,6.18325471878052,1.87749862670898,-0.783811450004578,0.182596698403358,-0.706059217453003,-10.386646270752,-1.53671109676361,-0.259880691766739,0.327162444591522,-0.10099907964468,71.6289615655,-74.819327837,-3.311109153,-0.508683357609673,0.36604660002061,1.77656326825542
-20.0653076171875,-7.62939453125,-277.557373046875,-35.5911254882813,-0.152587890625,-368.118286132813,3.01766109466553,-10.1634206771851,-4.32502031326294,-0.789725601673126,0.179309085011482,-0.376902431249619,-1.27455461025238,-4.74308061599731,7.76695585250854,-0.148945033550262,-0.0378614664077759,0.0796094909310341,0.320877373218536,-6.83355855941772,6.14794731140137,1.87861752510071,-0.76895546913147,0.181559681892395,-0.706173479557037,-10.4005365371704,-1.5774427652359,-0.258921802043915,0.327836334705353,-0.0998904705047607,71.79762,-75.06685458,-3.31253296,-0.508391295912973,0.366141443766409,1.77992665304623
-19.989013671875,-7.62939453125,-277.40478515625,-35.70556640625,-0.3814697265625,-368.65234375,2.99231672286987,-10.11607837677,-4.33831357955933,-0.787836194038391,0.181588038802147,-0.380338132381439,-1.28154170513153,-4.75892496109009,7.75660085678101,-0.149072363972664,-0.0357583537697792,0.080502063035965,0.339924395084381,-6.83360433578491,6.11264038085938,1.87973630428314,-0.754099428653717,0.180522680282593,-0.706287741661072,-10.4144258499146,-1.61817455291748,-0.257962942123413,0.328510195016861,-0.0987818613648415,71.815880832,-75.0867227715,-3.312346861,-0.506485682866326,0.367697136594174,1.78294500310642
-19.9508666992188,-7.4005126953125,-277.099609375,-35.6292724609375,-0.49591064453125,-369.186401367188,2.96697211265564,-10.0687370300293,-4.35160636901855,-0.785946846008301,0.18386697769165,-0.38377383351326,-1.28852868080139,-4.77476930618286,7.74624633789063,-0.149199694395065,-0.0336552411317825,0.0813946276903152,0.358971416950226,-6.83365058898926,6.07733297348022,1.88085520267487,-0.739243447780609,0.179485663771629,-0.706402063369751,-10.428316116333,-1.65890622138977,-0.257004052400589,0.329184085130692,-0.0976732522249222,71.834141664,-75.106590963,-3.312160762,-0.504580069819679,0.369252829421938,1.7859633531666
-19.9127197265625,-7.171630859375,-276.79443359375,-35.552978515625,-0.6103515625,-369.720458984375,2.94162774085999,-10.0213947296143,-4.36489963531494,-0.78405749797821,0.186145916581154,-0.387209534645081,-1.29551565647125,-4.79061365127563,7.73589134216309,-0.149327024817467,-0.0315521284937859,0.0822871923446655,0.378018468618393,-6.83369636535645,6.04202604293823,1.8819739818573,-0.724387466907501,0.178448662161827,-0.706516325473785,-10.4422054290771,-1.69963800907135,-0.256045192480087,0.3298579454422,-0.0965646430850029,71.852402496,-75.1264591545,-3.311974663,-0.502674456773031,0.370808522249702,1.78898170322679
-19.9508666992188,-7.13348388671875,-276.565551757813,-35.7437133789063,-0.6866455078125,-370.4833984375,2.91628336906433,-9.97405338287354,-4.37819290161133,-0.78216814994812,0.188424870371819,-0.390645235776901,-1.30250263214111,-4.80645799636841,7.72553682327271,-0.149454370141029,-0.029449013993144,0.0831797569990158,0.397065490484238,-6.83374261856079,6.00671863555908,1.88309288024902,-0.709531426429749,0.177411645650864,-0.70663058757782,-10.4560956954956,-1.74036967754364,-0.255086302757263,0.33053183555603,-0.095456026494503,71.870663328,-75.146327346,-3.311788564,-0.500768843726385,0.372364215077466,1.79200005328698
-19.989013671875,-7.0953369140625,-276.336669921875,-35.9344482421875,-0.762939453125,-371.246337890625,2.89093899726868,-9.92671203613281,-4.39148616790771,-0.780278742313385,0.190703809261322,-0.394080936908722,-1.30948972702026,-4.82230234146118,7.71518230438232,-0.149581700563431,-0.0273459013551474,0.0840723291039467,0.416112512350082,-6.83378839492798,5.97141170501709,1.88421165943146,-0.694675445556641,0.176374644041061,-0.706744849681854,-10.4699859619141,-1.78110146522522,-0.254127413034439,0.331205695867538,-0.0943474173545837,71.88892416,-75.1661955375,-3.311602465,-0.498863230679738,0.37391990790523,1.79501840334716
-20.1034545898438,-6.7138671875,-276.4892578125,-35.6674194335938,-0.762939453125,-371.856689453125,2.86559438705444,-9.87936973571777,-4.40477895736694,-0.778389394283295,0.192982748150826,-0.397516638040543,-1.31647670269012,-4.83814668655396,7.70482730865479,-0.149709030985832,-0.0252427868545055,0.084964893758297,0.435159534215927,-6.83383464813232,5.93610429763794,1.88533055782318,-0.679819405078888,0.175337627530098,-0.706859111785889,-10.4838752746582,-1.82183313369751,-0.253168553113937,0.331879585981369,-0.0932388082146645,71.907184992,-75.186063729,-3.311416366,-0.49695761763309,0.375475600732995,1.79803675340735
-20.2178955078125,-6.3323974609375,-276.641845703125,-35.400390625,-0.762939453125,-372.467041015625,2.84025001525879,-9.83202838897705,-4.41807222366333,-0.776500046253204,0.19526170194149,-0.400952339172363,-1.32346367835999,-4.85399103164673,7.6944727897644,-0.149836361408234,-0.0231396742165089,0.0858574584126472,0.454206556081772,-6.83388042449951,5.90079736709595,1.88644933700562,-0.66496342420578,0.174300625920296,-0.706973373889923,-10.4977655410767,-1.86256492137909,-0.252209663391113,0.332553446292877,-0.0921301990747452,71.925445824,-75.2059319205,-3.311230267,-0.495052004586444,0.377031293560759,1.80105510346754
-20.2560424804688,-6.44683837890625,-276.4892578125,-35.4766845703125,-0.80108642578125,-372.9248046875,2.81490564346313,-9.78468608856201,-4.43136548995972,-0.774610638618469,0.197540640830994,-0.404388040304184,-1.33045065402985,-4.8698353767395,7.68411779403687,-0.149963691830635,-0.0210365615785122,0.0867500305175781,0.473253577947617,-6.83392667770386,5.8654899597168,1.88756823539734,-0.650107443332672,0.173263609409332,-0.707087695598602,-10.5116548538208,-1.90329658985138,-0.251250803470612,0.333227336406708,-0.0910215899348259,71.943706656,-75.225800112,-3.311044168,-0.493146391539796,0.378586986388523,1.80407345352772
-20.294189453125,-6.561279296875,-276.336669921875,-35.552978515625,-0.8392333984375,-373.382568359375,2.78956127166748,-9.73734474182129,-4.4446587562561,-0.772721290588379,0.199819579720497,-0.407823741436005,-1.337437748909,-4.88567972183228,7.67376327514648,-0.150091022253036,-0.0189334489405155,0.0876425951719284,0.492300599813461,-6.83397245407104,5.8301830291748,1.88868713378906,-0.635251402854919,0.17222660779953,-0.707201957702637,-10.5255451202393,-1.94402825832367,-0.250291913747787,0.333901226520538,-0.0899129807949066,71.961967488,-75.2456683035,-3.310858069,-0.491240778493149,0.380142679216287,1.80709180358791
-20.3704833984375,-6.561279296875,-276.336669921875,-35.5911254882813,-1.068115234375,-374.221801757813,2.76421689987183,-9.69000339508057,-4.45795202255249,-0.770831942558289,0.202098533511162,-0.411259442567825,-1.34442472457886,-4.90152406692505,7.6634087562561,-0.150218352675438,-0.0168303363025188,0.0885351598262787,0.511347651481628,-6.83401870727539,5.79487562179565,1.8898059129715,-0.620395421981812,0.171189591288567,-0.707316219806671,-10.5394353866577,-1.98476004600525,-0.249333038926125,0.334575086832047,-0.0888043716549873,71.98022832,-75.265536495,-3.31067197,-0.489335165446502,0.381698372044051,1.8101101536481
-20.44677734375,-6.561279296875,-276.336669921875,-35.6292724609375,-1.2969970703125,-375.06103515625,2.73887228965759,-9.64266109466553,-4.47124481201172,-0.768942534923553,0.204377472400665,-0.414695143699646,-1.35141170024872,-4.91736841201782,7.65305376052856,-0.150345683097839,-0.0147272227331996,0.0894277319312096,0.530394673347473,-6.83406448364258,5.75956869125366,1.89092481136322,-0.605539441108704,0.170152589678764,-0.707430481910706,-10.5533246994019,-2.02549171447754,-0.248374164104462,0.335248976945877,-0.0876957625150681,71.998489152,-75.2854046865,-3.310485871,-0.487429552399855,0.383254064871816,1.81312850370828
-20.294189453125,-6.1798095703125,-276.718139648438,-35.6674194335938,-1.41143798828125,-375.900268554688,2.71352791786194,-9.5953197479248,-4.48453807830811,-0.767053186893463,0.206656411290169,-0.418130844831467,-1.35839867591858,-4.9332127571106,7.64269924163818,-0.150473013520241,-0.0126241091638803,0.0903202965855598,0.549441695213318,-6.83411073684692,5.72426128387451,1.89204359054565,-0.590683400630951,0.169115573167801,-0.70754474401474,-10.5672149658203,-2.06622338294983,-0.247415289282799,0.335922837257385,-0.0865871533751488,72.016749984,-75.305272878,-3.310299772,-0.485523939353208,0.38480975769958,1.81614685376847
-20.1416015625,-5.79833984375,-277.099609375,-35.70556640625,-1.52587890625,-376.739501953125,2.69293165206909,-9.53686141967773,-4.51483774185181,-0.765297293663025,0.206182807683945,-0.420954972505569,-1.36821949481964,-4.95087194442749,7.63023948669434,-0.15027479827404,-0.0108223501592875,0.0910259932279587,0.568576693534851,-6.83203458786011,5.697509765625,1.89289808273315,-0.577033936977386,0.16722397506237,-0.702974557876587,-10.5864524841309,-2.09269595146179,-0.247954055666924,0.335882276296616,-0.0852407515048981,72.035010816,-75.3251410695,-3.310113673,-0.483618326306561,0.386365450527344,1.81916520382866
-20.3323364257813,-5.37872314453125,-277.099609375,-35.70556640625,-1.7547607421875,-377.50244140625,2.67708349227905,-9.46728706359863,-4.56214427947998,-0.763674855232239,0.202956661581993,-0.42316746711731,-1.38087403774261,-4.97034549713135,7.61567497253418,-0.149751022458076,-0.00932194385677576,0.0915448144078255,0.587799668312073,-6.82783603668213,5.67931413650513,1.89348816871643,-0.564590990543365,0.16447776556015,-0.693719863891602,-10.6110391616821,-2.10490942001343,-0.249990478157997,0.335127264261246,-0.0836565569043159,72.053271648,-75.345009261,-3.309927574,-0.481712713259914,0.387921143355108,1.82218355388884
-20.5230712890625,-4.9591064453125,-277.099609375,-35.70556640625,-1.983642578125,-378.265380859375,2.66123533248901,-9.39771270751953,-4.609450340271,-0.762052416801453,0.19973050057888,-0.425379991531372,-1.39352869987488,-4.98981952667236,7.60110998153687,-0.149227246642113,-0.00782153848558664,0.0920636355876923,0.607022643089294,-6.82363748550415,5.6611180305481,1.89407813549042,-0.552148103713989,0.161731570959091,-0.684465110301971,-10.6356258392334,-2.11712288856506,-0.252026915550232,0.334372282028198,-0.0820723623037338,72.07153248,-75.3648774525,-3.309741475,-0.479807100213267,0.389476836182872,1.82520190394903
-20.3704833984375,-4.76837158203125,-276.947021484375,-35.6292724609375,-1.9073486328125,-378.570556640625,2.64538717269897,-9.32813835144043,-4.65675640106201,-0.760429918766022,0.196504354476929,-0.427592486143112,-1.40618324279785,-5.00929307937622,7.58654546737671,-0.148703455924988,-0.00632113264873624,0.0925824567675591,0.626245558261871,-6.81943893432617,5.64292240142822,1.89466822147369,-0.539705157279968,0.158985361456871,-0.675210416316986,-10.6602125167847,-2.1293363571167,-0.254063338041306,0.333617269992828,-0.0804881677031517,72.089793312,-75.384745644,-3.309555376,-0.47790148716662,0.391032529010637,1.82822025400922
-20.2178955078125,-4.57763671875,-276.79443359375,-35.552978515625,-1.8310546875,-378.875732421875,2.62953901290894,-9.25856399536133,-4.70406293869019,-0.758807480335236,0.193278193473816,-0.429805010557175,-1.41883778572083,-5.02876710891724,7.57198095321655,-0.148179680109024,-0.00482072681188583,0.0931012853980064,0.645468533039093,-6.81524038314819,5.62472677230835,1.89525830745697,-0.527262210845947,0.156239166855812,-0.665955722332001,-10.6847991943359,-2.14154982566833,-0.256099760532379,0.332862257957458,-0.0789039805531502,72.108054144,-75.4046138355,-3.309369277,-0.475995874119973,0.392588221838401,1.8312386040694
-20.4086303710938,-4.425048828125,-277.175903320313,-35.4766845703125,-1.86920166015625,-379.714965820313,2.6136908531189,-9.18898963928223,-4.7513689994812,-0.757185041904449,0.190052047371864,-0.432017505168915,-1.43149244785309,-5.04824113845825,7.5574164390564,-0.14765590429306,-0.00332032097503543,0.0936201065778732,0.664691507816315,-6.81104230880737,5.60653066635132,1.89584839344025,-0.514819264411926,0.153492957353592,-0.656700968742371,-10.7093849182129,-2.15376329421997,-0.258136183023453,0.332107275724411,-0.0773197859525681,72.126314976,-75.424482027,-3.309183178,-0.474090261073326,0.394143914666165,1.83425695412959
-20.599365234375,-4.2724609375,-277.557373046875,-35.400390625,-1.9073486328125,-380.55419921875,2.59784269332886,-9.11941528320313,-4.79867506027222,-0.755562603473663,0.186825886368752,-0.434230029582977,-1.44414699077606,-5.06771469116211,7.54285192489624,-0.147132128477097,-0.00181991525460035,0.09413892775774,0.683914482593536,-6.80684375762939,5.58833503723145,1.89643847942352,-0.50237637758255,0.150746762752533,-0.647446274757385,-10.7339715957642,-2.16597676277161,-0.260172605514526,0.331352263689041,-0.0757355913519859,72.144575808,-75.4443502185,-3.308997079,-0.472184648026679,0.395699607493929,1.83727530418978
-20.7901000976563,-4.08172607421875,-277.557373046875,-35.552978515625,-1.9073486328125,-381.011962890625,2.58199429512024,-9.04984092712402,-4.84598159790039,-0.753940165042877,0.1835997402668,-0.436442524194717,-1.45680153369904,-5.08718872070313,7.52828693389893,-0.146608352661133,-0.000319509446853772,0.0946577489376068,0.703137457370758,-6.80264520645142,5.57013893127441,1.89702844619751,-0.489933431148529,0.148000553250313,-0.6381915807724,-10.7585582733154,-2.17819023132324,-0.2622090280056,0.330597251653671,-0.0741513967514038,72.16283664,-75.46421841,-3.30881098,-0.470279034980032,0.397255300321693,1.84029365424996
-20.9808349609375,-3.8909912109375,-277.557373046875,-35.70556640625,-1.9073486328125,-381.4697265625,2.5661461353302,-8.98026657104492,-4.89328765869141,-0.752317726612091,0.180373579263687,-0.43865504860878,-1.4694561958313,-5.10666227340698,7.51372241973877,-0.146084576845169,0.00118089630268514,0.0951765775680542,0.72236043214798,-6.79844665527344,5.55194330215454,1.89761853218079,-0.477490484714508,0.145254358649254,-0.62893682718277,-10.7831449508667,-2.19040369987488,-0.264245450496674,0.329842269420624,-0.0725672096014023,72.16344969,-75.464261411,-3.308991466,-0.468790701467483,0.399195491933774,1.84313619420026
-21.0189819335938,-3.62396240234375,-277.252197265625,-35.4766845703125,-2.0599365234375,-382.232666015625,2.55029797554016,-8.91069221496582,-4.94059419631958,-0.750695288181305,0.177147433161736,-0.44086754322052,-1.48211073875427,-5.126136302948,7.49915790557861,-0.145560801029205,0.00268130213953555,0.095695398747921,0.741583406925201,-6.79424810409546,5.53374767303467,1.89820861816406,-0.465047568082809,0.142508149147034,-0.619682133197784,-10.807731628418,-2.20261716842651,-0.266281872987747,0.329087257385254,-0.0709830150008202,72.16406274,-75.464304412,-3.309171952,-0.467302367954933,0.401135683545854,1.84597873415056
-21.05712890625,-3.35693359375,-276.947021484375,-35.247802734375,-2.2125244140625,-382.99560546875,2.53444981575012,-8.84111785888672,-4.9879002571106,-0.749072790145874,0.173921272158623,-0.443080067634583,-1.49476528167725,-5.14560985565186,7.48459339141846,-0.14503701031208,0.00418170774355531,0.0962142199277878,0.760806322097778,-6.79004955291748,5.51555156707764,1.89879870414734,-0.452604621648788,0.139761954545975,-0.610427439212799,-10.8323183059692,-2.21483063697815,-0.268318295478821,0.328332245349884,-0.069398820400238,72.16467579,-75.464347413,-3.309352438,-0.465814034442383,0.403075875157934,1.84882127410086
-21.2478637695313,-3.08990478515625,-277.175903320313,-35.0570678710938,-2.32696533203125,-384.063720703125,2.51860165596008,-8.77154350280762,-5.03520631790161,-0.747450351715088,0.170695126056671,-0.445292562246323,-1.50741982460022,-5.16508388519287,7.47002840042114,-0.144513234496117,0.00568211358040571,0.0967330411076546,0.780029296875,-6.78585147857666,5.49735593795776,1.89938867092133,-0.44016170501709,0.137015745043755,-0.601172745227814,-10.8569040298462,-2.22704410552979,-0.270354717969894,0.327577233314514,-0.0678146257996559,72.16528884,-75.464390414,-3.309532924,-0.464325700929834,0.405016066770015,1.85166381405115
-21.4385986328125,-2.8228759765625,-277.40478515625,-34.8663330078125,-2.44140625,-385.1318359375,2.50275349617004,-8.70196914672852,-5.08251285552979,-0.745827913284302,0.167468965053558,-0.447505086660385,-1.52007448673248,-5.18455743789673,7.45546388626099,-0.143989458680153,0.00718251941725612,0.097251869738102,0.799252271652222,-6.78165292739868,5.47915983200073,1.8999787569046,-0.427718758583069,0.134269550442696,-0.591917991638184,-10.8814907073975,-2.23925757408142,-0.272391140460968,0.326822251081467,-0.0662304386496544,72.16590189,-75.464433415,-3.30971341,-0.462837367417284,0.406956258382095,1.85450635400145
-21.5911865234375,-3.0517578125,-277.252197265625,-34.942626953125,-2.593994140625,-385.665893554688,2.48690533638,-8.63239479064941,-5.1298189163208,-0.744205474853516,0.164242818951607,-0.449717581272125,-1.53272902965546,-5.20403146743774,7.44089937210083,-0.143465682864189,0.00868292525410652,0.0977706909179688,0.818475246429443,-6.7774543762207,5.46096420288086,1.90056884288788,-0.41527584195137,0.131523340940475,-0.582663297653198,-10.9060773849487,-2.25147104263306,-0.274427562952042,0.326067239046097,-0.0646462440490723,72.16651494,-75.464476416,-3.309893896,-0.461349033904735,0.408896449994176,1.85734889395175
-21.7437744140625,-3.2806396484375,-277.099609375,-35.0189208984375,-2.74658203125,-386.199951171875,2.48092007637024,-8.56528759002686,-5.16087627410889,-0.744416236877441,0.160018905997276,-0.449656903743744,-1.54514336585999,-5.22236156463623,7.43188190460205,-0.141431584954262,0.0089247040450573,0.0979207679629326,0.80840003490448,-6.76801586151123,5.48989295959473,1.89852225780487,-0.406555563211441,0.129870176315308,-0.559072434902191,-10.9350366592407,-2.22657871246338,-0.275617957115173,0.325250893831253,-0.0628077313303947,72.16712799,-75.464519417,-3.310074382,-0.459860700392185,0.410836641606256,1.86019143390205
-21.6293334960938,-2.93731689453125,-277.786254882813,-35.1715087890625,-2.70843505859375,-386.65771484375,2.47493457794189,-8.4981803894043,-5.19193410873413,-0.744626998901367,0.155795007944107,-0.449596226215363,-1.55755770206451,-5.24069118499756,7.42286491394043,-0.139397487044334,0.00916648376733065,0.0980708450078964,0.798324763774872,-6.7585768699646,5.51882219314575,1.89647555351257,-0.397835284471512,0.128217026591301,-0.535481572151184,-10.9639949798584,-2.2016863822937,-0.276808351278305,0.324434548616409,-0.0609692148864269,72.16774104,-75.464562418,-3.310254868,-0.458372366879635,0.412776833218336,1.86303397385234
-21.514892578125,-2.593994140625,-278.472900390625,-35.3240966796875,-2.6702880859375,-387.115478515625,2.46894931793213,-8.43107318878174,-5.22299146652222,-0.744837760925293,0.151571094989777,-0.449535548686981,-1.56997203826904,-5.25902128219604,7.41384744644165,-0.137363374233246,0.00940826255828142,0.0982209295034409,0.788249552249908,-6.74913835525513,5.54775094985962,1.89442896842957,-0.389115005731583,0.126563861966133,-0.511890709400177,-10.9929542541504,-2.17679405212402,-0.277998745441437,0.323618173599243,-0.0591306984424591,72.16835409,-75.464605419,-3.310435354,-0.456884033367086,0.414717024830417,1.86587651380264
-21.5530395507813,-2.40325927734375,-278.244018554688,-35.247802734375,-2.70843505859375,-387.496948242188,2.46296405792236,-8.36396598815918,-5.2540488243103,-0.745048463344574,0.147347182035446,-0.4494748711586,-1.58238637447357,-5.27735090255737,7.40482997894287,-0.135329276323318,0.0096500413492322,0.0983710065484047,0.778174340724945,-6.7396993637085,5.57667970657349,1.89238238334656,-0.380394756793976,0.124910712242126,-0.48829984664917,-11.0219135284424,-2.15190196037292,-0.279189139604568,0.322801828384399,-0.0572921857237816,72.16896714,-75.46464842,-3.31061584,-0.455395699854536,0.416657216442497,1.86871905375294
-21.5911865234375,-2.2125244140625,-278.01513671875,-35.1715087890625,-2.74658203125,-387.87841796875,2.45697855949402,-8.29685878753662,-5.28510665893555,-0.7452592253685,0.143123283982277,-0.449414193630219,-1.5948007106781,-5.29568099975586,7.39581298828125,-0.133295178413391,0.00989182107150555,0.0985210835933685,0.768099129199982,-6.73026084899902,5.60560846328735,1.89033579826355,-0.371674478054047,0.123257555067539,-0.464708983898163,-11.0508718490601,-2.12700963020325,-0.2803795337677,0.321985483169556,-0.0554536692798138,72.16958019,-75.464691421,-3.310796326,-0.453907366341986,0.418597408054577,1.87156159370324
-21.820068359375,-1.983642578125,-278.167724609375,-35.09521484375,-2.93731689453125,-388.565063476563,2.45099329948425,-8.22975158691406,-5.31616401672363,-0.745469987392426,0.138899371027946,-0.449353516101837,-1.60721504688263,-5.31401109695435,7.38679552078247,-0.131261080503464,0.0101335998624563,0.0986711606383324,0.758023858070374,-6.72082185745239,5.63453769683838,1.88828909397125,-0.362954199314117,0.121604397892952,-0.441118121147156,-11.0798311233521,-2.10211730003357,-0.281569927930832,0.321169137954712,-0.0536151565611362,72.17019324,-75.464734422,-3.310976812,-0.452419032829437,0.420537599666658,1.87440413365353
-22.0489501953125,-1.7547607421875,-278.3203125,-35.0189208984375,-3.1280517578125,-389.251708984375,2.44500780105591,-8.16264343261719,-5.34722185134888,-0.745680749416351,0.134675472974777,-0.449292838573456,-1.61962938308716,-5.33234071731567,7.37777805328369,-0.129226982593536,0.0103753795847297,0.0988212376832962,0.74794864654541,-6.71138334274292,5.66346645355225,1.88624250888824,-0.354233920574188,0.119951240718365,-0.417527228593826,-11.1087894439697,-2.07722496986389,-0.282760322093964,0.320352762937546,-0.0517766401171684,72.17080629,-75.464777423,-3.311157298,-0.450930699316887,0.422477791278738,1.87724667360383
-22.2015380859375,-1.4495849609375,-278.701782226563,-35.1715087890625,-3.24249267578125,-389.70947265625,2.43902254104614,-8.09553623199463,-5.37827920913696,-0.745891511440277,0.130451560020447,-0.449232161045074,-1.63204371929169,-5.35067081451416,7.36876106262207,-0.127192884683609,0.0106171583756804,0.09897131472826,0.737873435020447,-6.70194435119629,5.69239521026611,1.88419592380524,-0.345513641834259,0.118298083543777,-0.393936365842819,-11.1377487182617,-2.05233263969421,-0.283950716257095,0.319536417722702,-0.0499381273984909,72.17141934,-75.464820424,-3.311337784,-0.449442365804338,0.424417982890818,1.88008921355413
-22.3541259765625,-1.1444091796875,-279.083251953125,-35.3240966796875,-3.35693359375,-390.167236328125,2.43303728103638,-8.02842903137207,-5.40933656692505,-0.746102273464203,0.126227647066116,-0.449171483516693,-1.64445805549622,-5.36900043487549,7.35974359512329,-0.12515877187252,0.0108589371666312,0.0991213992238045,0.727798163890839,-6.69250583648682,5.72132444381714,1.88214921951294,-0.33679336309433,0.11664492636919,-0.370345503091812,-11.1667079925537,-2.02744030952454,-0.285141110420227,0.318720072507858,-0.0480996109545231,72.17203239,-75.464863425,-3.31151827,-0.447954032291788,0.426358174502899,1.88293175350442
-22.125244140625,-0.91552734375,-279.083251953125,-35.3240966796875,-3.35693359375,-390.853881835938,2.42705178260803,-7.96132230758667,-5.44039440155029,-0.746313035488129,0.122003741562366,-0.449110805988312,-1.65687239170074,-5.38733053207397,7.35072612762451,-0.123124673962593,0.0111007168889046,0.0992714762687683,0.717722952365875,-6.68306732177734,5.75025320053101,1.88010263442993,-0.328073084354401,0.114991769194603,-0.346754640340805,-11.1956663131714,-2.00254797935486,-0.286331504583359,0.317903727293015,-0.0462610982358456,72.17264544,-75.464906426,-3.311698756,-0.446465698779238,0.428298366114979,1.88577429345472
-21.8963623046875,-0.6866455078125,-279.083251953125,-35.3240966796875,-3.35693359375,-391.54052734375,2.42106652259827,-7.89421463012695,-5.47145175933838,-0.74652373790741,0.117779836058617,-0.44905012845993,-1.66928672790527,-5.40566062927246,7.34170913696289,-0.121090576052666,0.0113424956798553,0.0994215533137321,0.707647740840912,-6.67362833023071,5.77918195724487,1.87805604934692,-0.319352835416794,0.113338612020016,-0.323163777589798,-11.2246255874634,-1.97765576839447,-0.28752189874649,0.317087382078171,-0.0444225817918777,72.17325849,-75.464949427,-3.311879242,-0.444977365266689,0.43023855772706,1.88861683340502
-22.0870971679688,-0.6866455078125,-279.541015625,-35.247802734375,-3.47137451171875,-391.921997070313,2.4150812625885,-7.82710742950439,-5.50250911712646,-0.746734499931335,0.113555930554867,-0.448989450931549,-1.6817010641098,-5.42399024963379,7.33269166946411,-0.119056478142738,0.0115842744708061,0.099571630358696,0.697572469711304,-6.66418981552124,5.8081111907959,1.87600934505463,-0.310632556676865,0.111685454845428,-0.299572914838791,-11.2535848617554,-1.95276355743408,-0.288712292909622,0.316271007061005,-0.0425840690732002,72.17387154,-75.464992428,-3.312059728,-0.443489031754139,0.43217874933914,1.89145937335532
-22.27783203125,-0.6866455078125,-279.998779296875,-35.1715087890625,-3.5858154296875,-392.303466796875,2.40909576416016,-7.76000022888184,-5.53356695175171,-0.746945261955261,0.109332025051117,-0.448928773403168,-1.69411540031433,-5.44232034683228,7.32367420196533,-0.11702237278223,0.0118260541930795,0.0997217074036598,0.68749725818634,-6.65475082397461,5.83703994750977,1.87396275997162,-0.301912277936935,0.110032297670841,-0.275982052087784,-11.282543182373,-1.9278712272644,-0.289902687072754,0.315454661846161,-0.0407455526292324,72.17448459,-75.465035429,-3.312240214,-0.44200069824159,0.43411894095122,1.89430191330561
-22.3541259765625,-0.26702880859375,-280.532836914063,-35.2096557617188,-3.7384033203125,-392.684936523438,2.4129376411438,-7.70012998580933,-5.56111478805542,-0.747710466384888,0.104651853442192,-0.447759389877319,-1.70872604846954,-5.46258878707886,7.31685447692871,-0.114386856555939,0.0114804059267044,0.0994090437889099,0.666826069355011,-6.64306402206421,5.88301801681519,1.87314641475677,-0.295136094093323,0.109246268868446,-0.251532137393951,-11.3044672012329,-1.92048382759094,-0.290272951126099,0.314600229263306,-0.0394295006990433,72.17509764,-75.46507843,-3.3124207,-0.44051236472904,0.436059132563301,1.89714445325591
-22.430419921875,0.152587890625,-281.06689453125,-35.247802734375,-3.8909912109375,-393.06640625,2.42660689353943,-7.64749670028687,-5.58515357971191,-0.749030113220215,0.0995154231786728,-0.445481270551682,-1.72553277015686,-5.48479604721069,7.31223154067993,-0.111149914562702,0.0105473315343261,0.0986336246132851,0.63555896282196,-6.62912893295288,5.946044921875,1.8735603094101,-0.290304034948349,0.109327383339405,-0.226223170757294,-11.3193550109863,-1.93060123920441,-0.289823085069656,0.313707709312439,-0.0386359095573425,72.3287917285,-75.6732628875,-3.3184187615,-0.440362634046315,0.438164571351978,1.90010475011276
-22.5448608398438,0.26702880859375,-281.06689453125,-35.1333618164063,-3.85284423828125,-393.753051757813,2.44027614593506,-7.59486293792725,-5.60919189453125,-0.750349760055542,0.0943789929151535,-0.443203181028366,-1.74233949184418,-5.50700330734253,7.30760860443115,-0.107912972569466,0.00961425714194775,0.0978582128882408,0.604291796684265,-6.61519384384155,6.00907230377197,1.87397420406342,-0.285471946001053,0.109408497810364,-0.200914189219475,-11.3342437744141,-1.94071877002716,-0.289373219013214,0.312815189361572,-0.0378423146903515,72.482485817,-75.881447345,-3.324416823,-0.440212903363591,0.440270010140655,1.9030650469696
-22.6593017578125,0.3814697265625,-281.06689453125,-35.0189208984375,-3.814697265625,-394.439697265625,2.45394539833069,-7.54222965240479,-5.63323068618774,-0.751669406890869,0.0892425626516342,-0.440925061702728,-1.75914621353149,-5.52921009063721,7.30298566818237,-0.104676030576229,0.00868118274956942,0.097082793712616,0.57302463054657,-6.60125827789307,6.07209920883179,1.87438797950745,-0.280639886856079,0.109489612281322,-0.175605222582817,-11.3491315841675,-1.95083618164063,-0.288923352956772,0.311922669410706,-0.0370487235486507,72.6361799055,-76.0896318025,-3.3304148845,-0.440063172680867,0.442375448929332,1.90602534382645
-22.5448608398438,0.41961669921875,-281.3720703125,-35.1333618164063,-3.85284423828125,-395.050048828125,2.46761465072632,-7.48959636688232,-5.65726947784424,-0.752989053726196,0.0841061323881149,-0.43864694237709,-1.7759530544281,-5.55141735076904,7.29836273193359,-0.101439088582993,0.0077481078915298,0.0963073745369911,0.541757464408875,-6.58732318878174,6.1351261138916,1.87480187416077,-0.275807797908783,0.109570726752281,-0.150296255946159,-11.3640193939209,-1.96095359325409,-0.28847348690033,0.311030149459839,-0.03625513240695,72.789873994,-76.29781626,-3.336412946,-0.439913441998142,0.444480887718009,1.90898564068329
-22.430419921875,0.457763671875,-281.67724609375,-35.247802734375,-3.8909912109375,-395.660400390625,2.48128390312195,-7.43696260452271,-5.68130779266357,-0.754308700561523,0.0789697095751762,-0.436368852853775,-1.79275977611542,-5.57362461090088,7.29374027252197,-0.098202146589756,0.00681503303349018,0.0955319628119469,0.510490357875824,-6.57338809967041,6.19815349578857,1.87521576881409,-0.270975738763809,0.10965184122324,-0.124987281858921,-11.3789081573486,-1.97107112407684,-0.288023620843887,0.310137629508972,-0.035461537539959,72.9435680825,-76.5060007175,-3.3424110075,-0.439763711315418,0.446586326506686,1.91194593754014
-22.6211547851563,0.64849853515625,-282.135009765625,-35.09521484375,-4.08172607421875,-396.270751953125,2.49495315551758,-7.38432931900024,-5.70534658432007,-0.755628347396851,0.073833279311657,-0.434090733528137,-1.80956649780273,-5.59583187103271,7.28911733627319,-0.0949652045965195,0.00588195864111185,0.094756543636322,0.479223191738129,-6.55945301055908,6.26118040084839,1.87562966346741,-0.266143679618835,0.109732955694199,-0.0996783077716827,-11.3937959671021,-1.98118853569031,-0.287573754787445,0.309245109558105,-0.0346679463982582,73.097262171,-76.714185175,-3.348409069,-0.439613980632693,0.448691765295363,1.91490623439698
-22.8118896484375,0.8392333984375,-282.5927734375,-34.942626953125,-4.2724609375,-396.881103515625,2.50862240791321,-7.33169603347778,-5.7293848991394,-0.756947934627533,0.0686968490481377,-0.431812644004822,-1.82637321949005,-5.61803913116455,7.28449440002441,-0.0917282626032829,0.00494888378307223,0.0939811319112778,0.447956055402756,-6.54551792144775,6.32420778274536,1.87604355812073,-0.261311590671539,0.109814070165157,-0.074369341135025,-11.4086847305298,-1.99130606651306,-0.287123888731003,0.308352619409561,-0.0338743552565575,73.2509562595,-76.9223696325,-3.3544071305,-0.439464249949969,0.45079720408404,1.91786653125383
-23.0026245117188,0.87738037109375,-283.279418945313,-34.9807739257813,-4.31060791015625,-397.186279296875,2.52229166030884,-7.27906227111816,-5.7534236907959,-0.75826758146286,0.0635604187846184,-0.429534524679184,-1.84318006038666,-5.64024639129639,7.27987146377563,-0.0884913206100464,0.0040158093906939,0.0932057127356529,0.416688919067383,-6.53158283233643,6.38723468780518,1.87645745277405,-0.256479531526566,0.109895184636116,-0.0490603670477867,-11.4235725402832,-2.00142335891724,-0.286674022674561,0.307460099458694,-0.0330807603895664,73.404650348,-77.13055409,-3.360405192,-0.439314519267244,0.452902642872718,1.92082682811067
-23.193359375,0.91552734375,-283.966064453125,-35.0189208984375,-4.3487548828125,-397.491455078125,2.53596067428589,-7.2264289855957,-5.77746248245239,-0.759587228298187,0.0584239885210991,-0.427256405353546,-1.85998678207397,-5.66245365142822,7.27524852752686,-0.0852543786168098,0.00308273453265429,0.0924302935600281,0.385421752929688,-6.5176477432251,6.45026159286499,1.87687134742737,-0.251647442579269,0.109976291656494,-0.0237513948231936,-11.4384603500366,-2.01154088973999,-0.286224156618118,0.306567579507828,-0.0322871692478657,73.5583444365,-77.3387385475,-3.3664032535,-0.43916478858452,0.455008081661395,1.92378712496752
-23.193359375,1.2969970703125,-283.966064453125,-35.09521484375,-4.6539306640625,-398.025512695313,2.54962992668152,-7.17379570007324,-5.80150079727173,-0.760906875133514,0.0532875582575798,-0.424978315830231,-1.87679350376129,-5.6846604347229,7.27062559127808,-0.0820174366235733,0.00214965990744531,0.0916548818349838,0.354154616594315,-6.50371217727661,6.51328897476196,1.8772851228714,-0.246815383434296,0.110057406127453,0.00155757530592382,-11.4533491134644,-2.02165842056274,-0.285774290561676,0.305675059556961,-0.0314935781061649,73.712038525,-77.546923005,-3.372401315,-0.439015057901795,0.457113520450072,1.92674742182436
-23.193359375,1.678466796875,-283.966064453125,-35.1715087890625,-4.9591064453125,-398.5595703125,2.56329917907715,-7.12116241455078,-5.82553958892822,-0.762226521968842,0.0481511317193508,-0.422700196504593,-1.89360022544861,-5.70686769485474,7.26600313186646,-0.0787804946303368,0.00121658528223634,0.090879462659359,0.322887480258942,-6.48977708816528,6.57631587982178,1.87769901752472,-0.241983309388161,0.110138520598412,0.0268665459007025,-11.4682369232178,-2.0317759513855,-0.285324424505234,0.304782539606094,-0.030699985101819,73.8657326135,-77.7551074625,-3.3783993765,-0.438865327219071,0.459218959238749,1.92970771868121
-23.2696533203125,1.8310546875,-284.423828125,-35.2096557617188,-4.84466552734375,-398.86474609375,2.57696843147278,-7.06852865219116,-5.84957790374756,-0.763546168804169,0.0430147014558315,-0.420422106981277,-1.91040706634521,-5.72907495498657,7.26138019561768,-0.0755435526371002,0.000283510657027364,0.0901040509343147,0.291620314121246,-6.47584199905396,6.63934326171875,1.87811291217804,-0.237151235342026,0.11021963506937,0.0521755181252956,-11.4831256866455,-2.04189324378967,-0.284874558448792,0.303890019655228,-0.0299063939601183,74.019426702,-77.96329192,-3.384397438,-0.438715596536347,0.461324398027426,1.93266801553805
-23.345947265625,1.983642578125,-284.881591796875,-35.247802734375,-4.730224609375,-399.169921875,2.59063768386841,-7.0158953666687,-5.87361669540405,-0.764865815639496,0.0378782711923122,-0.41814398765564,-1.92721378803253,-5.75128221511841,7.2567572593689,-0.0723066106438637,-0.00064956396818161,0.0893286317586899,0.260353177785873,-6.46190690994263,6.70237016677856,1.87852680683136,-0.232319161295891,0.110300749540329,0.0774844884872437,-11.4980134963989,-2.05201077461243,-0.284424692392349,0.302997499704361,-0.0291128009557724,74.1731207905,-78.1714763775,-3.3903954995,-0.438565865853622,0.463429836816103,1.9356283123949
-23.4603881835938,2.09808349609375,-285.491943359375,-35.2096557617188,-4.76837158203125,-399.703979492188,2.62563538551331,-6.99714708328247,-5.87741994857788,-0.767767071723938,0.0328049175441265,-0.413798362016678,-1.94283270835876,-5.75849437713623,7.25862121582031,-0.0693871378898621,-0.00317447097040713,0.0875715762376785,0.23594506084919,-6.44151830673218,6.740318775177,1.87943983078003,-0.227523252367973,0.110651709139347,0.0968226715922356,-11.507830619812,-2.05878782272339,-0.285405904054642,0.302173554897308,-0.02943304926157,74.326814879,-78.379660835,-3.396393561,-0.438416135170898,0.46553527560478,1.93858860925174
-23.5748291015625,2.2125244140625,-286.102294921875,-35.1715087890625,-4.8065185546875,-400.238037109375,2.6606330871582,-6.97839832305908,-5.88122272491455,-0.77066832780838,0.0277315620332956,-0.409452706575394,-1.95845150947571,-5.76570606231689,7.26048469543457,-0.0664676576852798,-0.00569937797263265,0.0858145281672478,0.211536958813667,-6.42112970352173,6.77826690673828,1.8803528547287,-0.222727343440056,0.111002668738365,0.116160854697227,-11.5176486968994,-2.06556487083435,-0.286387115716934,0.301349580287933,-0.0297532957047224,74.4805089675,-78.5878452925,-3.4023916225,-0.438266404488173,0.467640714393457,1.94154890610859
-23.6129760742188,2.3651123046875,-286.407470703125,-35.0189208984375,-4.730224609375,-400.390625,2.6956307888031,-6.95965003967285,-5.88502597808838,-0.773569583892822,0.0226582083851099,-0.405107080936432,-1.97407042980194,-5.77291822433472,7.26234865188599,-0.0635481849312782,-0.00822428520768881,0.0840574726462364,0.187128841876984,-6.40074157714844,6.81621551513672,1.88126587867737,-0.217931434512138,0.111353628337383,0.1354990452528,-11.5274658203125,-2.07234191894531,-0.287368327379227,0.300525635480881,-0.03007354401052,74.634203056,-78.79602975,-3.408389684,-0.438116673805449,0.469746153182135,1.94450920296543
-23.651123046875,2.5177001953125,-286.712646484375,-34.8663330078125,-4.6539306640625,-400.543212890625,2.730628490448,-6.94090127944946,-5.88882923126221,-0.776470839977264,0.0175848547369242,-0.400761425495148,-1.98968935012817,-5.78012990951538,7.2642126083374,-0.060628704726696,-0.0107491919770837,0.0823004171252251,0.1627207249403,-6.38035297393799,6.85416412353516,1.88217890262604,-0.213135540485382,0.111704587936401,0.154837220907211,-11.5372829437256,-2.07911896705627,-0.288349568843842,0.299701660871506,-0.0303937923163176,74.7878971445,-79.0042142075,-3.4143877455,-0.437966943122724,0.471851591970812,1.94746949982228
-23.8037109375,2.70843505859375,-287.4755859375,-34.9807739257813,-4.84466552734375,-401.153564453125,2.76562595367432,-6.92215299606323,-5.89263200759888,-0.779372096061707,0.0125115001574159,-0.396415799856186,-2.00530815124512,-5.7873420715332,7.26607608795166,-0.0577092282474041,-0.0132740996778011,0.0805433690547943,0.138312608003616,-6.35996437072754,6.89211273193359,1.88309192657471,-0.208339631557465,0.112055547535419,0.174175411462784,-11.5471000671387,-2.08589625358582,-0.289330780506134,0.298877716064453,-0.0307140406221151,74.941591233,-79.212398665,-3.420385807,-0.43781721244,0.473957030759489,1.95042979667912
-23.956298828125,2.899169921875,-288.238525390625,-35.09521484375,-5.035400390625,-401.763916015625,2.80062365531921,-6.90340423583984,-5.89643526077271,-0.782273352146149,0.00743814604356885,-0.392070144414902,-2.02092695236206,-5.79455375671387,7.26794004440308,-0.0547897517681122,-0.015799006447196,0.078786313533783,0.113904498517513,-6.33957576751709,6.93006086349487,1.88400495052338,-0.203543722629547,0.112406507134438,0.193513587117195,-11.5569181442261,-2.09267330169678,-0.290311992168427,0.298053771257401,-0.0310342870652676,75.0952853215,-79.4205831225,-3.4263838685,-0.437667481757275,0.476062469548166,1.95339009353597
-23.8800048828125,2.9754638671875,-289.00146484375,-34.942626953125,-5.1116943359375,-402.374267578125,2.83562135696411,-6.88465595245361,-5.90023803710938,-0.785174608230591,0.00236479169689119,-0.38772451877594,-2.03654599189758,-5.80176591873169,7.26980400085449,-0.0518702752888203,-0.0183239132165909,0.0770292654633522,0.0894963890314102,-6.3191876411438,6.96800947189331,1.88491797447205,-0.19874781370163,0.112757466733456,0.212851777672768,-11.5667352676392,-2.09945034980774,-0.291293203830719,0.297229796648026,-0.0313545353710651,75.24897941,-79.62876758,-3.43238193,-0.437517751074551,0.478167908336843,1.95635039039281
-23.8037109375,3.0517578125,-289.764404296875,-34.7900390625,-5.18798828125,-402.984619140625,2.87061905860901,-6.86590719223022,-5.9040412902832,-0.788075864315033,-0.00270856241695583,-0.383378863334656,-2.05216479301453,-5.80897760391235,7.27166748046875,-0.0489507988095284,-0.0208488199859858,0.0752722099423409,0.0650882720947266,-6.29879903793335,7.00595808029175,1.88583099842072,-0.193951904773712,0.113108426332474,0.232189953327179,-11.5765523910522,-2.1062273979187,-0.292274415493011,0.296405851840973,-0.0316747836768627,75.248733244,-79.628840471,-3.4324835655,-0.438423959186478,0.479961344241631,1.95960086716041
-23.8037109375,3.16619873046875,-290.069580078125,-34.7518920898438,-5.30242919921875,-403.4423828125,2.90561676025391,-6.84715890884399,-5.90784454345703,-0.790977120399475,-0.00778191676363349,-0.379033237695694,-2.06778383255005,-5.81618976593018,7.27353143692017,-0.0460313223302364,-0.0233737286180258,0.0735151544213295,0.0406801588833332,-6.2784104347229,7.04390621185303,1.88674402236938,-0.189155995845795,0.113459385931492,0.251528143882751,-11.5863704681396,-2.11300444602966,-0.293255627155304,0.295581877231598,-0.0319950319826603,75.248487078,-79.628913362,-3.432585201,-0.439330167298404,0.48175478014642,1.962851343928
-23.8037109375,3.2806396484375,-290.374755859375,-34.7137451171875,-5.4168701171875,-403.900146484375,2.9406144618988,-6.82841062545776,-5.9116473197937,-0.793878376483917,-0.0128552708774805,-0.37468758225441,-2.08340263366699,-5.82340145111084,7.27539539337158,-0.0431118458509445,-0.0258986353874207,0.0717581063508987,0.016272047534585,-6.25802183151245,7.08185482025146,1.88765704631805,-0.184360086917877,0.11381034553051,0.270866334438324,-11.5961875915527,-2.11978149414063,-0.294236838817596,0.294757932424545,-0.0323152802884579,75.248240912,-79.628986253,-3.4326868365,-0.440236375410331,0.483548216051208,1.9661018206956
-23.9181518554688,3.509521484375,-290.83251953125,-34.6755981445313,-5.340576171875,-403.900146484375,2.9756121635437,-6.80966186523438,-5.91545057296753,-0.796779632568359,-0.0179286245256662,-0.370341956615448,-2.09902143478394,-5.83061361312866,7.27725887298584,-0.0401923693716526,-0.0284235421568155,0.0700010508298874,-0.00813606567680836,-6.237633228302,7.1198034286499,1.88857007026672,-0.179564192891121,0.114161305129528,0.290204524993896,-11.6060047149658,-2.12655854225159,-0.295218080282211,0.293933987617493,-0.0326355248689651,75.247994746,-79.629059144,-3.432788472,-0.441142583522257,0.485341651955996,1.96935229746319
-24.0325927734375,3.7384033203125,-291.290283203125,-34.637451171875,-5.2642822265625,-403.900146484375,3.0106098651886,-6.79091358184814,-5.91925382614136,-0.799680888652802,-0.0230019800364971,-0.365996301174164,-2.11464023590088,-5.83782529830933,7.27912282943726,-0.0372728928923607,-0.0309484489262104,0.068243995308876,-0.0325441807508469,-6.21724510192871,7.15775156021118,1.88948309421539,-0.174768283963203,0.114512264728546,0.309542685747147,-11.6158227920532,-2.13333559036255,-0.296199291944504,0.293110013008118,-0.0329557731747627,75.24774858,-79.629132035,-3.4328901075,-0.442048791634184,0.487135087860785,1.97260277423079
-24.2233276367188,3.70025634765625,-291.900634765625,-34.5993041992188,-5.18798828125,-404.434204101563,3.0456075668335,-6.77216482162476,-5.92305660247803,-0.802582144737244,-0.0280753336846828,-0.361650675535202,-2.1302592754364,-5.84503746032715,7.28098678588867,-0.0343534164130688,-0.0334733575582504,0.0664869472384453,-0.0569522939622402,-6.19685649871826,7.19570016860962,1.89039611816406,-0.169972375035286,0.114863224327564,0.328880876302719,-11.6256399154663,-2.14011263847351,-0.297180503606796,0.292286068201065,-0.0332760214805603,75.247502414,-79.629204926,-3.432991743,-0.44295499974611,0.488928523765573,1.97585325099838
-24.4140625,3.662109375,-292.510986328125,-34.5611572265625,-5.1116943359375,-404.96826171875,3.08928346633911,-6.77223873138428,-5.91716766357422,-0.805200099945068,-0.0319358259439468,-0.356676936149597,-2.13879084587097,-5.84123659133911,7.28369188308716,-0.032002292573452,-0.0364382341504097,0.0645010098814964,-0.0704625844955444,-6.17443132400513,7.21311616897583,1.88975191116333,-0.165753558278084,0.114982806146145,0.341377258300781,-11.6361608505249,-2.14017271995544,-0.29762676358223,0.291662991046906,-0.0344442576169968,75.247256248,-79.629277817,-3.4330933785,-0.443861207858037,0.490721959670361,1.97910372776598
-24.2996215820313,3.7384033203125,-293.426513671875,-34.637451171875,-5.22613525390625,-405.120849609375,3.14163756370544,-6.79113435745239,-5.90158700942993,-0.807534694671631,-0.0345834568142891,-0.351075083017349,-2.14023518562317,-5.82642316818237,7.28723907470703,-0.0302195232361555,-0.0398430787026882,0.0622861944139004,-0.0730750560760498,-6.14996957778931,7.20999908447266,1.88755035400391,-0.162111848592758,0.114871002733707,0.347031861543655,-11.6473846435547,-2.13351535797119,-0.297538101673126,0.291240781545639,-0.0364604815840721,75.247010082,-79.629350708,-3.433195014,-0.444767415969963,0.49251539557515,1.98235420453357
-24.1851806640625,3.814697265625,-294.342041015625,-34.7137451171875,-5.340576171875,-405.2734375,3.19399166107178,-6.81002998352051,-5.88600635528564,-0.809869229793549,-0.0372310876846313,-0.345473229885101,-2.14167952537537,-5.81160974502563,7.29078578948975,-0.0284367520362139,-0.043247926980257,0.060071375221014,-0.0756875276565552,-6.12550830841064,7.20688199996948,1.88534879684448,-0.158470124006271,0.114759206771851,0.35268646478653,-11.6586084365845,-2.12685823440552,-0.2974494099617,0.290818601846695,-0.0384767055511475,75.246763916,-79.629423599,-3.4332966495,-0.44567362408189,0.494308831479938,1.98560468130117
-24.3759155273438,3.92913818359375,-294.49462890625,-34.7137451171875,-5.37872314453125,-405.731201171875,3.24634575843811,-6.82892560958862,-5.87042570114136,-0.812203824520111,-0.0398787148296833,-0.339871376752853,-2.14312410354614,-5.79679679870605,7.29433250427246,-0.0266539789736271,-0.0466527715325356,0.057856559753418,-0.0782999917864799,-6.10104656219482,7.20376491546631,1.88314723968506,-0.154828399419785,0.114647403359413,0.358341068029404,-11.6698322296143,-2.12020087242126,-0.297360718250275,0.290396392345428,-0.0404929295182228,75.24651775,-79.62949649,-3.433398285,-0.446579832193816,0.496102267384727,1.98885515806877
-24.566650390625,4.0435791015625,-294.647216796875,-34.7137451171875,-5.4168701171875,-406.18896484375,3.29870009422302,-6.84782123565674,-5.85484504699707,-0.814538419246674,-0.0425263457000256,-0.334269523620605,-2.14456844329834,-5.78198337554932,7.29787969589233,-0.0248712077736855,-0.0500576160848141,0.0556417405605316,-0.0809124633669853,-6.076584815979,7.20064783096313,1.88094568252563,-0.151186689734459,0.114535599946976,0.363995671272278,-11.681056022644,-2.11354374885559,-0.297272056341171,0.289974182844162,-0.0425091534852982,75.246271584,-79.629569381,-3.4334999205,-0.447486040305743,0.497895703289515,1.99210563483636
-24.5285034179688,4.1961669921875,-295.028686523438,-34.637451171875,-5.45501708984375,-406.494140625,3.35105419158936,-6.86671686172485,-5.83926439285278,-0.816873013973236,-0.0451739765703678,-0.328667670488358,-2.14601278305054,-5.76716995239258,7.30142641067505,-0.0230884365737438,-0.0534624643623829,0.0534269213676453,-0.0835249349474907,-6.05212354660034,7.19753074645996,1.87874412536621,-0.147544965147972,0.114423803985119,0.36965024471283,-11.6922798156738,-2.10688662528992,-0.297183364629745,0.289552003145218,-0.0445253774523735,75.246025418,-79.629642272,-3.433601556,-0.44839224841767,0.499689139194303,1.99535611160396
-24.4903564453125,4.3487548828125,-295.41015625,-34.5611572265625,-5.4931640625,-406.79931640625,3.40340828895569,-6.88561248779297,-5.8236837387085,-0.819207608699799,-0.0478216074407101,-0.32306581735611,-2.14745712280273,-5.75235652923584,7.30497312545776,-0.0213056653738022,-0.0568673089146614,0.0512121059000492,-0.0861374065279961,-6.02766180038452,7.19441366195679,1.87654256820679,-0.143903255462646,0.114312000572681,0.375304847955704,-11.7035036087036,-2.10022926330566,-0.29709467291832,0.289129793643951,-0.0465416014194489,75.245779252,-79.629715163,-3.4337031915,-0.449298456529596,0.501482575099092,1.99860658837155
-24.2996215820313,4.38690185546875,-295.867919921875,-34.637451171875,-5.45501708984375,-407.028198242188,3.45576238632202,-6.90450811386108,-5.80810308456421,-0.821542143821716,-0.0504692383110523,-0.317463964223862,-2.14890146255493,-5.7375431060791,7.30852031707764,-0.0195228941738605,-0.0602721571922302,0.0489972867071629,-0.0887498781085014,-6.0032000541687,7.19129657745361,1.87434113025665,-0.14026153087616,0.114200197160244,0.380959451198578,-11.7147274017334,-2.09357213973999,-0.297006011009216,0.288707613945007,-0.0485578216612339,75.245533086,-79.629788054,-3.433804827,-0.450204664641523,0.50327601100388,2.00185706513915
-24.10888671875,4.425048828125,-296.32568359375,-34.7137451171875,-5.4168701171875,-407.257080078125,3.50811672210693,-6.9234037399292,-5.79252243041992,-0.823876738548279,-0.0531168691813946,-0.311862111091614,-2.15034580230713,-5.72272968292236,7.31206703186035,-0.0177401229739189,-0.0636769980192184,0.0467824712395668,-0.0913623496890068,-5.97873878479004,7.18817949295044,1.87213957309723,-0.136619806289673,0.114088401198387,0.386614054441452,-11.7259511947632,-2.08691477775574,-0.296917319297791,0.288285404443741,-0.0505740456283092,75.24528692,-79.629860945,-3.4339064625,-0.451110872753449,0.505069446908668,2.00510754190674
-24.1851806640625,4.31060791015625,-296.93603515625,-34.6755981445313,-5.4168701171875,-407.257080078125,3.56047081947327,-6.94229936599731,-5.77694177627563,-0.826211333274841,-0.0557645000517368,-0.306260287761688,-2.15179014205933,-5.70791625976563,7.31561422348022,-0.0159573517739773,-0.0670818462967873,0.0445676520466805,-0.0939748212695122,-5.95427703857422,7.18506240844727,1.86993801593781,-0.132978096604347,0.11397659778595,0.392268657684326,-11.7371759414673,-2.08025765419006,-0.296828657388687,0.287863194942474,-0.0525902695953846,75.245040754,-79.629933836,-3.434008098,-0.452017080865376,0.506862882813457,2.00835801867434
-24.261474609375,4.1961669921875,-297.54638671875,-34.637451171875,-5.4168701171875,-407.257080078125,3.6128249168396,-6.96119499206543,-5.76136112213135,-0.828545928001404,-0.0584121271967888,-0.30065843462944,-2.1532347202301,-5.69310331344604,7.31916093826294,-0.0141745796427131,-0.0704866945743561,0.0423528365790844,-0.096587285399437,-5.9298152923584,7.18194532394409,1.86773645877838,-0.12933637201786,0.113864794373512,0.3979232609272,-11.7483997344971,-2.07360029220581,-0.296739965677261,0.28744101524353,-0.0546064935624599,75.244794588,-79.630006727,-3.4341097335,-0.452923288977302,0.508656318718245,2.01160849544193
-24.0707397460938,4.23431396484375,-298.233032226563,-34.5230102539063,-5.4168701171875,-407.638549804688,3.66517901420593,-6.98009061813354,-5.74578046798706,-0.830880463123322,-0.061059758067131,-0.295056581497192,-2.1546790599823,-5.67828989028931,7.32270765304565,-0.0123918084427714,-0.0738915428519249,0.040138017386198,-0.0991997569799423,-5.90535354614258,7.17882823944092,1.86553490161896,-0.125694662332535,0.113752990961075,0.403577834367752,-11.7596235275269,-2.06694316864014,-0.296651273965836,0.287018805742264,-0.0566227175295353,75.244548422,-79.630079618,-3.434211369,-0.453829497089229,0.510449754623033,2.01485897220953
-23.8800048828125,4.2724609375,-298.919677734375,-34.4085693359375,-5.4168701171875,-408.02001953125,3.71753334999084,-6.99898624420166,-5.73019981384277,-0.833215057849884,-0.0637073889374733,-0.289454728364944,-2.1561233997345,-5.66347646713257,7.32625484466553,-0.0106090363115072,-0.0772963836789131,0.037923201918602,-0.101812228560448,-5.88089227676392,7.17571115493774,1.86333334445953,-0.122052937746048,0.113641194999218,0.409232437610626,-11.7708473205566,-2.06028580665588,-0.296562612056732,0.28659662604332,-0.0586389414966106,75.244302256,-79.630152509,-3.4343130045,-0.454735705201155,0.512243190527822,2.01810944897712
-23.9181518554688,4.31060791015625,-299.606323242188,-34.2559814453125,-5.37872314453125,-408.401489257813,3.76988744735718,-7.01788187026978,-5.71461915969849,-0.835549652576447,-0.0663550198078156,-0.283852875232697,-2.15756773948669,-5.64866304397583,7.32980155944824,-0.00882626511156559,-0.0807012319564819,0.0357083827257156,-0.104424700140953,-5.8564305305481,7.17259407043457,1.86113178730011,-0.118411220610142,0.113529391586781,0.4148870408535,-11.7820711135864,-2.05362868309021,-0.296473920345306,0.286174416542053,-0.060655165463686,75.24405609,-79.6302254,-3.43441464,-0.455641913313082,0.51403662643261,2.02135992574472
-23.956298828125,4.3487548828125,-300.29296875,-34.1033935546875,-5.340576171875,-408.782958984375,3.81467318534851,-7.06001853942871,-5.69373798370361,-0.836561977863312,-0.0658851191401482,-0.280338019132614,-2.14300513267517,-5.63538932800293,7.34323215484619,-0.00836575962603092,-0.0827232152223587,0.0345815978944302,-0.0985671803355217,-5.84881782531738,7.16869068145752,1.85171163082123,-0.115240156650543,0.112377643585205,0.410975307226181,-11.8000907897949,-2.04056310653687,-0.293359398841858,0.28714045882225,-0.0633430033922195,75.333454617,-79.7060521675,-3.439466658,-0.457544895681186,0.515029667822612,2.02482924900162
-24.0325927734375,4.2724609375,-300.29296875,-34.1796875,-5.45501708984375,-408.63037109375,3.85945868492126,-7.1021556854248,-5.6728572845459,-0.837574303150177,-0.0654152259230614,-0.276823133230209,-2.12844228744507,-5.62211513519287,7.35666227340698,-0.00790525414049625,-0.0847451984882355,0.0334548130631447,-0.0927096605300903,-5.84120512008667,7.16478681564331,1.84229147434235,-0.112069085240364,0.11122589558363,0.407063573598862,-11.8181095123291,-2.02749729156494,-0.290244847536087,0.288106471300125,-0.0660308375954628,75.422853144,-79.781878935,-3.444518676,-0.45944787804929,0.516022709212613,2.02829857225851
-24.10888671875,4.1961669921875,-300.29296875,-34.2559814453125,-5.5694580078125,-408.477783203125,3.9042444229126,-7.14429235458374,-5.65197610855103,-0.838586628437042,-0.064945325255394,-0.273308277130127,-2.11387968063354,-5.60884141921997,7.37009286880493,-0.00744474912062287,-0.0867671817541122,0.0323280319571495,-0.086852140724659,-5.83359241485596,7.16088342666626,1.83287119865417,-0.108898021280766,0.110074147582054,0.40315181016922,-11.8361291885376,-2.0144317150116,-0.287130326032639,0.289072513580322,-0.0687186792492867,75.512251671,-79.8577057025,-3.449570694,-0.461350860417395,0.517015750602615,2.03176789551541
-23.8037109375,4.15802001953125,-300.979614257813,-34.1796875,-5.53131103515625,-408.63037109375,3.94903016090393,-7.18642902374268,-5.63109540939331,-0.839598953723907,-0.0644754245877266,-0.269793391227722,-2.09931707382202,-5.59556722640991,7.38352346420288,-0.00698424363508821,-0.088789165019989,0.0312012452632189,-0.0809946209192276,-5.82597970962524,7.15698003768921,1.82345104217529,-0.105726957321167,0.108922399580479,0.399240076541901,-11.8541488647461,-2.00136613845825,-0.28401580452919,0.290038555860519,-0.0714065134525299,75.601650198,-79.93353247,-3.454622712,-0.463253842785499,0.518008791992616,2.03523721877231
-23.49853515625,4.119873046875,-301.666259765625,-34.1033935546875,-5.4931640625,-408.782958984375,3.99381589889526,-7.22856616973877,-5.61021423339844,-0.840611279010773,-0.0640055313706398,-0.26627853512764,-2.08475422859192,-5.58229351043701,7.39695405960083,-0.00652373861521482,-0.0908111482858658,0.0300744622945786,-0.0751371011137962,-5.81836700439453,7.153076171875,1.81403088569641,-0.102555893361568,0.107770644128323,0.395328342914581,-11.8721675872803,-1.98830032348633,-0.280901253223419,0.291004598140717,-0.0740943551063538,75.691048725,-80.0093592375,-3.45967473,-0.465156825153603,0.519001833382618,2.03870654202921
-23.6892700195313,4.0435791015625,-302.352905273438,-34.1415405273438,-5.4931640625,-409.011840820313,4.03860139846802,-7.27070283889771,-5.58933305740356,-0.841623604297638,-0.0635356307029724,-0.262763649225235,-2.0701916217804,-5.56901931762695,7.41038417816162,-0.00606323312968016,-0.0928331315517426,0.0289476774632931,-0.0692795813083649,-5.81075429916382,7.14917278289795,1.80461072921753,-0.0993848219513893,0.106618896126747,0.391416609287262,-11.8901872634888,-1.97523474693298,-0.277786731719971,0.291970610618591,-0.076782189309597,75.780447252,-80.085186005,-3.464726748,-0.467059807521708,0.519994874772619,2.0421758652861
-23.8800048828125,3.96728515625,-303.03955078125,-34.1796875,-5.4931640625,-409.24072265625,4.08338737487793,-7.31283950805664,-5.56845235824585,-0.842635869979858,-0.0630657374858856,-0.259248793125153,-2.05562877655029,-5.55574560165405,7.42381477355957,-0.00560272810980678,-0.0948551073670387,0.0278208944946527,-0.0634220615029335,-5.80314159393311,7.14526891708374,1.79519045352936,-0.0962137579917908,0.105467148125172,0.38750484585762,-11.9082069396973,-1.96216905117035,-0.2746721804142,0.292936652898788,-0.0794700309634209,75.869845779,-80.1610127725,-3.469778766,-0.468962789889812,0.520987916162621,2.045645188543
-23.8037109375,3.92913818359375,-303.573608398438,-34.1415405273438,-5.37872314453125,-409.317016601563,4.12817287445068,-7.35497665405273,-5.54757118225098,-0.843648195266724,-0.0625958368182182,-0.255733907222748,-2.04106616973877,-5.54247140884399,7.43724536895752,-0.00514222262427211,-0.0968770906329155,0.0266941096633673,-0.0575645454227924,-5.79552888870239,7.14136552810669,1.78577029705048,-0.0930426940321922,0.104315400123596,0.383593112230301,-11.9262256622314,-1.94910335540771,-0.271557658910751,0.293902695178986,-0.0821578651666641,75.959244306,-80.23683954,-3.474830784,-0.470865772257916,0.521980957552622,2.0491145117999
-23.7274169921875,3.8909912109375,-304.107666015625,-34.1033935546875,-5.2642822265625,-409.393310546875,4.17295837402344,-7.39711332321167,-5.52669048309326,-0.844660520553589,-0.0621259398758411,-0.252219051122665,-2.02650356292725,-5.52919769287109,7.45067548751831,-0.00468171713873744,-0.0988990738987923,0.0255673248320818,-0.0517070256173611,-5.78791618347168,7.13746213912964,1.77635014057159,-0.0898716300725937,0.103163652122021,0.379681378602982,-11.9442453384399,-1.93603765964508,-0.268443137407303,0.294868737459183,-0.084845706820488,76.048642833,-80.3126663075,-3.479882802,-0.47276875462602,0.522973998942624,2.0525838350568
-23.5748291015625,4.00543212890625,-304.489135742188,-34.1033935546875,-5.18798828125,-409.24072265625,4.21774435043335,-7.43924999237061,-5.50580930709839,-0.845672845840454,-0.0616560392081738,-0.248704180121422,-2.01194071769714,-5.51592350006104,7.46410608291626,-0.00422121211886406,-0.100921057164669,0.0244405418634415,-0.0458495058119297,-5.78030347824097,7.13355827331543,1.76692998409271,-0.0867005586624146,0.102011904120445,0.375769644975662,-11.9622650146484,-1.92297208309174,-0.265328586101532,0.295834749937057,-0.0875335410237312,76.13804136,-80.388493075,-3.48493482,-0.474671736994125,0.523967040332625,2.05605315831369
-23.4222412109375,4.119873046875,-304.87060546875,-34.1033935546875,-5.1116943359375,-409.088134765625,4.2625298500061,-7.4813871383667,-5.48492813110352,-0.846685171127319,-0.0611861422657967,-0.245189309120178,-1.99737811088562,-5.50264978408813,7.47753667831421,-0.00376070663332939,-0.102943040430546,0.023313757032156,-0.0399919860064983,-5.77269077301025,7.12965488433838,1.75750982761383,-0.083529494702816,0.10086015611887,0.371857911348343,-11.9802837371826,-1.9099063873291,-0.262214064598083,0.296800792217255,-0.0902213752269745,76.227439887,-80.4643198425,-3.489986838,-0.476574719362229,0.524960081722627,2.05952248157059
-23.3840942382813,3.8909912109375,-305.404663085938,-34.027099609375,-5.07354736328125,-408.859252929688,4.30731534957886,-7.52352380752563,-5.4640474319458,-0.847697496414185,-0.0607162453234196,-0.241674438118935,-1.98281538486481,-5.48937559127808,7.490966796875,-0.00330020138062537,-0.104965023696423,0.0221869722008705,-0.034134466201067,-5.76507806777954,7.12575149536133,1.74808955192566,-0.0803584307432175,0.0997084081172943,0.367946147918701,-11.9983034133911,-1.89684069156647,-0.259099543094635,0.297766834497452,-0.0929092168807983,76.316838414,-80.54014661,-3.495038856,-0.478477701730333,0.525953123112628,2.06299180482749
-23.345947265625,3.662109375,-305.938720703125,-33.9508056640625,-5.035400390625,-408.63037109375,4.35210132598877,-7.56566047668457,-5.44316625595093,-0.84870982170105,-0.0602463483810425,-0.238159567117691,-1.96825265884399,-5.47610187530518,7.50439739227295,-0.00283969612792134,-0.106987006962299,0.0210601892322302,-0.0282769463956356,-5.75746536254883,7.12184762954712,1.73866939544678,-0.0771873667836189,0.0985566601157188,0.364034414291382,-12.0163230895996,-1.88377499580383,-0.255984991788864,0.298732876777649,-0.0955970510840416,76.406236941,-80.6159733775,-3.500090874,-0.480380684098438,0.52694616450263,2.06646112808439
-23.1552124023438,3.62396240234375,-306.549072265625,-33.9126586914063,-5.07354736328125,-408.935546875,4.38961553573608,-7.61531448364258,-5.42949771881104,-0.84917414188385,-0.0583219081163406,-0.234525591135025,-1.94643616676331,-5.46475076675415,7.51817226409912,-0.00265264371410012,-0.108938828110695,0.02007214166224,-0.0258221086114645,-5.75461339950562,7.12248086929321,1.72993993759155,-0.0775030925869942,0.0966916754841805,0.355672121047974,-12.0267534255981,-1.87275648117065,-0.252435386180878,0.299489349126816,-0.098320484161377,76.495635468,-80.691800145,-3.505142892,-0.482283666466542,0.527939205892631,2.06993045134128
-22.9644775390625,3.5858154296875,-307.159423828125,-33.87451171875,-5.1116943359375,-409.24072265625,4.4198579788208,-7.6724853515625,-5.42304134368896,-0.849090397357941,-0.0549429282546043,-0.230772510170937,-1.91736578941345,-5.455322265625,7.53229188919067,-0.00273904460482299,-0.11082049459219,0.0192228313535452,-0.0267699509859085,-5.75652313232422,7.12765121459961,1.7219010591507,-0.0813056230545044,0.0941134616732597,0.342859297990799,-12.0295944213867,-1.86378514766693,-0.248450726270676,0.300036251544952,-0.101079516112804,76.585033995,-80.7676269125,-3.51019491,-0.484186648834646,0.528932247282633,2.07339977459818
-22.9263305664063,3.5858154296875,-307.693481445313,-33.9126586914063,-5.035400390625,-409.24072265625,4.45010042190552,-7.72965621948242,-5.41658449172974,-0.849006652832031,-0.051563948392868,-0.227019429206848,-1.88829553127289,-5.44589424133301,7.54641103744507,-0.00282544549554586,-0.112702153623104,0.0183735229074955,-0.0277177933603525,-5.75843286514282,7.13282108306885,1.71386229991913,-0.085108146071434,0.091535247862339,0.330046445131302,-12.0324363708496,-1.85481369495392,-0.244466051459312,0.300583153963089,-0.103838548064232,76.674432522,-80.84345368,-3.515246928,-0.48608963120275,0.529925288672635,2.07686909785508
-22.88818359375,3.5858154296875,-308.2275390625,-33.9508056640625,-4.9591064453125,-409.24072265625,4.48034334182739,-7.78682661056519,-5.41012811660767,-0.848922967910767,-0.0481849648058414,-0.22326634824276,-1.85922515392303,-5.43646574020386,7.56053066253662,-0.00291184638626873,-0.114583820104599,0.0175242125988007,-0.0286656357347965,-5.76034259796143,7.13799095153809,1.70582342147827,-0.0889106690883636,0.0889570340514183,0.317233622074127,-12.0352773666382,-1.8458423614502,-0.240481376647949,0.301130056381226,-0.106597580015659,76.763831049,-80.9192804475,-3.520298946,-0.487992613570855,0.530918330062636,2.08033842111198
-22.7737426757813,3.39508056640625,-308.837890625,-33.8363647460938,-5.035400390625,-409.164428710938,4.51058578491211,-7.84399747848511,-5.4036717414856,-0.848839223384857,-0.0448059849441051,-0.21951325237751,-1.83015477657318,-5.42703771591187,7.57464981079102,-0.00299824727699161,-0.116465486586094,0.0166749022901058,-0.0296134781092405,-5.76225233078003,7.14316129684448,1.69778454303741,-0.0927131995558739,0.0863788202404976,0.304420799016953,-12.0381193161011,-1.83687102794647,-0.236496701836586,0.301676958799362,-0.109356611967087,76.853229576,-80.995107215,-3.525350964,-0.489895595938959,0.531911371452638,2.08380774436887
-22.6593017578125,3.204345703125,-309.4482421875,-33.721923828125,-5.1116943359375,-409.088134765625,4.54082822799683,-7.90116834640503,-5.39721488952637,-0.848755478858948,-0.0414270050823689,-0.215760171413422,-1.80108451843262,-5.41760921478271,7.58876895904541,-0.00308464816771448,-0.118347145617008,0.0158255938440561,-0.0305613223463297,-5.76416206359863,7.14833116531372,1.68974578380585,-0.0965157225728035,0.0838006064295769,0.291607946157455,-12.040961265564,-1.82789957523346,-0.232512041926384,0.302223861217499,-0.112115643918514,76.942628103,-81.0709339825,-3.530402982,-0.491798578307063,0.532904412842639,2.08727706762577
-22.5067138671875,3.31878662109375,-309.829711914063,-33.721923828125,-5.035400390625,-408.859252929688,4.5710711479187,-7.95833921432495,-5.3907585144043,-0.848671793937683,-0.0380480252206326,-0.212007090449333,-1.77201414108276,-5.40818119049072,7.60288858413696,-0.00317104905843735,-0.120228812098503,0.0149762835353613,-0.0315091647207737,-5.76607179641724,7.15350103378296,1.68170690536499,-0.100318245589733,0.0812223926186562,0.278795123100281,-12.0438022613525,-1.81892824172974,-0.228527367115021,0.302770763635635,-0.114874675869942,77.03202663,-81.14676075,-3.535455,-0.493701560675167,0.533897454232641,2.09074639088267
-22.3541259765625,3.4332275390625,-310.211181640625,-33.721923828125,-4.9591064453125,-408.63037109375,4.60131359100342,-8.01550960540771,-5.38430213928223,-0.848588049411774,-0.0346690453588963,-0.208254009485245,-1.74294376373291,-5.39875268936157,7.61700773239136,-0.00325744994916022,-0.122110471129417,0.0141269732266665,-0.0324570052325726,-5.76798152923584,7.15867137908936,1.67366814613342,-0.104120776057243,0.0786441713571548,0.265982270240784,-12.0466442108154,-1.80995678901672,-0.224542692303658,0.303317666053772,-0.117633707821369,77.0318729,-81.1469157565,-3.5355648245,-0.495566692130314,0.534478031973679,2.09420347280841
-22.3159790039063,3.2806396484375,-310.516357421875,-33.6074829101563,-4.84466552734375,-408.554077148438,4.63155603408813,-8.07268047332764,-5.377845287323,-0.848504304885864,-0.03129006549716,-0.204500913619995,-1.71387350559235,-5.38932466506958,7.63112735748291,-0.00334385083988309,-0.123992137610912,0.0132776638492942,-0.0334048494696617,-5.76989126205444,7.16384124755859,1.66562926769257,-0.107923299074173,0.0760659575462341,0.253169447183609,-12.049485206604,-1.800985455513,-0.220558017492294,0.303864568471909,-0.120392739772797,77.03171917,-81.147070763,-3.535674649,-0.497431823585461,0.535058609714718,2.09766055473415
-22.27783203125,3.1280517578125,-310.821533203125,-33.4930419921875,-4.730224609375,-408.477783203125,4.66179895401001,-8.12985134124756,-5.37138891220093,-0.8484206199646,-0.0279110837727785,-0.200747832655907,-1.68480312824249,-5.37989616394043,7.6452465057373,-0.00343025149777532,-0.125873804092407,0.0124283544719219,-0.0343526937067509,-5.77180099487305,7.16901159286499,1.65759038925171,-0.111725829541683,0.0734877437353134,0.240356609225273,-12.0523271560669,-1.79201412200928,-0.216573342680931,0.304411500692368,-0.123151764273643,77.03156544,-81.1472257695,-3.5357844735,-0.499296955040607,0.535639187455756,2.10111763665989
-22.0108032226563,3.0517578125,-311.355590820313,-33.3786010742188,-4.57763671875,-408.706665039063,4.69204139709473,-8.18702220916748,-5.36493253707886,-0.84833687543869,-0.0245321039110422,-0.196994751691818,-1.65573275089264,-5.37046813964844,7.65936613082886,-0.00351665238849819,-0.127755463123322,0.0115790441632271,-0.0353005342185497,-5.77371072769165,7.17418146133423,1.64955163002014,-0.115528352558613,0.0709095299243927,0.227543771266937,-12.0551681518555,-1.78304266929626,-0.212588667869568,0.304958403110504,-0.125910803675652,77.03141171,-81.147380776,-3.535894298,-0.501162086495754,0.536219765196794,2.10457471858562
-21.7437744140625,2.9754638671875,-311.8896484375,-33.26416015625,-4.425048828125,-408.935546875,4.72228384017944,-8.2441930770874,-5.35847616195679,-0.848253130912781,-0.0211531240493059,-0.19324167072773,-1.62666237354279,-5.36103963851929,7.67348527908325,-0.00360305327922106,-0.129637122154236,0.0107297347858548,-0.0362483784556389,-5.77562046051025,7.17935132980347,1.64151275157928,-0.119330875575542,0.068331316113472,0.214730948209763,-12.0580101013184,-1.77407133579254,-0.208604007959366,0.305505305528641,-0.128669828176498,77.03125798,-81.1475357825,-3.5360041225,-0.503027217950901,0.536800342937833,2.10803180051136
-21.97265625,2.8228759765625,-312.423706054688,-33.3023071289063,-4.31060791015625,-408.706665039063,4.75252676010132,-8.30136394500732,-5.35201930999756,-0.848169445991516,-0.0177741423249245,-0.18948857486248,-1.59759211540222,-5.35161161422729,7.6876049041748,-0.00368945416994393,-0.131518796086311,0.00988042447715998,-0.0371962189674377,-5.77753019332886,7.18452167510986,1.63347399234772,-0.123133406043053,0.0657531023025513,0.201918110251427,-12.0608510971069,-1.76509988307953,-0.204619333148003,0.306052207946777,-0.131428867578506,77.03110425,-81.147690789,-3.536113947,-0.504892349406047,0.537380920678871,2.1114888824371
-22.2015380859375,2.6702880859375,-312.957763671875,-33.3404541015625,-4.1961669921875,-408.477783203125,4.78276920318604,-8.35853481292725,-5.34556293487549,-0.848085701465607,-0.0143951624631882,-0.185735493898392,-1.56852173805237,-5.34218311309814,7.7017240524292,-0.0037758550606668,-0.133400455117226,0.00903111509978771,-0.0381440632045269,-5.77943992614746,7.1896915435791,1.62543511390686,-0.126935929059982,0.0631748884916306,0.189105272293091,-12.0636930465698,-1.75612854957581,-0.200634658336639,0.306599110364914,-0.134187892079353,77.03095052,-81.1478457955,-3.5362237715,-0.506757480861194,0.53796149841991,2.11494596436284
-21.8963623046875,2.70843505859375,-313.720703125,-33.3023071289063,-4.00543212890625,-408.477783203125,4.78748893737793,-8.42157936096191,-5.33657121658325,-0.847709357738495,-0.0093374066054821,-0.183606520295143,-1.54832351207733,-5.33660984039307,7.71026086807251,-0.00527587998658419,-0.133174687623978,0.0097503773868084,-0.0561614595353603,-5.7900447845459,7.21078681945801,1.6268824338913,-0.137040704488754,0.0601360388100147,0.165971606969833,-12.0533285140991,-1.75060153007507,-0.198078572750092,0.304107695817947,-0.136092811822891,77.03079679,-81.148000802,-3.536333596,-0.508622612316341,0.538542076160948,2.11840304628858
-21.5911865234375,2.74658203125,-314.483642578125,-33.26416015625,-3.814697265625,-408.477783203125,4.79220867156982,-8.4846248626709,-5.32757949829102,-0.847333014011383,-0.00427965167909861,-0.181477546691895,-1.52812516689301,-5.33103704452515,7.71879816055298,-0.00677590491250157,-0.13294892013073,0.0104696396738291,-0.0741788595914841,-5.80064964294434,7.23188257217407,1.62832975387573,-0.147145479917526,0.0570971891283989,0.142837941646576,-12.0429639816284,-1.74507462978363,-0.195522487163544,0.301616281270981,-0.13799774646759,77.03064306,-81.1481558085,-3.5364434205,-0.510487743771487,0.539122653901987,2.12186012821432
-21.66748046875,2.70843505859375,-314.865112304688,-33.0734252929688,-3.814697265625,-407.867431640625,4.79692840576172,-8.54766941070557,-5.31858777999878,-0.846956670284271,0.000778103887569159,-0.179348573088646,-1.50792694091797,-5.32546377182007,7.72733497619629,-0.00827592983841896,-0.132723167538643,0.0111889028921723,-0.0921962559223175,-5.81125450134277,7.25297784805298,1.62977707386017,-0.157250255346298,0.0540583394467831,0.119704276323318,-12.0325994491577,-1.7395476102829,-0.192966401576996,0.299124866724014,-0.139902666211128,77.03048933,-81.148310815,-3.536553245,-0.512352875226634,0.539703231643025,2.12531721014006
-21.7437744140625,2.6702880859375,-315.24658203125,-32.8826904296875,-3.814697265625,-407.257080078125,4.80164861679077,-8.61071395874023,-5.30959606170654,-0.846580326557159,0.00583585910499096,-0.177219599485397,-1.48772871494293,-5.31989049911499,7.73587226867676,-0.00977595522999763,-0.132497400045395,0.011908165179193,-0.110213652253151,-5.82185935974121,7.27407360076904,1.6312243938446,-0.167355045676231,0.0510194897651672,0.096570611000061,-12.0222358703613,-1.73402059078217,-0.190410301089287,0.296633422374725,-0.141807585954666,77.0303356,-81.1484658215,-3.5366630695,-0.514218006681781,0.540283809384064,2.1287742920658
-21.4004516601563,2.6702880859375,-315.475463867188,-32.7301025390625,-3.8909912109375,-407.028198242188,4.80636835098267,-8.67375946044922,-5.30060482025146,-0.846203982830048,0.010893614962697,-0.17509064078331,-1.4675304889679,-5.31431770324707,7.74440908432007,-0.0112759796902537,-0.132271632552147,0.0126274274662137,-0.128231048583984,-5.83246421813965,7.29516887664795,1.63267171382904,-0.177459821105003,0.0479806363582611,0.0734369456768036,-12.0118713378906,-1.72849357128143,-0.187854215502739,0.294142007827759,-0.143712505698204,77.03018187,-81.148620828,-3.536772894,-0.516083138136927,0.540864387125102,2.13223137399153
-21.05712890625,2.6702880859375,-315.704345703125,-32.5775146484375,-3.96728515625,-406.79931640625,4.81108808517456,-8.73680400848389,-5.29161310195923,-0.845827639102936,0.0159513708204031,-0.172961667180061,-1.44733214378357,-5.30874443054199,7.75294589996338,-0.0127760050818324,-0.132045865058899,0.0133466897532344,-0.146248444914818,-5.84306907653809,7.31626462936401,1.63411903381348,-0.187564596533775,0.0449417866766453,0.0503032803535461,-12.0015068054199,-1.72296667098999,-0.185298129916191,0.291650593280792,-0.145617440342903,77.03002814,-81.1487758345,-3.5368827185,-0.517948269592074,0.54144496486614,2.13568845591727
-20.904541015625,2.5177001953125,-316.009521484375,-32.65380859375,-3.7384033203125,-406.951904296875,4.81580781936646,-8.79984855651855,-5.28262138366699,-0.845451235771179,0.021009124815464,-0.170832693576813,-1.42713391780853,-5.30317163467407,7.76148319244385,-0.0142760304734111,-0.131820097565651,0.0140659529715776,-0.164265841245651,-5.85367393493652,7.33735990524292,1.63556635379791,-0.197669371962547,0.0419029369950294,0.0271696150302887,-11.9911422729492,-1.71743965148926,-0.182742044329643,0.289159178733826,-0.147522360086441,77.02987441,-81.148930841,-3.536992543,-0.51981340104722,0.542025542607179,2.13914553784301
-20.751953125,2.3651123046875,-316.314697265625,-32.7301025390625,-3.509521484375,-407.1044921875,4.82052755355835,-8.86289405822754,-5.27362966537476,-0.845074892044067,0.0260668806731701,-0.168703719973564,-1.4069356918335,-5.29759836196899,7.77002000808716,-0.0157760549336672,-0.131594330072403,0.0147852152585983,-0.182283237576485,-5.86427879333496,7.35845565795898,1.63701367378235,-0.207774147391319,0.0388640873134136,0.00403594970703125,-11.9807777404785,-1.71191263198853,-0.180185958743095,0.286667764186859,-0.149427279829979,77.02972068,-81.1490858475,-3.5371023675,-0.521678532502367,0.542606120348217,2.14260261976875
-20.8282470703125,2.25067138671875,-316.7724609375,-32.4249267578125,-3.47137451171875,-406.951904296875,4.82524728775024,-8.92593860626221,-5.26463794708252,-0.844698548316956,0.0311246365308762,-0.166574746370316,-1.38673746585846,-5.29202508926392,7.77855730056763,-0.0172760803252459,-0.131368577480316,0.015504477545619,-0.200300633907318,-5.8748836517334,7.37955093383789,1.63846099376678,-0.217878922820091,0.0358252376317978,-0.0190977156162262,-11.9704132080078,-1.70638573169708,-0.177629873156548,0.284176349639893,-0.151332199573517,77.02956695,-81.149240854,-3.537212192,-0.523543663957514,0.543186698089256,2.14605970169449
-20.904541015625,2.13623046875,-317.230224609375,-32.1197509765625,-3.4332275390625,-406.79931640625,4.82996702194214,-8.98898315429688,-5.25564622879028,-0.844322204589844,0.0361823923885822,-0.164445772767067,-1.36653912067413,-5.286452293396,7.78709411621094,-0.0187761057168245,-0.131142809987068,0.0162237398326397,-0.218318030238152,-5.88548851013184,7.4006462097168,1.63990831375122,-0.227983698248863,0.032786387950182,-0.0422313809394836,-11.9600486755371,-1.70085871219635,-0.17507378757,0.281684935092926,-0.153237134218216,77.02941322,-81.1493958605,-3.5373220165,-0.52540879541266,0.543767275830294,2.14951678362023
-20.6756591796875,1.94549560546875,-317.3828125,-32.196044921875,-3.47137451171875,-406.494140625,4.83468723297119,-9.05202865600586,-5.24665451049805,-0.843945860862732,0.0412401482462883,-0.162316799163818,-1.3463408946991,-5.28087902069092,7.79563093185425,-0.0202761311084032,-0.13091704249382,0.0169430021196604,-0.236335426568985,-5.89609336853027,7.42174196243286,1.64135563373566,-0.238088488578796,0.0297475382685661,-0.0653650462627411,-11.9496850967407,-1.69533169269562,-0.172517687082291,0.279193490743637,-0.155142053961754,77.02925949,-81.149550867,-3.537431841,-0.527273926867807,0.544347853571333,2.15297386554597
-20.44677734375,1.7547607421875,-317.535400390625,-32.2723388671875,-3.509521484375,-406.18896484375,4.83940696716309,-9.11507320404053,-5.23766279220581,-0.84356951713562,0.0462979041039944,-0.16018782556057,-1.32614266872406,-5.27530574798584,7.80416822433472,-0.0217761546373367,-0.130691275000572,0.0176622644066811,-0.25435283780098,-5.90669822692871,7.44283723831177,1.64280295372009,-0.248193264007568,0.0267086867243052,-0.0884987115859985,-11.93932056427,-1.68980479240417,-0.169961601495743,0.276702076196671,-0.157046973705292,77.02910576,-81.1497058735,-3.5375416655,-0.529139058322954,0.544928431312371,2.15643094747171
-20.294189453125,1.86920166015625,-317.840576171875,-32.4249267578125,-3.2806396484375,-405.807495117188,4.84412670135498,-9.1781177520752,-5.22867107391357,-0.843193173408508,0.0513556599617004,-0.158058851957321,-1.30594444274902,-5.26973295211792,7.81270503997803,-0.0232761800289154,-0.130465507507324,0.0183815266937017,-0.272370219230652,-5.91730308532715,7.46393299102783,1.64425027370453,-0.25829803943634,0.0236698370426893,-0.111632376909256,-11.9289560317993,-1.68427777290344,-0.167405515909195,0.274210661649704,-0.15895189344883,77.02895203,-81.14986088,-3.53765149,-0.5310041897781,0.545509009053409,2.15988802939744
-20.1416015625,1.983642578125,-318.145751953125,-32.5775146484375,-3.0517578125,-405.426025390625,4.84436464309692,-9.22618865966797,-5.22046232223511,-0.842075765132904,0.0573884546756744,-0.157182306051254,-1.28105854988098,-5.2631311416626,7.82010889053345,-0.0253077335655689,-0.128881812095642,0.0201560817658901,-0.305454611778259,-5.92775440216064,7.47965955734253,1.64798200130463,-0.269239723682404,0.0206437353044748,-0.135007172822952,-11.9195852279663,-1.68177676200867,-0.165246307849884,0.270729899406433,-0.160091415047646,77.0291698785,-81.150236602,-3.537739032,-0.532329387961444,0.545511414382406,2.16309198821802
-20.0271606445313,1.79290771484375,-318.679809570313,-32.6156616210938,-2.899169921875,-405.197143554688,4.84012031555176,-9.25928497314453,-5.21303558349609,-0.840217232704163,0.0643962919712067,-0.157558187842369,-1.25148522853851,-5.25550031661987,7.82637882232666,-0.0278708152472973,-0.125940188765526,0.0229859296232462,-0.353605985641479,-5.93805265426636,7.49001789093018,1.6539980173111,-0.28101834654808,0.0176303815096617,-0.158623099327087,-11.9112091064453,-1.68230175971985,-0.163483992218971,0.266259759664536,-0.16046553850174,77.029387727,-81.150612324,-3.537826574,-0.533654586144789,0.545513819711402,2.1662959470386
-19.9127197265625,1.6021728515625,-319.2138671875,-32.65380859375,-2.74658203125,-404.96826171875,4.83587598800659,-9.29238224029541,-5.20560932159424,-0.838358759880066,0.0714041218161583,-0.157934054732323,-1.22191178798676,-5.24786949157715,7.83264923095703,-0.0304338969290257,-0.122998550534248,0.0258157774806023,-0.4017573595047,-5.94835042953491,7.50037622451782,1.66001403331757,-0.292796969413757,0.0146170286461711,-0.182239010930061,-11.9028329849243,-1.68282675743103,-0.161721676588058,0.261789619922638,-0.160839661955833,77.0296055755,-81.150988046,-3.537914116,-0.534979784328133,0.545516225040398,2.16949990585918
-19.7982788085938,1.6021728515625,-319.366455078125,-32.2341918945313,-2.8228759765625,-404.96826171875,4.83163166046143,-9.32547855377197,-5.19818258285522,-0.836500227451324,0.0784119591116905,-0.158309921622276,-1.19233846664429,-5.24023866653442,7.83891916275024,-0.032996978610754,-0.120056919753551,0.0286456253379583,-0.44990873336792,-5.95864868164063,7.51073455810547,1.66603004932404,-0.304575592279434,0.0116036757826805,-0.205854937434196,-11.8944568634033,-1.68335163593292,-0.159959360957146,0.25731948018074,-0.161213785409927,77.029823424,-81.151363768,-3.538001658,-0.536304982511477,0.545518630369395,2.17270386467975
-19.683837890625,1.6021728515625,-319.51904296875,-31.8145751953125,-2.899169921875,-404.96826171875,4.82738733291626,-9.35857486724854,-5.19075632095337,-0.834641754627228,0.0854197964072227,-0.158685803413391,-1.16276502609253,-5.2326078414917,7.84518957138062,-0.0355600602924824,-0.117115288972855,0.0314754731953144,-0.49806010723114,-5.96894645690918,7.52109289169312,1.67204606533051,-0.316354215145111,0.00859032198786736,-0.229470863938332,-11.8860807418823,-1.6838766336441,-0.158197030425072,0.252849340438843,-0.16158789396286,77.0300412725,-81.15173949,-3.5380892,-0.537630180694821,0.545521035698391,2.17590782350033
-19.683837890625,1.4495849609375,-319.671630859375,-31.890869140625,-2.8228759765625,-404.434204101563,4.82314348220825,-9.39167213439941,-5.18333005905151,-0.832783222198486,0.0924276262521744,-0.159061670303345,-1.13319170475006,-5.22497701644897,7.85145998001099,-0.0381231419742107,-0.114173658192158,0.0343053191900253,-0.54621148109436,-5.97924470901489,7.53145122528076,1.67806208133698,-0.328132808208466,0.00557696865871549,-0.253086775541306,-11.877703666687,-1.68440163135529,-0.156434714794159,0.248379185795784,-0.161962017416954,77.030259121,-81.152115212,-3.538176742,-0.538955378878166,0.545523441027387,2.17911178232091
-19.683837890625,1.2969970703125,-319.82421875,-31.9671630859375,-2.74658203125,-403.900146484375,4.81889915466309,-9.42476844787598,-5.1759033203125,-0.83092474937439,0.0994354635477066,-0.159437537193298,-1.1036182641983,-5.21734619140625,7.8577299118042,-0.0406862236559391,-0.111232027411461,0.0371351689100266,-0.594362854957581,-5.98954248428345,7.54180955886841,1.68407809734344,-0.339911431074142,0.00256361532956362,-0.276702702045441,-11.869327545166,-1.68492662906647,-0.154672399163246,0.243909046053886,-0.162336140871048,77.0304769695,-81.152490934,-3.538264284,-0.54028057706151,0.545525846356384,2.18231574114149
-19.4931030273438,1.25885009765625,-319.747924804688,-31.9671630859375,-2.74658203125,-404.052734375,4.81465482711792,-9.45786476135254,-5.16847705841064,-0.829066216945648,0.106443300843239,-0.159813418984413,-1.07404494285583,-5.20971536636353,7.86400032043457,-0.0432493016123772,-0.108290396630764,0.0399650149047375,-0.642514228820801,-5.99984073638916,7.55216789245605,1.69009399414063,-0.351690053939819,-0.000449738145107403,-0.300318628549576,-11.860951423645,-1.68545162677765,-0.152910083532333,0.23943892121315,-0.162710264325142,77.030694818,-81.152866656,-3.538351826,-0.541605775244854,0.54552825168538,2.18551969996207
-19.3023681640625,1.220703125,-319.671630859375,-31.9671630859375,-2.74658203125,-404.205322265625,4.81041049957275,-9.49096202850342,-5.16105031967163,-0.827207744121552,0.11345113068819,-0.160189285874367,-1.04447150230408,-5.2020845413208,7.87027025222778,-0.0458123832941055,-0.105348765850067,0.0427948646247387,-0.690665602684021,-6.01013851165771,7.5625262260437,1.69611001014709,-0.363468676805496,-0.00346309156157076,-0.323934555053711,-11.852575302124,-1.68597662448883,-0.151147753000259,0.234968781471252,-0.163084372878075,77.0309126665,-81.153242378,-3.538439368,-0.542930973428198,0.545530657014376,2.18872365878264
-19.3405151367188,1.1444091796875,-319.82421875,-32.1197509765625,-2.6702880859375,-403.976440429688,4.80616617202759,-9.52405834197998,-5.15362405776978,-0.82534921169281,0.120458967983723,-0.160565167665482,-1.01489818096161,-5.19445371627808,7.87654066085815,-0.0483754649758339,-0.10240712761879,0.0456247106194496,-0.738816976547241,-6.02043676376343,7.57288408279419,1.70212602615356,-0.375247299671173,-0.00647644512355328,-0.347550481557846,-11.844199180603,-1.68650162220001,-0.149385437369347,0.230498641729355,-0.163458496332169,77.031130515,-81.1536181,-3.53852691,-0.544256171611543,0.545533062343372,2.19192761760322
-19.378662109375,1.068115234375,-319.976806640625,-32.2723388671875,-2.593994140625,-403.74755859375,4.80192184448242,-9.55715465545654,-5.14619731903076,-0.823490738868713,0.127466797828674,-0.160941034555435,-0.985324800014496,-5.18682289123535,7.88281059265137,-0.0509385466575623,-0.0994654968380928,0.0484545603394508,-0.786968350410461,-6.03073453903198,7.58324241638184,1.70814204216003,-0.38702592253685,-0.00948979798704386,-0.371166378259659,-11.835823059082,-1.6870265007019,-0.147623121738434,0.226028501987457,-0.163832619786263,77.0313483635,-81.153993822,-3.538614452,-0.545581369794887,0.545535467672369,2.1951315764238
-19.4549560546875,1.068115234375,-320.053100585938,-32.0053100585938,-2.6702880859375,-403.518676757813,4.79767799377441,-9.59025096893311,-5.13877105712891,-0.821632206439972,0.134474635124207,-0.161316901445389,-0.955751419067383,-5.17919206619263,7.88908100128174,-0.0535016283392906,-0.0965238660573959,0.0512844063341618,-0.835119724273682,-6.0410327911377,7.59360074996948,1.7141580581665,-0.398804515600204,-0.012503151781857,-0.394782304763794,-11.8274459838867,-1.68755149841309,-0.145860806107521,0.22155836224556,-0.164206743240356,77.031566212,-81.154369544,-3.538701994,-0.546906567978231,0.545537873001365,2.19833553524438
-19.53125,1.068115234375,-320.12939453125,-31.73828125,-2.74658203125,-403.289794921875,4.79343366622925,-9.62334823608398,-5.13134431838989,-0.819773733615875,0.141482472419739,-0.161692783236504,-0.92617803812027,-5.1715612411499,7.89535093307495,-0.056064710021019,-0.0935822352766991,0.054114256054163,-0.883271098136902,-6.05133056640625,7.60395908355713,1.72017407417297,-0.410583138465881,-0.0155165046453476,-0.418398231267929,-11.8190698623657,-1.68807649612427,-0.144098475575447,0.217088222503662,-0.164580851793289,77.0317840605,-81.154745266,-3.538789536,-0.548231766161575,0.545540278330361,2.20153949406495
-19.2642211914063,0.72479248046875,-320.358276367188,-31.8145751953125,-2.74658203125,-403.13720703125,4.78918933868408,-9.65644454956055,-5.12391805648804,-0.817915201187134,0.148490309715271,-0.162068650126457,-0.896604657173157,-5.16393041610718,7.90162134170532,-0.0586277917027473,-0.0906406044960022,0.0569441020488739,-0.931422472000122,-6.06162881851196,7.61431741714478,1.72619009017944,-0.422361761331558,-0.0185298584401608,-0.442014157772064,-11.8106937408447,-1.68860149383545,-0.142336159944534,0.212618082761765,-0.164954975247383,77.032001909,-81.155120988,-3.538877078,-0.54955696434492,0.545542683659358,2.20474345288553
-18.9971923828125,0.3814697265625,-320.587158203125,-31.890869140625,-2.74658203125,-402.984619140625,4.77214431762695,-9.67726898193359,-5.12659311294556,-0.815018951892853,0.152989566326141,-0.165150135755539,-0.890167236328125,-5.16008472442627,7.90353298187256,-0.0610818117856979,-0.0853847935795784,0.0608651600778103,-0.99836540222168,-6.05747890472412,7.62281799316406,1.72963917255402,-0.431885719299316,-0.0210373308509588,-0.462873131036758,-11.8063449859619,-1.69841647148132,-0.140314623713493,0.207687348127365,-0.163978740572929,77.0322197575,-81.15549671,-3.53896462,-0.550882162528264,0.545545088988354,2.20794741170611
-19.1497802734375,0.41961669921875,-320.587158203125,-31.8145751953125,-2.593994140625,-403.13720703125,4.75509929656982,-9.69809436798096,-5.12926816940308,-0.812122702598572,0.157488822937012,-0.168231621384621,-0.883729815483093,-5.15623903274536,7.90544509887695,-0.0635358318686485,-0.0801289826631546,0.0647862181067467,-1.06530833244324,-6.05332946777344,7.63131856918335,1.73308825492859,-0.441409677267075,-0.0235448032617569,-0.48373207449913,-11.8019962310791,-1.7082314491272,-0.138293072581291,0.202756613492966,-0.163002505898476,77.032437606,-81.155872432,-3.539052162,-0.552207360711608,0.54554749431735,2.21115137052669
-19.3023681640625,0.457763671875,-320.587158203125,-31.73828125,-2.44140625,-403.289794921875,4.7380542755127,-9.718918800354,-5.1319432258606,-0.809226453304291,0.161988094449043,-0.171313092112541,-0.877292394638062,-5.15239334106445,7.90735673904419,-0.0659898594021797,-0.0748731717467308,0.0687072724103928,-1.13225114345551,-6.0491795539856,7.63981914520264,1.73653733730316,-0.450933635234833,-0.026052275672555,-0.504591047763824,-11.7976474761963,-1.71804654598236,-0.13627153635025,0.197825878858566,-0.162026271224022,77.0326554545,-81.156248154,-3.539139704,-0.553532558894952,0.545549899646346,2.21435532934726
-19.22607421875,0.41961669921875,-320.510864257813,-31.6619873046875,-2.63214111328125,-403.060913085938,4.72100925445557,-9.73974418640137,-5.13461780548096,-0.80633020401001,0.166487351059914,-0.174394577741623,-0.870855033397675,-5.14854764938354,7.90926885604858,-0.0684438794851303,-0.0696173533797264,0.0726283341646194,-1.19919407367706,-6.04503011703491,7.64831972122192,1.73998641967773,-0.460457593202591,-0.028559748083353,-0.525449991226196,-11.7932996749878,-1.72786152362823,-0.134249985218048,0.192895129323006,-0.161050051450729,77.032873303,-81.156623876,-3.539227246,-0.554857757078297,0.545552304975343,2.21755928816784
-19.1497802734375,0.3814697265625,-320.4345703125,-31.585693359375,-2.8228759765625,-402.83203125,4.70396423339844,-9.76056861877441,-5.13729286193848,-0.803433954715729,0.170986607670784,-0.177476063370705,-0.864417612552643,-5.14470195770264,7.91118049621582,-0.0708978995680809,-0.0643615424633026,0.0765493884682655,-1.26613700389862,-6.04088020324707,7.65682029724121,1.74343538284302,-0.469981521368027,-0.031067218631506,-0.546308934688568,-11.788950920105,-1.73767650127411,-0.132228448987007,0.187964394688606,-0.160073816776276,77.0330911515,-81.156999598,-3.539314788,-0.556182955261641,0.545554710304339,2.22076324698842
-19.0353393554688,0.26702880859375,-320.510864257813,-31.585693359375,-2.8228759765625,-402.374267578125,4.68691921234131,-9.78139400482178,-5.139967918396,-0.800537705421448,0.175485864281654,-0.180557548999786,-0.857980191707611,-5.14085626602173,7.91309261322021,-0.0733519196510315,-0.0591057315468788,0.0804704427719116,-1.33307993412018,-6.03673028945923,7.6653208732605,1.74688446521759,-0.479505479335785,-0.0335746929049492,-0.567167937755585,-11.7846021652222,-1.74749147891998,-0.130206897854805,0.183033660054207,-0.159097582101822,77.033309,-81.15737532,-3.53940233,-0.557508153444985,0.545557115633335,2.223967205809
-18.9208984375,0.152587890625,-320.587158203125,-31.585693359375,-2.8228759765625,-401.91650390625,4.66987371444702,-9.80221843719482,-5.14264297485352,-0.797641456127167,0.179985135793686,-0.183639034628868,-0.851542770862579,-5.13701057434082,7.91500425338745,-0.0758059397339821,-0.053849920630455,0.0843915045261383,-1.40002274513245,-6.03258085250854,7.67382144927979,1.75033354759216,-0.489029437303543,-0.0360821634531021,-0.588026881217957,-11.7802534103394,-1.75730657577515,-0.128185361623764,0.178102925419807,-0.158121347427368,77.166053202,-81.342918235,-3.5468118245,-0.557744799434573,0.545850537088811,2.22672904266393
-18.9590454101563,0.03814697265625,-320.4345703125,-31.585693359375,-2.8228759765625,-402.145385742188,4.65282869338989,-9.82304382324219,-5.14531803131104,-0.794745206832886,0.184484392404556,-0.18672052025795,-0.845105350017548,-5.13316488265991,7.91691637039185,-0.0782599598169327,-0.0485941097140312,0.0883125588297844,-1.466965675354,-6.0284309387207,7.68232202529907,1.75378262996674,-0.498553395271301,-0.0385896377265453,-0.608885824680328,-11.7759046554565,-1.76712155342102,-0.126163810491562,0.173172190785408,-0.157145112752914,77.298797404,-81.52846115,-3.554221319,-0.55798144542416,0.546143958544286,2.22949087951886
-18.9971923828125,-0.0762939453125,-320.281982421875,-31.585693359375,-2.8228759765625,-402.374267578125,4.63578367233276,-9.84386825561523,-5.14799308776855,-0.791848957538605,0.188983649015427,-0.18980199098587,-0.838667929172516,-5.129319190979,7.91882801055908,-0.0807139873504639,-0.0433382950723171,0.0922336205840111,-1.53390860557556,-6.02428150177002,7.69082260131836,1.75723171234131,-0.508077383041382,-0.0410971082746983,-0.6297447681427,-11.7715559005737,-1.77693653106689,-0.12414226680994,0.168241456151009,-0.156168878078461,77.431541606,-81.714004065,-3.5616308135,-0.558218091413748,0.546437379999761,2.2322527163738
-19.1497802734375,-0.19073486328125,-320.510864257813,-31.585693359375,-2.86102294921875,-402.145385742188,4.61873865127563,-9.86469268798828,-5.15066814422607,-0.788952708244324,0.193482905626297,-0.192883476614952,-0.832230508327484,-5.1254734992981,7.92074012756348,-0.0831680074334145,-0.0380824841558933,0.0961546748876572,-1.60085153579712,-6.02013158798218,7.69932317733765,1.76068079471588,-0.517601311206818,-0.0436045788228512,-0.650603771209717,-11.7672071456909,-1.78675150871277,-0.122120723128319,0.163310721516609,-0.155192643404007,77.564285808,-81.89954698,-3.569040308,-0.558454737403335,0.546730801455236,2.23501455322873
-19.3023681640625,-0.30517578125,-320.73974609375,-31.585693359375,-2.899169921875,-401.91650390625,4.60169363021851,-9.88551807403564,-5.15334272384644,-0.786056458950043,0.197982162237167,-0.195964962244034,-0.825793147087097,-5.12162780761719,7.92265176773071,-0.0856220275163651,-0.0328266732394695,0.100075729191303,-1.66779446601868,-6.01598167419434,7.70782375335693,1.76412987709045,-0.527125239372253,-0.0461120530962944,-0.671462714672089,-11.7628593444824,-1.79656648635864,-0.120099179446697,0.158379971981049,-0.154216423630714,77.69703001,-82.085089895,-3.5764498025,-0.558691383392923,0.547024222910712,2.23777639008366
-19.22607421875,-0.2288818359375,-320.816040039063,-31.2423706054688,-3.0517578125,-401.992797851563,4.58464860916138,-9.90634250640869,-5.15601778030396,-0.783160209655762,0.202481433749199,-0.199046447873116,-0.819355726242065,-5.11778211593628,7.92456388473511,-0.0880760475993156,-0.0275708604604006,0.10399679094553,-1.73473727703094,-6.01183223724365,7.71632432937622,1.76757895946503,-0.536649227142334,-0.0486195236444473,-0.69232165813446,-11.7585105895996,-1.80638158321381,-0.118077635765076,0.153449237346649,-0.153240188956261,77.829774212,-82.27063281,-3.583859297,-0.55892802938251,0.547317644366187,2.2405382269386
-19.1497802734375,-0.152587890625,-320.892333984375,-30.8990478515625,-3.204345703125,-402.069091796875,4.56760358810425,-9.92716789245605,-5.15869283676147,-0.780263960361481,0.206980690360069,-0.202127933502197,-0.812918305397034,-5.11393642425537,7.92647552490234,-0.0905300676822662,-0.0223150476813316,0.107917845249176,-1.8016802072525,-6.00768232345581,7.72482490539551,1.7710280418396,-0.54617315530777,-0.0511269979178905,-0.713180601596832,-11.7541618347168,-1.81619656085968,-0.116056092083454,0.14851850271225,-0.152263954281807,77.962518414,-82.456175725,-3.5912687915,-0.559164675372098,0.547611065821662,2.24330006379353
-19.1879272460938,-0.19073486328125,-320.663452148438,-31.0897827148438,-3.16619873046875,-402.069091796875,4.54014778137207,-9.93186378479004,-5.16529846191406,-0.777065098285675,0.20951808989048,-0.20585672557354,-0.815213084220886,-5.11324262619019,7.92421770095825,-0.092848002910614,-0.0167793612927198,0.111897438764572,-1.85695147514343,-5.9967246055603,7.73423528671265,1.77279353141785,-0.554159879684448,-0.0538072250783443,-0.730012655258179,-11.7517242431641,-1.83125150203705,-0.114316694438457,0.144576713442802,-0.150931656360626,78.095262616,-82.64171864,-3.598678286,-0.559401321361685,0.547904487277137,2.24606190064846
-19.22607421875,-0.2288818359375,-320.4345703125,-31.280517578125,-3.1280517578125,-402.069091796875,4.50228118896484,-9.92043113708496,-5.17583465576172,-0.773563623428345,0.21009361743927,-0.210232853889465,-0.826240062713623,-5.11570119857788,7.91778945922852,-0.095029853284359,-0.0109637966379523,0.115935556590557,-1.90055096149445,-5.97895860671997,7.74455547332764,1.77287554740906,-0.56060928106308,-0.056660208851099,-0.742817759513855,-11.7511968612671,-1.8515465259552,-0.112859435379505,0.141623869538307,-0.149243295192719,78.228006818,-82.827261555,-3.6060877805,-0.559637967351273,0.548197908732612,2.2488237375034
-19.3405151367188,-0.26702880859375,-320.663452148438,-31.2423706054688,-3.2806396484375,-402.2216796875,4.46441459655762,-9.90899753570557,-5.18637084960938,-0.770062208175659,0.210669159889221,-0.21460896730423,-0.83726704120636,-5.11815977096558,7.91136121749878,-0.0972116962075233,-0.00514823291450739,0.119973674416542,-1.94415056705475,-5.96119260787964,7.75487518310547,1.77295768260956,-0.567058682441711,-0.0595131926238537,-0.755622863769531,-11.7506694793701,-1.87184154987335,-0.111402176320553,0.138671025633812,-0.147554934024811,78.36075102,-83.01280447,-3.613497275,-0.55987461334086,0.548491330188087,2.25158557435833
-19.4549560546875,-0.30517578125,-320.892333984375,-31.2042236328125,-3.4332275390625,-402.374267578125,4.42654752731323,-9.89756488800049,-5.19690704345703,-0.766560792922974,0.211244687438011,-0.218985095620155,-0.848294019699097,-5.12061834335327,7.90493297576904,-0.0993935465812683,0.000667330576106906,0.124011792242527,-1.98775005340576,-5.94342660903931,7.76519536972046,1.77303969860077,-0.573508083820343,-0.0623661763966084,-0.768428027629852,-11.7501420974731,-1.8921365737915,-0.1099449172616,0.135718166828156,-0.145866587758064,78.493495222,-83.198347385,-3.6209067695,-0.560111259330448,0.548784751643563,2.25434741121326
-19.378662109375,-0.26702880859375,-320.816040039063,-31.0897827148438,-3.62396240234375,-402.297973632813,4.38868093490601,-9.88613224029541,-5.20744323730469,-0.763059318065643,0.211820214986801,-0.22336120903492,-0.859320998191833,-5.12307691574097,7.89850473403931,-0.101575396955013,0.0064828940667212,0.128049910068512,-2.03134965896606,-5.92566061019897,7.77551507949829,1.77312171459198,-0.579957544803619,-0.0652191564440727,-0.781233131885529,-11.7496156692505,-1.91243159770966,-0.108487658202648,0.13276532292366,-0.144178226590157,78.626239424,-83.3838903,-3.628316264,-0.560347905320035,0.549078173099038,2.2571092480682
-19.3023681640625,-0.2288818359375,-320.73974609375,-30.975341796875,-3.814697265625,-402.2216796875,4.35081434249878,-9.87469959259033,-5.21797943115234,-0.759557902812958,0.212395757436752,-0.227737337350845,-0.87034797668457,-5.12553548812866,7.89207696914673,-0.103757239878178,0.0122984582558274,0.132088035345078,-2.07494926452637,-5.90789461135864,7.78583478927612,1.77320373058319,-0.586406946182251,-0.0680721402168274,-0.794038236141205,-11.7490882873535,-1.93272650241852,-0.107030399143696,0.129812479019165,-0.142489865422249,78.758983626,-83.569433215,-3.6357257585,-0.560584551309623,0.549371594554513,2.25987108492313
-19.378662109375,-0.19073486328125,-320.587158203125,-31.0516357421875,-3.8909912109375,-402.145385742188,4.31294775009155,-9.86326694488525,-5.228515625,-0.756056487560272,0.212971284985542,-0.23211345076561,-0.881374955177307,-5.12799406051636,7.88564872741699,-0.105939090251923,0.0181140210479498,0.136126160621643,-2.11854887008667,-5.89012861251831,7.79615497589111,1.7732857465744,-0.592856347560883,-0.0709251239895821,-0.806843340396881,-11.7485609054565,-1.95302152633667,-0.105573140084743,0.12685963511467,-0.140801504254341,78.891727828,-83.75497613,-3.643135253,-0.560821197299211,0.549665016009988,2.26263292177806
-19.4549560546875,-0.152587890625,-320.4345703125,-31.1279296875,-3.96728515625,-402.069091796875,4.27508115768433,-9.85183334350586,-5.23905229568481,-0.752555012702942,0.213546827435493,-0.236489579081535,-0.892401933670044,-5.13045310974121,7.87922048568726,-0.108120933175087,0.0239295847713947,0.140164270997047,-2.16214823722839,-5.87236213684082,7.80647468566895,1.7733678817749,-0.599305748939514,-0.0737781077623367,-0.819648444652557,-11.7480335235596,-1.97331655025482,-0.104115888476372,0.123906791210175,-0.139113143086433,79.02447203,-83.940519045,-3.6505447475,-0.561057843288798,0.549958437465464,2.265394758633
-19.3405151367188,-0.11444091796875,-320.4345703125,-31.1279296875,-4.0435791015625,-402.52685546875,4.2372145652771,-9.84040069580078,-5.24958848953247,-0.749053597450256,0.214122354984283,-0.2408656924963,-0.903428912162781,-5.13291168212891,7.87279224395752,-0.110302783548832,0.0297451484948397,0.144202396273613,-2.2057478427887,-5.85459613800049,7.81679487228394,1.77344989776611,-0.605755209922791,-0.0766310915350914,-0.832453548908234,-11.7475070953369,-1.99361157417297,-0.102658629417419,0.120953939855099,-0.137424781918526,79.157216232,-84.12606196,-3.657954242,-0.561294489278386,0.550251858920939,2.26815659548793
-19.22607421875,-0.0762939453125,-320.4345703125,-31.1279296875,-4.119873046875,-402.984619140625,4.19934797286987,-9.8289680480957,-5.26012468338013,-0.745552122592926,0.214697882533073,-0.245241820812225,-0.914455890655518,-5.1353702545166,7.86636400222778,-0.112484633922577,0.0355607122182846,0.148240506649017,-2.249347448349,-5.83683013916016,7.82711458206177,1.77353191375732,-0.612204611301422,-0.0794840753078461,-0.84525865316391,-11.7469797134399,-2.01390647888184,-0.101201370358467,0.118001095950603,-0.135736420750618,79.289960434,-84.311604875,-3.6653637365,-0.561531135267973,0.550545280376414,2.27091843234286
-19.4549560546875,-0.03814697265625,-320.510864257813,-31.0897827148438,-4.15802001953125,-403.289794921875,4.16148090362549,-9.81753540039063,-5.27066087722778,-0.74205070734024,0.215273424983025,-0.24961793422699,-0.925482869148254,-5.1378288269043,7.85993576049805,-0.114666476845741,0.0413762778043747,0.152278631925583,-2.2929470539093,-5.81906414031982,7.83743476867676,1.77361392974854,-0.618654012680054,-0.0823370590806007,-0.858063817024231,-11.746452331543,-2.03420162200928,-0.0997441112995148,0.115048252046108,-0.134048074483871,79.422704636,-84.49714779,-3.672773231,-0.561767781257561,0.550838701831889,2.2736802691978
-19.683837890625,0,-320.587158203125,-31.0516357421875,-4.1961669921875,-403.594970703125,4.12361431121826,-9.80610179901123,-5.28119707107544,-0.738549292087555,0.215848952531815,-0.253994047641754,-0.936509847640991,-5.14028739929199,7.85350799560547,-0.116848327219486,0.0471918396651745,0.156316757202148,-2.33654642105103,-5.80129814147949,7.84775447845459,1.77369606494904,-0.625103414058685,-0.0851900428533554,-0.870868921279907,-11.745924949646,-2.05449652671814,-0.0982868522405624,0.112095408141613,-0.132359713315964,79.555448838,-84.682690705,-3.6801827255,-0.562004427247148,0.551132123287364,2.27644210605273
-19.7219848632813,-0.0762939453125,-320.281982421875,-31.0897827148438,-4.3487548828125,-403.594970703125,4.08574771881104,-9.79466915130615,-5.2917332649231,-0.735047817230225,0.216424494981766,-0.258370190858841,-0.947536826133728,-5.14274597167969,7.84707975387573,-0.119030170142651,0.0530074052512646,0.160354867577553,-2.38014602661133,-5.78353214263916,7.85807466506958,1.77377808094025,-0.631552875041962,-0.0880430266261101,-0.883674025535583,-11.7453985214233,-2.07479166984558,-0.0968295931816101,0.109142556786537,-0.130671352148056,79.68819304,-84.86823362,-3.68759222,-0.562241073236736,0.55142554474284,2.27920394290766
-19.7601318359375,-0.152587890625,-319.976806640625,-31.1279296875,-4.5013427734375,-403.594970703125,4.04788112640381,-9.78323650360107,-5.30226945877075,-0.731546401977539,0.217000022530556,-0.262746304273605,-0.958563804626465,-5.14520454406738,7.840651512146,-0.121212020516396,0.0588229671120644,0.164392992854118,-2.42374563217163,-5.76576614379883,7.86839437484741,1.77386009693146,-0.638002276420593,-0.0908960103988647,-0.89647912979126,-11.7448711395264,-2.09508657455444,-0.0953723341226578,0.106189712882042,-0.128982990980148,79.688370078,-84.8683613475,-3.6877493105,-0.561915720464409,0.551946010481166,2.28135880094596
-19.9127197265625,-0.03814697265625,-319.976806640625,-31.0516357421875,-4.61578369140625,-403.900146484375,3.99727630615234,-9.74317359924316,-5.31954479217529,-0.72871333360672,0.214854329824448,-0.266159296035767,-0.975416660308838,-5.14800834655762,7.82884454727173,-0.122974388301373,0.0636192709207535,0.167132139205933,-2.43486309051514,-5.743821144104,7.85432863235474,1.77017879486084,-0.641255438327789,-0.0941356495022774,-0.896413743495941,-11.7537355422974,-2.11778712272644,-0.0944160968065262,0.105960197746754,-0.127230882644653,79.688547116,-84.868489075,-3.687906401,-0.561590367692082,0.552466476219492,2.28351365898426
-20.0653076171875,0.0762939453125,-319.976806640625,-30.975341796875,-4.730224609375,-404.205322265625,3.94667172431946,-9.70310974121094,-5.33682060241699,-0.725880265235901,0.21270863711834,-0.269572257995605,-0.992269456386566,-5.15081167221069,7.81703758239746,-0.12473676353693,0.0684155821800232,0.169871270656586,-2.44598054885864,-5.72187614440918,7.8402624130249,1.76649761199951,-0.64450865983963,-0.0973752811551094,-0.896348297595978,-11.7626008987427,-2.14048767089844,-0.093459852039814,0.105730690062046,-0.125478774309158,79.688724154,-84.8686168025,-3.6880634915,-0.561265014919756,0.552986941957818,2.28566851702256
-20.1416015625,0.11444091796875,-319.82421875,-30.7464599609375,-4.84466552734375,-404.35791015625,3.89606690406799,-9.66304683685303,-5.35409593582153,-0.723047137260437,0.210562959313393,-0.272985249757767,-1.00912237167358,-5.15361547470093,7.80523061752319,-0.126499131321907,0.0732118859887123,0.1726104170084,-2.45709800720215,-5.69993114471436,7.82619667053223,1.76281630992889,-0.647761821746826,-0.100614920258522,-0.896282911300659,-11.7714653015137,-2.16318798065186,-0.0925036147236824,0.105501174926758,-0.123726673424244,79.688901192,-84.86874453,-3.688220582,-0.560939662147429,0.553507407696145,2.28782337506086
-20.2178955078125,0.152587890625,-319.671630859375,-30.517578125,-4.9591064453125,-404.510498046875,3.84546232223511,-9.62298393249512,-5.37137126922607,-0.720214068889618,0.208417266607285,-0.276398241519928,-1.02597510814667,-5.156418800354,7.79342365264893,-0.128261506557465,0.078008197247982,0.175349548459053,-2.46821546554565,-5.67798662185669,7.81213092803955,1.75913500785828,-0.651014983654022,-0.103854559361935,-0.896217465400696,-11.780330657959,-2.18588852882385,-0.0915473774075508,0.10527166724205,-0.121974565088749,79.68907823,-84.8688722575,-3.6883776725,-0.560614309375103,0.554027873434471,2.28997823309916
-20.3704833984375,0,-319.442749023438,-30.5557250976563,-4.8828125,-404.586791992188,3.79485750198364,-9.58292007446289,-5.38864707946777,-0.717381000518799,0.206271573901176,-0.279811233282089,-1.04282796382904,-5.15922260284424,7.78161668777466,-0.130023881793022,0.0828045010566711,0.178088694810867,-2.47933292388916,-5.65604162216187,7.79806518554688,1.75545382499695,-0.654268205165863,-0.107094198465347,-0.896152079105377,-11.78919506073,-2.20858907699585,-0.0905911326408386,0.105042152106762,-0.120222456753254,79.689255268,-84.868999985,-3.688534763,-0.560288956602776,0.554548339172797,2.29213309113746
-20.5230712890625,-0.152587890625,-319.2138671875,-30.5938720703125,-4.8065185546875,-404.6630859375,3.74425292015076,-9.54285717010498,-5.40592241287231,-0.71454793214798,0.204125881195068,-0.283224195241928,-1.05968081951141,-5.16202592849731,7.76980972290039,-0.131786242127419,0.0876008048653603,0.18082782626152,-2.49045038223267,-5.63409662246704,7.78399896621704,1.75177252292633,-0.657521367073059,-0.110333830118179,-0.896086692810059,-11.798059463501,-2.23128962516785,-0.089634895324707,0.104812636971474,-0.11847035586834,79.689432306,-84.8691277125,-3.6886918535,-0.559963603830449,0.555068804911124,2.29428794917575
-20.6756591796875,-0.03814697265625,-319.2138671875,-30.364990234375,-4.99725341796875,-405.044555664063,3.69364809989929,-9.50279426574707,-5.42319774627686,-0.711714863777161,0.20198018848896,-0.286637187004089,-1.07653367519379,-5.16482973098755,7.75800275802612,-0.133548617362976,0.09239711612463,0.183566972613335,-2.50156807899475,-5.61215162277222,7.76993322372437,1.74809122085571,-0.660774528980255,-0.113573469221592,-0.896021246910095,-11.8069248199463,-2.25399017333984,-0.0886786505579948,0.104583129286766,-0.116718247532845,79.689609344,-84.86925544,-3.688848944,-0.559638251058123,0.55558927064945,2.29644280721405
-20.8282470703125,0.0762939453125,-319.2138671875,-30.1361083984375,-5.18798828125,-405.426025390625,3.64304351806641,-9.46273040771484,-5.44047355651855,-0.708881795406342,0.199834495782852,-0.290050178766251,-1.09338653087616,-5.16763305664063,7.74619579315186,-0.135310992598534,0.0971934199333191,0.186306104063988,-2.51268553733826,-5.59020662307739,7.75586748123169,1.74441003799438,-0.664027750492096,-0.116813108325005,-0.895955860614777,-11.8157892227173,-2.27669072151184,-0.0877224132418633,0.104353614151478,-0.11496613919735,79.689786382,-84.8693831675,-3.6890060345,-0.559312898285796,0.556109736387776,2.29859766525235
-20.9808349609375,-0.03814697265625,-319.2138671875,-30.1361083984375,-5.14984130859375,-405.731201171875,3.59243869781494,-9.42266750335693,-5.4577488899231,-0.706048667430878,0.197688817977905,-0.293463170528412,-1.11023938655853,-5.17043685913086,7.73438882827759,-0.137073367834091,0.101989731192589,0.189045250415802,-2.52380299568176,-5.56826162338257,7.74180126190186,1.74072873592377,-0.667280912399292,-0.120052747428417,-0.895890414714813,-11.8246545791626,-2.29939103126526,-0.0867661759257317,0.10412410646677,-0.113214038312435,79.68996342,-84.869510895,-3.689163125,-0.55898754551347,0.556630202126103,2.30075252329065
-21.1334228515625,-0.152587890625,-319.2138671875,-30.1361083984375,-5.1116943359375,-406.036376953125,3.54183387756348,-9.38260459899902,-5.47502422332764,-0.703215599060059,0.195543125271797,-0.296876132488251,-1.12709224224091,-5.17324066162109,7.72258186340332,-0.138835728168488,0.106786035001278,0.191784381866455,-2.53492045402527,-5.54631662368774,7.72773551940918,1.73704743385315,-0.670534074306488,-0.123292379081249,-0.895825028419495,-11.8335189819336,-2.32209157943726,-0.0858099311590195,0.103894591331482,-0.11146192997694,79.690140458,-84.8696386225,-3.6893202155,-0.558662192741143,0.557150667864429,2.30290738132895
-21.0952758789063,-0.03814697265625,-319.137573242188,-30.0216674804688,-5.2642822265625,-406.646728515625,3.49122929573059,-9.3425407409668,-5.49230003356934,-0.70038253068924,0.193397432565689,-0.300289124250412,-1.14394497871399,-5.17604398727417,7.71077489852905,-0.140598103404045,0.111582338809967,0.194523528218269,-2.54603791236877,-5.52437210083008,7.7136697769165,1.73336625099182,-0.673787295818329,-0.126532018184662,-0.895759642124176,-11.8423833847046,-2.34479212760925,-0.0848536938428879,0.103665076196194,-0.109709821641445,79.690317496,-84.86976635,-3.689477306,-0.558336839968816,0.557671133602755,2.30506223936725
-21.05712890625,0.0762939453125,-319.061279296875,-29.9072265625,-5.4168701171875,-407.257080078125,3.44062447547913,-9.30247783660889,-5.50957536697388,-0.69754946231842,0.191251739859581,-0.303702116012573,-1.16079783439636,-5.1788477897644,7.69896793365479,-0.142360478639603,0.116378650069237,0.197262659668922,-2.55715537071228,-5.50242710113525,7.69960355758667,1.7296849489212,-0.677040457725525,-0.129771649837494,-0.895694196224213,-11.8512487411499,-2.36749267578125,-0.0838974565267563,0.103435568511486,-0.107957720756531,79.690494534,-84.8698940775,-3.6896343965,-0.55801148719649,0.558191599341081,2.30721709740555
-21.3241577148438,0.11444091796875,-319.061279296875,-29.7164916992188,-5.37872314453125,-407.257080078125,3.39001989364624,-9.26241493225098,-5.52685070037842,-0.694716393947601,0.189106047153473,-0.307115107774734,-1.17765069007874,-5.18165111541748,7.68716096878052,-0.14412285387516,0.121174953877926,0.200001806020737,-2.56827282905579,-5.48048210144043,7.68553781509399,1.72600364685059,-0.680293619632721,-0.133011296391487,-0.895628809928894,-11.8601131439209,-2.39019322395325,-0.0829412117600441,0.103206053376198,-0.106205612421036,79.690671572,-84.870021805,-3.689791487,-0.557686134424163,0.558712065079408,2.30937195544384
-21.5911865234375,0.152587890625,-319.061279296875,-29.5257568359375,-5.340576171875,-407.257080078125,3.34694027900696,-9.21648597717285,-5.5355544090271,-0.69175511598587,0.187089666724205,-0.309230089187622,-1.19714033603668,-5.18539237976074,7.67377519607544,-0.145252153277397,0.124965608119965,0.20203523337841,-2.56219410896301,-5.46163129806519,7.65811920166016,1.71989417076111,-0.681717276573181,-0.136439055204391,-0.891392171382904,-11.8743381500244,-2.41069722175598,-0.0822125598788261,0.103440895676613,-0.104584455490112,79.69084861,-84.8701495325,-3.6899485775,-0.557360781651836,0.559232530817734,2.31152681348214
-21.5911865234375,0.19073486328125,-318.832397460938,-29.60205078125,-5.340576171875,-407.71484375,3.31138610839844,-9.16469192504883,-5.53568601608276,-0.688665628433228,0.185202598571777,-0.310047060251236,-1.21926689147949,-5.19007110595703,7.65881061553955,-0.145748376846313,0.127750605344772,0.203362941741943,-2.53891921043396,-5.44587421417236,7.61734771728516,1.71135640144348,-0.681311309337616,-0.140054941177368,-0.882984280586243,-11.8939237594604,-2.42900514602661,-0.0817115008831024,0.104140095412731,-0.10309424251318,79.691025648,-84.87027726,-3.690105668,-0.55703542887951,0.55975299655606,2.31368167152044
-21.5911865234375,0.2288818359375,-318.603515625,-29.6783447265625,-5.340576171875,-408.172607421875,3.27583193778992,-9.1128978729248,-5.53581809997559,-0.685576200485229,0.18331553041935,-0.31086403131485,-1.2413934469223,-5.19475030899048,7.6438455581665,-0.14624460041523,0.13053560256958,0.204690650105476,-2.51564407348633,-5.43011713027954,7.57657623291016,1.70281863212585,-0.680905401706696,-0.143670827150345,-0.874576389789581,-11.9135093688965,-2.44731283187866,-0.0812104344367981,0.104839295148849,-0.101604036986828,79.691202686,-84.8704049875,-3.6902627585,-0.556710076107183,0.560273462294387,2.31583652955874
-21.7056274414063,0.34332275390625,-317.9931640625,-29.4113159179688,-5.30242919921875,-408.554077148438,3.24027752876282,-9.0611047744751,-5.53594970703125,-0.682486772537231,0.181428462266922,-0.311681002378464,-1.26352000236511,-5.19942903518677,7.62888097763062,-0.146740823984146,0.133320599794388,0.206018373370171,-2.49236917495728,-5.41436004638672,7.53580474853516,1.69428086280823,-0.68049943447113,-0.147286728024483,-0.86616849899292,-11.9330940246582,-2.46562075614929,-0.0807093679904938,0.105538494884968,-0.100113831460476,79.691379724,-84.870532715,-3.690419849,-0.556384723334857,0.560793928032713,2.31799138759704
-21.820068359375,0.457763671875,-317.3828125,-29.144287109375,-5.2642822265625,-408.935546875,3.2047233581543,-9.00931072235107,-5.53608131408691,-0.679397284984589,0.179541394114494,-0.312497973442078,-1.28564655780792,-5.20410776138306,7.61391592025757,-0.147237047553062,0.136105597019196,0.207346081733704,-2.46909427642822,-5.3986029624939,7.49503326416016,1.6857430934906,-0.680093467235565,-0.150902613997459,-0.857760608196259,-11.9526796340942,-2.48392868041992,-0.0802083089947701,0.106237694621086,-0.0986236184835434,79.691556762,-84.8706604425,-3.6905769395,-0.55605937056253,0.561314393771039,2.32014624563534
-21.97265625,0.41961669921875,-317.459106445313,-29.0679931640625,-5.30242919921875,-409.088134765625,3.16916918754578,-8.95751667022705,-5.53621292114258,-0.676307857036591,0.177654325962067,-0.313314944505692,-1.30777299404144,-5.2087869644165,7.59895133972168,-0.14773328602314,0.138890594244003,0.208673790097237,-2.44581913948059,-5.38284587860107,7.45426177978516,1.67720532417297,-0.679687559604645,-0.154518499970436,-0.849352717399597,-11.9722652435303,-2.50223636627197,-0.0797072425484657,0.106936886906624,-0.0971334129571915,79.6917338,-84.87078817,-3.69073403,-0.555734017790203,0.561834859509366,2.32230110367363
-22.125244140625,0.3814697265625,-317.535400390625,-28.99169921875,-5.340576171875,-409.24072265625,3.13361477851868,-8.90572261810303,-5.53634452819824,-0.673218429088593,0.175767257809639,-0.314131915569305,-1.32989954948425,-5.21346569061279,7.58398628234863,-0.148229509592056,0.141675591468811,0.210001513361931,-2.42254424095154,-5.36708879470825,7.41349029541016,1.66866755485535,-0.67928159236908,-0.158134385943413,-0.840944826602936,-11.991849899292,-2.5205442905426,-0.0792061761021614,0.107636086642742,-0.0956432074308395,79.7737380015,-85.0647022115,-3.6939028795,-0.555068244770618,0.562876978189378,2.32371131226646
-22.125244140625,0.3814697265625,-317.611694335938,-28.839111328125,-5.2642822265625,-409.85107421875,3.09806060791016,-8.853928565979,-5.53647661209106,-0.67012894153595,0.173880189657211,-0.314948886632919,-1.35202610492706,-5.21814441680908,7.56902170181274,-0.148725733160973,0.144460588693619,0.211329221725464,-2.39926934242249,-5.35133171081543,7.372718334198,1.66012990474701,-0.678875684738159,-0.161750271916389,-0.832536935806274,-12.011435508728,-2.53885197639465,-0.0787051171064377,0.10833528637886,-0.094152994453907,79.855742203,-85.258616253,-3.697071729,-0.554402471751033,0.56391909686939,2.32512152085928
-22.125244140625,0.3814697265625,-317.68798828125,-28.6865234375,-5.18798828125,-410.46142578125,3.06250643730164,-8.80213451385498,-5.53660821914673,-0.667039513587952,0.171993121504784,-0.315765857696533,-1.37415266036987,-5.22282361984253,7.5540566444397,-0.149221956729889,0.147245585918427,0.212656930088997,-2.37599420547485,-5.33557462692261,7.331946849823,1.65159213542938,-0.678469717502594,-0.165366157889366,-0.824129045009613,-12.0310211181641,-2.55715990066528,-0.0782040506601334,0.109034486114979,-0.0926627889275551,79.9377464045,-85.4525302945,-3.7002405785,-0.553736698731447,0.564961215549402,2.32653172945211
-22.3159790039063,0.41961669921875,-317.3828125,-28.4194946289063,-5.1116943359375,-410.7666015625,3.02695202827454,-8.75034046173096,-5.53673982620239,-0.663950026035309,0.170106038451195,-0.316582858562469,-1.39627921581268,-5.22750234603882,7.53909206390381,-0.149718180298805,0.150030583143234,0.213984653353691,-2.3527193069458,-5.31981754302979,7.291175365448,1.64305436611176,-0.678063750267029,-0.168982043862343,-0.815721213817596,-12.0506057739258,-2.57546782493591,-0.0777029916644096,0.109733685851097,-0.0911725759506226,80.019750606,-85.646444336,-3.703409428,-0.553070925711862,0.566003334229415,2.32794193804493
-22.5067138671875,0.457763671875,-317.07763671875,-28.1524658203125,-5.035400390625,-411.07177734375,2.99139785766602,-8.69854736328125,-5.53687143325806,-0.660860598087311,0.168218970298767,-0.317399829626083,-1.41840577125549,-5.23218107223511,7.52412700653076,-0.150214403867722,0.152815580368042,0.215312361717224,-2.32944440841675,-5.30406045913696,7.250403881073,1.63451659679413,-0.677657842636108,-0.172597944736481,-0.807313323020935,-12.0701913833618,-2.59377551078796,-0.0772019252181053,0.110432885587215,-0.0896823704242706,80.1017548075,-85.8403583775,-3.7065782775,-0.552405152692277,0.567045452909427,2.32935214663775
-22.5448608398438,0.64849853515625,-317.153930664063,-28.1143188476563,-5.18798828125,-411.148071289063,2.9558436870575,-8.64675331115723,-5.53700351715088,-0.657771170139313,0.166331902146339,-0.318216800689697,-1.44053220748901,-5.2368597984314,7.50916242599487,-0.150710642337799,0.15560057759285,0.216640070080757,-2.3061695098877,-5.28830337524414,7.209632396698,1.6259788274765,-0.677251875400543,-0.176213830709457,-0.798905432224274,-12.0897769927979,-2.61208343505859,-0.076700858771801,0.111132077872753,-0.0881921648979187,80.183759009,-86.034272419,-3.709747127,-0.551739379672691,0.568087571589439,2.33076235523058
-22.5830078125,0.8392333984375,-317.230224609375,-28.076171875,-5.340576171875,-411.224365234375,2.9202892780304,-8.5949592590332,-5.53713512420654,-0.65468168258667,0.164444833993912,-0.319033771753311,-1.46265876293182,-5.24153900146484,7.49419736862183,-0.151206865906715,0.158385574817657,0.217967793345451,-2.28289437294006,-5.27254629135132,7.168860912323,1.61744105815887,-0.676845967769623,-0.179829716682434,-0.790497541427612,-12.1093616485596,-2.63039112091064,-0.0761997997760773,0.111831277608871,-0.0867019519209862,80.2657632105,-86.2281864605,-3.7129159765,-0.551073606653106,0.569129690269452,2.3321725638234
-22.735595703125,0.87738037109375,-317.230224609375,-27.8091430664063,-5.18798828125,-411.911010742188,2.88473510742188,-8.54316520690918,-5.53726673126221,-0.651592254638672,0.162557765841484,-0.319850742816925,-1.48478531837463,-5.24621772766113,7.47923278808594,-0.151703089475632,0.161170572042465,0.219295501708984,-2.25961947441101,-5.2567892074585,7.128089427948,1.60890328884125,-0.676440000534058,-0.183445602655411,-0.782089650630951,-12.1289472579956,-2.64869904518127,-0.0756987333297729,0.11253047734499,-0.0852117463946342,80.347767412,-86.422100502,-3.716084826,-0.550407833633521,0.570171808949464,2.33358277241622
-22.88818359375,0.91552734375,-317.230224609375,-27.5421142578125,-5.035400390625,-412.59765625,2.86713290214539,-8.48740863800049,-5.55830001831055,-0.649153232574463,0.158461809158325,-0.318178057670593,-1.49611699581146,-5.26114654541016,7.46856737136841,-0.15070153772831,0.161931440234184,0.220015272498131,-2.20562052726746,-5.25174045562744,7.1134672164917,1.60048806667328,-0.674385547637939,-0.188126936554909,-0.760628223419189,-12.1487426757813,-2.65721464157104,-0.0755486115813255,0.113074764609337,-0.0842198356986046,80.4297716135,-86.6160145435,-3.7192536755,-0.549742060613935,0.571213927629476,2.33499298100905
-22.88818359375,0.95367431640625,-317.153930664063,-27.618408203125,-5.07354736328125,-412.979125976563,2.8495306968689,-8.43165302276611,-5.57933282852173,-0.646714270114899,0.154365852475166,-0.316505372524261,-1.50744867324829,-5.27607488632202,7.45790147781372,-0.149699985980988,0.162692308425903,0.220735043287277,-2.15162181854248,-5.24669170379639,7.0988450050354,1.59207284450531,-0.672331035137177,-0.192808285355568,-0.739166796207428,-12.1685380935669,-2.66573047637939,-0.0753984972834587,0.113619044423103,-0.0832279175519943,80.511775815,-86.809928585,-3.722422525,-0.54907628759435,0.572256046309489,2.33640318960187
-22.88818359375,0.9918212890625,-317.07763671875,-27.6947021484375,-5.1116943359375,-413.360595703125,2.83192873001099,-8.37589645385742,-5.60036611557007,-0.64427524805069,0.150269880890846,-0.31483268737793,-1.51878035068512,-5.29100370407104,7.44723606109619,-0.148698419332504,0.163453176617622,0.221454814076424,-2.09762287139893,-5.24164247512817,7.08422327041626,1.58365762233734,-0.670276582241058,-0.197489619255066,-0.717705368995667,-12.1883335113525,-2.67424607276917,-0.0752483755350113,0.11416333168745,-0.0822360068559647,80.5937800165,-87.0038426265,-3.7255913745,-0.548410514574764,0.573298164989501,2.33781339819469
-23.040771484375,1.18255615234375,-316.696166992188,-27.4276733398438,-4.84466552734375,-413.436889648438,2.8143265247345,-8.32013988494873,-5.62139940261841,-0.641836225986481,0.146173924207687,-0.313160002231598,-1.53011202812195,-5.30593252182007,7.4365701675415,-0.147696867585182,0.164214044809341,0.22217458486557,-2.04362416267395,-5.23659372329712,7.06960105895996,1.57524240016937,-0.66822212934494,-0.202170953154564,-0.69624400138855,-12.2081289291382,-2.68276190757751,-0.0750982612371445,0.114707611501217,-0.081244096159935,80.675784218,-87.197756668,-3.728760224,-0.547744741555179,0.574340283669513,2.33922360678752
-23.193359375,1.373291015625,-316.314697265625,-27.16064453125,-4.57763671875,-413.51318359375,2.79672431945801,-8.26438331604004,-5.64243221282959,-0.639397203922272,0.142077967524529,-0.311487317085266,-1.54144358634949,-5.32086086273193,7.42590475082397,-0.14669531583786,0.164974898099899,0.222894355654716,-1.9896252155304,-5.23154497146606,7.05497884750366,1.5668271780014,-0.666167616844177,-0.206852287054062,-0.674782574176788,-12.2279253005981,-2.69127750396729,-0.0749481394886971,0.115251898765564,-0.0802521780133247,80.7577884195,-87.3916707095,-3.7319290735,-0.547078968535594,0.575382402349526,2.34063381538034
-23.5366821289063,1.48773193359375,-316.543579101563,-27.008056640625,-4.730224609375,-413.818359375,2.77912211418152,-8.20862770080566,-5.66346549987793,-0.636958241462708,0.13798201084137,-0.309814631938934,-1.55277526378632,-5.33578968048096,7.41523885726929,-0.145693764090538,0.165735766291618,0.223614126443863,-1.93562638759613,-5.22649621963501,7.04035663604736,1.55841195583344,-0.664113163948059,-0.211533635854721,-0.653321146965027,-12.2477207183838,-2.69979333877563,-0.0747980251908302,0.115796186029911,-0.0792602673172951,80.839792621,-87.585584751,-3.735097923,-0.546413195516009,0.576424521029538,2.34204402397316
-23.8800048828125,1.6021728515625,-316.7724609375,-26.85546875,-4.8828125,-414.12353515625,2.76151990890503,-8.15287113189697,-5.68449831008911,-0.634519219398499,0.133886054158211,-0.308141946792603,-1.56410694122314,-5.35071802139282,7.40457344055176,-0.144692212343216,0.166496634483337,0.224333897233009,-1.88162755966187,-5.2214469909668,7.02573442459106,1.54999685287476,-0.662058651447296,-0.216214969754219,-0.631859719753265,-12.2675161361694,-2.70830893516541,-0.0746479034423828,0.116340465843678,-0.0782683491706848,80.9217968225,-87.7794987925,-3.7382667725,-0.545747422496423,0.57746663970955,2.34345423256599
-23.7655639648438,1.6021728515625,-316.848754882813,-26.9699096679688,-4.730224609375,-414.581298828125,2.74391770362854,-8.09711456298828,-5.70553159713745,-0.63208019733429,0.129790097475052,-0.306469261646271,-1.57543861865997,-5.36564683914185,7.39390754699707,-0.143690660595894,0.167257502675056,0.225053668022156,-1.8276287317276,-5.21639823913574,7.01111221313477,1.54158163070679,-0.660004198551178,-0.220896303653717,-0.610398292541504,-12.2873115539551,-2.71682476997375,-0.074497789144516,0.116884753108025,-0.0772764384746552,81.003801024,-87.973412834,-3.741435622,-0.545081649476838,0.578508758389562,2.34486444115881
-23.651123046875,1.6021728515625,-316.925048828125,-27.0843505859375,-4.57763671875,-415.0390625,2.72631573677063,-8.04135799407959,-5.72656488418579,-0.629641234874725,0.125694125890732,-0.304796576499939,-1.5867702960968,-5.38057565689087,7.38324213027954,-0.142689093947411,0.168018370866776,0.225773438811302,-1.77362990379333,-5.21134948730469,6.99649047851563,1.53316640853882,-0.65794974565506,-0.225577637553215,-0.588936865329742,-12.3071069717407,-2.72534036636353,-0.0743476673960686,0.117429032921791,-0.0762845277786255,81.0858052255,-88.1673268755,-3.7446044715,-0.544415876457252,0.579550877069575,2.34627464975164
-23.9181518554688,1.56402587890625,-317.001342773438,-26.7410278320313,-4.425048828125,-415.0390625,2.70871353149414,-7.98560190200806,-5.74759769439697,-0.627202212810516,0.121598169207573,-0.303123891353607,-1.59810197353363,-5.39550399780273,7.37257623672485,-0.141687542200089,0.168779239058495,0.226493209600449,-1.71963107585907,-5.20630073547363,6.98186826705933,1.52475118637085,-0.655895233154297,-0.230258986353874,-0.567475438117981,-12.3269023895264,-2.73385620117188,-0.0741975530982018,0.117973320186138,-0.0752926096320152,81.167809427,-88.361240917,-3.747773321,-0.543750103437667,0.580592995749587,2.34768485834446
-24.1851806640625,1.52587890625,-317.07763671875,-26.397705078125,-4.2724609375,-415.0390625,2.69111132621765,-7.92984580993652,-5.76863098144531,-0.624763190746307,0.117502212524414,-0.301451206207275,-1.60943365097046,-5.41043281555176,7.36191082000732,-0.140685990452766,0.169540107250214,0.227212980389595,-1.6656322479248,-5.20125198364258,6.96724605560303,1.51633596420288,-0.653840780258179,-0.234940320253372,-0.546014070510864,-12.346697807312,-2.74237179756165,-0.0740474313497543,0.118517607450485,-0.0743006989359856,81.2498136285,-88.5551549585,-3.7509421705,-0.543084330418082,0.581635114429599,2.34909506693728
-24.1851806640625,1.8310546875,-316.7724609375,-26.5121459960938,-4.1961669921875,-415.496826171875,2.67350912094116,-7.87408924102783,-5.78966426849365,-0.622324228286743,0.113406255841255,-0.299778521060944,-1.62076532840729,-5.42536163330078,7.35124492645264,-0.139684438705444,0.170300975441933,0.227932751178741,-1.61163341999054,-5.19620275497437,6.95262384414673,1.50792074203491,-0.651786327362061,-0.23962165415287,-0.524552643299103,-12.3664932250977,-2.75088763237,-0.0738973170518875,0.119061887264252,-0.0733087882399559,81.33181783,-88.749069,-3.75411102,-0.542418557398496,0.582677233109612,2.35050527553011
-24.1851806640625,2.13623046875,-316.46728515625,-26.6265869140625,-4.119873046875,-415.95458984375,2.65590691566467,-7.8183331489563,-5.81069707870483,-0.619885206222534,0.109310291707516,-0.298105835914612,-1.63209700584412,-5.44028997421265,7.34057950973511,-0.138682886958122,0.171061843633652,0.228652521967888,-1.55763459205627,-5.19115400314331,6.93800163269043,1.49950551986694,-0.649731814861298,-0.244302988052368,-0.503091216087341,-12.3862886428833,-2.75940322875977,-0.0737471953034401,0.119606174528599,-0.0723168700933456,81.331845969,-88.7490629135,-3.754232834,-0.542564976672013,0.584288318585326,2.35113862553056
-24.10888671875,2.09808349609375,-316.696166992188,-26.55029296875,-4.08172607421875,-416.030883789063,2.64485621452332,-7.76829624176025,-5.83489227294922,-0.618934810161591,0.105376586318016,-0.295860826969147,-1.6420761346817,-5.45387649536133,7.33365535736084,-0.137176498770714,0.171325385570526,0.229114204645157,-1.49646604061127,-5.1864275932312,6.94985437393188,1.49451112747192,-0.648263156414032,-0.24888277053833,-0.47706401348114,-12.4030179977417,-2.76585245132446,-0.0734496936202049,0.119809754192829,-0.0714788660407066,81.331874108,-88.749056827,-3.754354648,-0.54271139594553,0.585899404061041,2.351771975531
-24.0325927734375,2.0599365234375,-316.925048828125,-26.4739990234375,-4.0435791015625,-416.107177734375,2.64035654067993,-7.72397899627686,-5.86224985122681,-0.619473040103912,0.101605124771595,-0.293043494224548,-1.65070283412933,-5.46612071990967,7.33047246932983,-0.135165274143219,0.171091616153717,0.229317769408226,-1.42812776565552,-5.18202304840088,6.98818111419678,1.49293756484985,-0.647380352020264,-0.253360986709595,-0.446471005678177,-12.4166812896729,-2.77023506164551,-0.0730048045516014,0.119672633707523,-0.0707947686314583,81.331902247,-88.7490507405,-3.754476462,-0.542857815219047,0.587510489536756,2.35240532553145
-24.3377685546875,2.17437744140625,-317.153930664063,-26.5121459960938,-3.8909912109375,-416.336059570313,2.63585710525513,-7.67966175079346,-5.88960695266724,-0.620011210441589,0.0978336706757545,-0.290226131677628,-1.65932953357697,-5.47836494445801,7.32729005813599,-0.133154049515724,0.170857846736908,0.229521334171295,-1.35978960990906,-5.17761850357056,7.02650785446167,1.49136388301849,-0.646497488021851,-0.257839173078537,-0.415878027677536,-12.430344581604,-2.77461791038513,-0.0725599080324173,0.119535513222218,-0.0701106637716293,81.331930386,-88.749044654,-3.754598276,-0.543004234492564,0.58912157501247,2.3530386755319
-24.6429443359375,2.288818359375,-317.3828125,-26.55029296875,-3.7384033203125,-416.56494140625,2.63135743141174,-7.63534450531006,-5.91696453094482,-0.620549440383911,0.0940622091293335,-0.287408798933029,-1.6679562330246,-5.49060964584351,7.32410717010498,-0.131142824888229,0.170624062418938,0.229724898934364,-1.29145133495331,-5.17321395874023,7.06483459472656,1.48979032039642,-0.645614624023438,-0.262317389249802,-0.385285019874573,-12.4440078735352,-2.77900052070618,-0.0721150189638138,0.119398385286331,-0.069426566362381,81.331958525,-88.7490385675,-3.75472009,-0.543150653766081,0.590732660488185,2.35367202553235
-24.7573852539063,2.288818359375,-317.535400390625,-26.397705078125,-3.77655029296875,-416.793823242188,2.62685799598694,-7.59102725982666,-5.94432163238525,-0.621087670326233,0.090290755033493,-0.284591466188431,-1.67658293247223,-5.50285387039185,7.32092428207397,-0.129131600260735,0.170390293002129,0.229928478598595,-1.22311317920685,-5.16880989074707,7.10316133499146,1.48821675777435,-0.644731819629669,-0.266795605421066,-0.354692041873932,-12.457670211792,-2.78338313102722,-0.0716701298952103,0.119261264801025,-0.0687424689531326,81.331986664,-88.749032481,-3.754841904,-0.543297073039598,0.5923437459639,2.35430537553279
-24.871826171875,2.288818359375,-317.68798828125,-26.2451171875,-3.814697265625,-417.022705078125,2.62235856056213,-7.54671001434326,-5.97167873382568,-0.62162584066391,0.086519293487072,-0.281774133443832,-1.68520963191986,-5.51509809494019,7.31774187088013,-0.127120390534401,0.17015652358532,0.230132043361664,-1.15477502346039,-5.16440534591675,7.14148855209351,1.48664307594299,-0.643848955631256,-0.271273821592331,-0.324099063873291,-12.4713335037231,-2.78776597976685,-0.0712252408266068,0.11912414431572,-0.0680583715438843,81.332014803,-88.7490263945,-3.754963718,-0.543443492313115,0.593954831439615,2.35493872553324
-24.9099731445313,2.47955322265625,-317.764282226563,-26.1688232421875,-3.70025634765625,-417.404174804688,2.61785888671875,-7.50239276885986,-5.99903631210327,-0.622164070606232,0.0827478393912315,-0.278956800699234,-1.69383633136749,-5.52734231948853,7.31455898284912,-0.125109165906906,0.16992275416851,0.230335608124733,-1.08643674850464,-5.16000080108643,7.1798152923584,1.48506951332092,-0.642966091632843,-0.275752037763596,-0.293506056070328,-12.4849967956543,-2.79214859008789,-0.0707803517580032,0.118987023830414,-0.0673742741346359,81.332042942,-88.749020308,-3.755085532,-0.543589911586632,0.595565916915329,2.35557207553369
-24.9481201171875,2.6702880859375,-317.840576171875,-26.092529296875,-3.5858154296875,-417.78564453125,2.61335945129395,-7.45807600021362,-6.0263934135437,-0.622702300548553,0.0789763778448105,-0.276139438152313,-1.70246303081512,-5.53958654403687,7.31137657165527,-0.123097941279411,0.169688984751701,0.230539172887802,-1.01809859275818,-5.1555962562561,7.21814203262329,1.48349595069885,-0.642083287239075,-0.280230224132538,-0.262913078069687,-12.4986600875854,-2.79653120040894,-0.0703354552388191,0.118849903345108,-0.066690169274807,81.332071081,-88.7490142215,-3.755207346,-0.543736330860149,0.597177002391044,2.35620542553414
-25.177001953125,2.78472900390625,-318.29833984375,-25.9780883789063,-3.62396240234375,-417.938232421875,2.60885977745056,-7.41375875473022,-6.05375099182129,-0.62324047088623,0.07520492374897,-0.273322105407715,-1.71108973026276,-5.55183076858521,7.30819368362427,-0.121086716651917,0.169455215334892,0.230742752552032,-0.949760317802429,-5.15119218826294,7.25646877288818,1.48192226886749,-0.641200423240662,-0.284708440303802,-0.232320070266724,-12.5123224258423,-2.80091404914856,-0.0698905661702156,0.118712782859802,-0.0660060718655586,81.33209922,-88.749008135,-3.75532916,-0.543882750133665,0.598788087866759,2.35683877553459
-25.4058837890625,2.899169921875,-318.756103515625,-25.8636474609375,-3.662109375,-418.0908203125,2.60436034202576,-7.36944150924683,-6.08110809326172,-0.623778700828552,0.071433462202549,-0.270504772663116,-1.71971642971039,-5.56407499313354,7.30501079559326,-0.119075499475002,0.169221445918083,0.230946317315102,-0.881422162055969,-5.14678764343262,7.29479551315308,1.48034870624542,-0.640317618846893,-0.289186656475067,-0.201727092266083,-12.5259857177734,-2.8052966594696,-0.0694456771016121,0.118575662374496,-0.0653219744563103,81.332127359,-88.7490020485,-3.755450974,-0.544029169407182,0.600399173342473,2.35747212553503
-25.4058837890625,2.9754638671875,-318.679809570313,-25.9017944335938,-3.54766845703125,-418.0908203125,2.59986066818237,-7.32512426376343,-6.10846567153931,-0.624316930770874,0.0676620081067085,-0.267687439918518,-1.72834312915802,-5.57631969451904,7.30182838439941,-0.117064274847507,0.168987661600113,0.231149882078171,-0.813083946704865,-5.14238309860229,7.33312225341797,1.47877514362335,-0.63943475484848,-0.293664872646332,-0.171134099364281,-12.5396490097046,-2.80967926979065,-0.0690007880330086,0.11843853443861,-0.0646378770470619,81.332155498,-88.748995962,-3.755572788,-0.544175588680699,0.602010258818188,2.35810547553548
-25.4058837890625,3.0517578125,-318.603515625,-25.93994140625,-3.4332275390625,-418.0908203125,2.59536123275757,-7.28080701828003,-6.13582277297974,-0.624855160713196,0.0638905465602875,-0.264870077371597,-1.73696982860565,-5.58856391906738,7.29864549636841,-0.115053050220013,0.168753892183304,0.23135344684124,-0.74474573135376,-5.13797855377197,7.37144947052002,1.47720158100128,-0.638551890850067,-0.298143059015274,-0.140541106462479,-12.5533123016357,-2.81406188011169,-0.0685558915138245,0.118301413953304,-0.063953772187233,81.332183637,-88.7489898755,-3.755694602,-0.544322007954216,0.603621344293903,2.35873882553593
-25.3677368164063,3.204345703125,-318.832397460938,-25.8255004882813,-3.35693359375,-418.548583984375,2.59086155891418,-7.23648977279663,-6.16318035125732,-0.625393331050873,0.060119092464447,-0.262052744626999,-1.74559652805328,-5.60080814361572,7.29546308517456,-0.113041833043098,0.168520122766495,0.23155702650547,-0.676407516002655,-5.13357448577881,7.40977621078491,1.47562789916992,-0.637669086456299,-0.302621275186539,-0.109948113560677,-12.5669746398926,-2.81844472885132,-0.0681110024452209,0.118164293467999,-0.0632696747779846,81.332211776,-88.748983789,-3.755816416,-0.544468427227733,0.605232429769617,2.35937217553638
-25.32958984375,3.35693359375,-319.061279296875,-25.7110595703125,-3.2806396484375,-419.00634765625,2.58636212348938,-7.19217252731323,-6.19053745269775,-0.625931560993195,0.0563476346433163,-0.259235411882401,-1.75422322750092,-5.61305236816406,7.29228019714355,-0.111030608415604,0.168286353349686,0.231760591268539,-0.60806930065155,-5.12916994094849,7.4481029510498,1.47405433654785,-0.636786222457886,-0.307099491357803,-0.0793551206588745,-12.5806379318237,-2.82282733917236,-0.0676661133766174,0.118027172982693,-0.0625855773687363,81.332239915,-88.7489777025,-3.75593823,-0.54461484650125,0.606843515245332,2.36000552553683
-25.634765625,3.4332275390625,-319.366455078125,-25.7110595703125,-3.35693359375,-419.387817382813,2.59584355354309,-7.18157863616943,-6.21639633178711,-0.627942800521851,0.0547093525528908,-0.256788909435272,-1.76391410827637,-5.61490869522095,7.29360628128052,-0.109189391136169,0.167465135455132,0.231534376740456,-0.553131937980652,-5.11871385574341,7.50604200363159,1.47497975826263,-0.636923313140869,-0.308872789144516,-0.0506464578211308,-12.5921487808228,-2.81959176063538,-0.0672973245382309,0.11740680038929,-0.0621989667415619,81.332268054,-88.748971616,-3.756060044,-0.544761265774767,0.608454600721047,2.36063887553727
-25.93994140625,3.509521484375,-319.671630859375,-25.7110595703125,-3.4332275390625,-419.769287109375,2.6053249835968,-7.17098474502563,-6.24225521087646,-0.629954040050507,0.0530710741877556,-0.254342406988144,-1.77360510826111,-5.61676549911499,7.29493284225464,-0.107348173856735,0.166643902659416,0.231308162212372,-0.498194575309753,-5.10825824737549,7.56398057937622,1.47590517997742,-0.637060463428497,-0.310646116733551,-0.021937794983387,-12.6036586761475,-2.81635618209839,-0.0669285356998444,0.116786427795887,-0.0618123561143875,81.332296193,-88.7489655295,-3.756181858,-0.544907685048284,0.610065686196762,2.36127222553772
-25.93994140625,3.70025634765625,-320.053100585938,-25.7492065429688,-3.47137451171875,-419.845581054688,2.61480641365051,-7.16039037704468,-6.26811408996582,-0.631965279579163,0.0514327920973301,-0.251895904541016,-1.78329598903656,-5.61862182617188,7.2962589263916,-0.105506956577301,0.165822684764862,0.231081932783127,-0.443257212638855,-5.09780216217041,7.62191963195801,1.4768306016922,-0.637197554111481,-0.312419414520264,0.00677086925134063,-12.6151695251465,-2.8131206035614,-0.0665597468614578,0.116166047751904,-0.0614257454872131,81.332324332,-88.748959443,-3.756303672,-0.545054104321801,0.611676771672476,2.36190557553817
-25.93994140625,3.8909912109375,-320.4345703125,-25.787353515625,-3.509521484375,-419.921875,2.62428760528564,-7.14979648590088,-6.29397249221802,-0.633976519107819,0.0497945100069046,-0.249449416995049,-1.79298686981201,-5.62047863006592,7.29758548736572,-0.103665739297867,0.165001451969147,0.230855718255043,-0.388319849967957,-5.08734607696533,7.67985868453979,1.47775602340698,-0.637334644794464,-0.314192712306976,0.0354795306921005,-12.6266803741455,-2.80988502502441,-0.0661909580230713,0.115545675158501,-0.0610391348600388,81.332352471,-88.7489533565,-3.756425486,-0.545200523595318,0.613287857148191,2.36253892553862
-26.1306762695313,3.7384033203125,-320.510864257813,-25.7492065429688,-3.62396240234375,-420.150756835938,2.63376903533936,-7.13920259475708,-6.31983137130737,-0.635987758636475,0.0481562279164791,-0.24700291454792,-1.80267786979675,-5.6223349571228,7.29891157150269,-0.101824522018433,0.164180234074593,0.230629503726959,-0.333382487297058,-5.07689046859741,7.73779726028442,1.47868144512177,-0.637471795082092,-0.315966010093689,0.0641881972551346,-12.6381912231445,-2.80664920806885,-0.0658221691846848,0.114925302565098,-0.0606525242328644,81.33238061,-88.74894727,-3.7565473,-0.545346942868835,0.614898942623906,2.36317227553907
-26.3214111328125,3.5858154296875,-320.587158203125,-25.7110595703125,-3.7384033203125,-420.379638671875,2.64325046539307,-7.12860870361328,-6.34569025039673,-0.637998998165131,0.0465179495513439,-0.244556412100792,-1.8123687505722,-5.62419176101685,7.30023813247681,-0.0999833047389984,0.163359016180038,0.230403289198875,-0.27844512462616,-5.06643438339233,7.79573631286621,1.47960686683655,-0.637608885765076,-0.317739337682724,0.092896856367588,-12.6497011184692,-2.80341362953186,-0.0654533803462982,0.114304929971695,-0.06026591360569,81.3327431725,-88.749066797,-3.7566492465,-0.546300955894872,0.61662099412768,2.36314394024182
-26.3595581054688,3.77655029296875,-321.044921875,-25.5203247070313,-3.70025634765625,-420.913696289063,2.65273189544678,-7.11801481246948,-6.37154912948608,-0.640010237693787,0.0448796674609184,-0.242109924554825,-1.82205963134766,-5.62604808807373,7.30156421661377,-0.0981420949101448,0.162537783384323,0.230177074670792,-0.2235077470541,-5.05597877502441,7.853675365448,1.48053228855133,-0.637746036052704,-0.319512635469437,0.121605522930622,-12.6612119674683,-2.80017805099487,-0.0650845840573311,0.113684557378292,-0.0598792992532253,81.333105735,-88.749186324,-3.756751193,-0.547254968920909,0.618343045631454,2.36311560494458
-26.397705078125,3.96728515625,-321.502685546875,-25.32958984375,-3.662109375,-421.44775390625,2.66221332550049,-7.10742092132568,-6.39740800857544,-0.642021477222443,0.0432413853704929,-0.239663422107697,-1.8317506313324,-5.62790489196777,7.30289077758789,-0.0963008776307106,0.161716565489769,0.229950860142708,-0.168570384383202,-5.04552268981934,7.91161394119263,1.48145771026611,-0.637883126735687,-0.321285933256149,0.150314182043076,-12.6727228164673,-2.79694247245789,-0.0647157952189445,0.113064184784889,-0.0594926886260509,81.3334682975,-88.749305851,-3.7568531395,-0.548208981946946,0.620065097135228,2.36308726964733
-26.4739990234375,3.96728515625,-322.036743164063,-25.32958984375,-3.662109375,-421.524047851563,2.6716947555542,-7.09682655334473,-6.42326688766479,-0.644032716751099,0.0416031032800674,-0.237216919660568,-1.84144151210785,-5.62976121902466,7.30421686172485,-0.0944596603512764,0.160895332694054,0.229724630713463,-0.113633014261723,-5.03506660461426,7.96955299377441,1.4823831319809,-0.638020217418671,-0.323059260845184,0.17902284860611,-12.684232711792,-2.7937068939209,-0.064347006380558,0.112443804740906,-0.0591060779988766,81.33383086,-88.749425378,-3.756955086,-0.549162994972983,0.621787148639002,2.36305893435009
-26.55029296875,3.96728515625,-322.57080078125,-25.32958984375,-3.662109375,-421.600341796875,2.68117618560791,-7.08623266220093,-6.44912576675415,-0.646043956279755,0.0399648249149323,-0.23477041721344,-1.8511323928833,-5.6316180229187,7.30554342269897,-0.0926184430718422,0.1600741147995,0.229498416185379,-0.0586956515908241,-5.02461099624634,8.02749156951904,1.48330855369568,-0.638157367706299,-0.324832558631897,0.207731515169144,-12.695743560791,-2.79047131538391,-0.0639782175421715,0.111823432147503,-0.0587194673717022,81.3341934225,-88.749544905,-3.7570570325,-0.55011700799902,0.623509200142776,2.36303059905284
-26.5121459960938,4.00543212890625,-322.723388671875,-25.2914428710938,-3.7384033203125,-421.7529296875,2.69065737724304,-7.07563877105713,-6.47498416900635,-0.648055195808411,0.0383265428245068,-0.232323914766312,-1.86082339286804,-5.63347434997559,7.30686950683594,-0.090777225792408,0.159252896904945,0.229272201657295,-0.00375828705728054,-5.01415491104126,8.08543109893799,1.48423397541046,-0.638294458389282,-0.32660585641861,0.236440181732178,-12.70725440979,-2.78723573684692,-0.0636094287037849,0.1112030595541,-0.0583328567445278,81.334555985,-88.749664432,-3.757158979,-0.551071021025057,0.62523125164655,2.3630022637556
-26.4739990234375,4.0435791015625,-322.8759765625,-25.2532958984375,-3.814697265625,-421.905517578125,2.70013880729675,-7.06504487991333,-6.5008430480957,-0.650066435337067,0.0366882607340813,-0.229877427220345,-1.87051427364349,-5.63533115386963,7.30819606781006,-0.0889360085129738,0.15843166410923,0.229045987129211,0.051179077476263,-5.00369882583618,8.14336967468262,1.48515939712524,-0.638431549072266,-0.328379184007645,0.265148848295212,-12.7187643051147,-2.78400015830994,-0.0632406398653984,0.110582686960697,-0.0579462461173534,81.3349185475,-88.749783959,-3.7572609255,-0.552025034051095,0.626953303150324,2.36297392845835
-26.5884399414063,4.00543212890625,-323.104858398438,-25.1388549804688,-3.8909912109375,-421.7529296875,2.70962023735046,-7.05445098876953,-6.52670192718506,-0.652077674865723,0.0350499786436558,-0.227430924773216,-1.88020515441895,-5.63718748092651,7.30952215194702,-0.0870947912335396,0.157610446214676,0.228819772601128,0.106116443872452,-4.99324321746826,8.20130825042725,1.48608481884003,-0.638568699359894,-0.330152481794357,0.293857514858246,-12.7302751541138,-2.78076457977295,-0.0628718510270119,0.109962314367294,-0.0575596354901791,81.33528111,-88.749903486,-3.757362872,-0.552979047077132,0.628675354654098,2.36294559316111
-26.702880859375,3.96728515625,-323.333740234375,-25.0244140625,-3.96728515625,-421.600341796875,2.71937274932861,-7.05965900421143,-6.54361629486084,-0.653332829475403,0.0347161665558815,-0.225522205233574,-1.89180052280426,-5.63954544067383,7.30891609191895,-0.0856120958924294,0.156757354736328,0.228640511631966,0.139003917574883,-4.98047590255737,8.2564058303833,1.48624527454376,-0.639282941818237,-0.331154972314835,0.319574147462845,-12.7396469116211,-2.77223181724548,-0.0624382868409157,0.109297394752502,-0.0576052218675613,81.3356436725,-88.750023013,-3.7574648185,-0.553933060103169,0.630397406157872,2.36291725786386
-27.0462036132813,4.08172607421875,-323.562622070313,-25.32958984375,-3.96728515625,-422.286987304688,2.72939658164978,-7.08066892623901,-6.55158567428589,-0.653831839561462,0.0356868170201778,-0.224151268601418,-1.90530025959015,-5.64240455627441,7.30637788772583,-0.0844879299402237,0.155872404575348,0.228508219122887,0.149841517210007,-4.96539688110352,8.30866241455078,1.48564064502716,-0.640574395656586,-0.331386655569077,0.342298746109009,-12.7468795776367,-2.75840187072754,-0.0619399435818195,0.108587928116322,-0.0580830052495003,81.336006235,-88.75014254,-3.757566765,-0.554887073129206,0.632119457661646,2.36288892256662
-27.3895263671875,4.1961669921875,-323.79150390625,-25.634765625,-3.96728515625,-422.9736328125,2.73942017555237,-7.1016788482666,-6.55955505371094,-0.654330849647522,0.0366574712097645,-0.222780331969261,-1.91879999637604,-5.645263671875,7.30383920669556,-0.0833637565374374,0.154987469315529,0.228375926613808,0.160679116845131,-4.95031785964966,8.36091804504395,1.48503613471985,-0.641865849494934,-0.331618338823318,0.365023344755173,-12.7541122436523,-2.74457216262817,-0.0614416040480137,0.107878461480141,-0.0585607886314392,81.3363687975,-88.750262067,-3.7576687115,-0.555841086155243,0.63384150916542,2.36286058726937
-27.313232421875,4.1961669921875,-324.249267578125,-25.5203247070313,-3.96728515625,-422.9736328125,2.74944400787354,-7.12268924713135,-6.56752443313599,-0.654829859733582,0.0376281216740608,-0.221409395337105,-1.93229973316193,-5.64812278747559,7.30130100250244,-0.0822395905852318,0.154102519154549,0.228243619203568,0.171516716480255,-4.93523931503296,8.41317462921143,1.48443150520325,-0.643157303333282,-0.33185002207756,0.387747973203659,-12.7613439559937,-2.73074221611023,-0.0609432607889175,0.10716899484396,-0.0590385682880878,81.33673136,-88.750381594,-3.757770658,-0.55679509918128,0.635563560669194,2.36283225197213
-27.2369384765625,4.1961669921875,-324.70703125,-25.4058837890625,-3.96728515625,-422.9736328125,2.7594678401947,-7.14369916915894,-6.57549428939819,-0.655328869819641,0.0385987758636475,-0.220038458704948,-1.94579946994781,-5.65098190307617,7.29876279830933,-0.0811154171824455,0.153217568993568,0.228111326694489,0.182354316115379,-4.9201602935791,8.46543025970459,1.48382687568665,-0.644448757171631,-0.332081705331802,0.410472571849823,-12.7685766220093,-2.71691250801086,-0.0604449212551117,0.106459528207779,-0.0595163516700268,81.3370939225,-88.750501121,-3.7578726045,-0.557749112207317,0.637285612172968,2.36280391667488
-27.1224975585938,4.119873046875,-325.01220703125,-25.2914428710938,-4.1961669921875,-423.049926757813,2.76949143409729,-7.16470909118652,-6.58346366882324,-0.655827879905701,0.0395694263279438,-0.218667522072792,-1.9592992067337,-5.65384101867676,7.29622411727905,-0.0799912437796593,0.152332633733749,0.22797903418541,0.193191915750504,-4.90508127212524,8.51768684387207,1.48322224617004,-0.645740151405334,-0.332313388586044,0.433197170495987,-12.7758092880249,-2.7030827999115,-0.0599465817213058,0.105750061571598,-0.0599941350519657,81.337456485,-88.750620648,-3.757974551,-0.558703125233354,0.639007663676742,2.36277558137764
-27.008056640625,4.0435791015625,-325.3173828125,-25.177001953125,-4.425048828125,-423.126220703125,2.77951526641846,-7.18571949005127,-6.59143304824829,-0.65632688999176,0.0405400805175304,-0.217296585440636,-1.97279894351959,-5.65670013427734,7.29368591308594,-0.0788670778274536,0.151447683572769,0.227846741676331,0.204029515385628,-4.89000272750854,8.56994247436523,1.48261761665344,-0.647031605243683,-0.332545071840286,0.455921798944473,-12.7830419540405,-2.68925285339355,-0.0594482384622097,0.105040594935417,-0.0604719184339046,81.3378190475,-88.750740175,-3.7580764975,-0.559657138259392,0.640729715180516,2.36274724608039
-27.1224975585938,4.15802001953125,-325.851440429688,-25.1388549804688,-4.2724609375,-423.355102539063,2.78953886032104,-7.20672941207886,-6.59940242767334,-0.656825840473175,0.0415107309818268,-0.215925633907318,-1.98629879951477,-5.65955924987793,7.29114723205566,-0.0777429044246674,0.150562733411789,0.227714449167252,0.214867115020752,-4.87492370605469,8.62219905853271,1.48201310634613,-0.648323059082031,-0.332776725292206,0.478646397590637,-12.7902746200562,-2.67542314529419,-0.0589498989284039,0.104331128299236,-0.0609497018158436,81.33818161,-88.750859702,-3.758178444,-0.560611151285429,0.64245176668429,2.36271891078315
-27.2369384765625,4.2724609375,-326.385498046875,-25.1007080078125,-4.119873046875,-423.583984375,2.79956269264221,-7.22773933410645,-6.60737228393555,-0.657324850559235,0.0424813851714134,-0.214554697275162,-1.99979853630066,-5.66241836547852,7.28860902786255,-0.0766187384724617,0.14967779815197,0.227582156658173,0.225704714655876,-4.85984468460083,8.67445468902588,1.48140847682953,-0.64961451292038,-0.333008408546448,0.501371026039124,-12.7975072860718,-2.66159319877625,-0.0584515556693077,0.103621661663055,-0.0614274851977825,81.3385441725,-88.750979229,-3.7582803905,-0.561565164311466,0.644173818188064,2.3626905754859
-27.3895263671875,4.3487548828125,-326.919555664063,-25.177001953125,-4.23431396484375,-423.583984375,2.80958652496338,-7.24874973297119,-6.6153416633606,-0.657823860645294,0.0434520356357098,-0.213183760643005,-2.01329827308655,-5.6652774810791,7.28607082366943,-0.0754945650696754,0.14879284799099,0.227449864149094,0.236542314291,-4.84476613998413,8.72671127319336,1.48080384731293,-0.650905966758728,-0.33324009180069,0.524095594882965,-12.8047399520874,-2.64776349067688,-0.0579532161355019,0.102912202477455,-0.0619052685797215,81.338906735,-88.751098756,-3.758382337,-0.562519177337503,0.645895869691838,2.36266224018865
-27.5421142578125,4.425048828125,-327.45361328125,-25.2532958984375,-4.3487548828125,-423.583984375,2.81961011886597,-7.26975965499878,-6.62331104278564,-0.658322870731354,0.0444226898252964,-0.211812824010849,-2.02679800987244,-5.66813659667969,7.28353214263916,-0.0743703991174698,0.147907897830009,0.227317556738853,0.247379913926125,-4.82968711853027,8.77896690368652,1.48019921779633,-0.652197420597076,-0.333471775054932,0.546820223331451,-12.8119716644287,-2.63393354415894,-0.0574548728764057,0.102202735841274,-0.0623830482363701,81.3392692975,-88.751218283,-3.7584842835,-0.56347319036354,0.647617921195611,2.36263390489141
-27.4276733398438,4.2724609375,-327.835083007813,-25.2914428710938,-4.46319580078125,-424.1943359375,2.82963395118713,-7.29076957702637,-6.63128042221069,-0.658821880817413,0.0453933402895927,-0.210441887378693,-2.04029774665833,-5.67099571228027,7.28099393844604,-0.0732462257146835,0.147022947669029,0.227185264229774,0.258217513561249,-4.81460809707642,8.831223487854,1.47959470748901,-0.65348881483078,-0.333703458309174,0.569544851779938,-12.8192043304443,-2.62010383605957,-0.0569565333425999,0.101493269205093,-0.062860831618309,81.33963186,-88.75133781,-3.75858623,-0.564427203389577,0.649339972699386,2.36260556959416
-27.313232421875,4.119873046875,-328.216552734375,-25.32958984375,-4.57763671875,-424.8046875,2.83965754508972,-7.31177997589111,-6.6392502784729,-0.659320890903473,0.0463639944791794,-0.209070950746536,-2.05379748344421,-5.67385482788086,7.27845525741577,-0.0721220597624779,0.14613801240921,0.227052971720695,0.269055128097534,-4.79952955245972,8.88347911834717,1.47899007797241,-0.654780268669128,-0.333935141563416,0.592269420623779,-12.82643699646,-2.60627388954163,-0.0564581900835037,0.100783802568913,-0.063338615000248,81.4318720855,-88.8636011805,-3.764427499,-0.565559725567593,0.650922416544949,2.36211658330122
-27.313232421875,4.23431396484375,-328.826904296875,-25.32958984375,-4.57763671875,-424.728393554688,2.84968137741089,-7.3327898979187,-6.64721965789795,-0.659819900989532,0.0473346449434757,-0.20770001411438,-2.0672972202301,-5.67671394348145,7.27591705322266,-0.0709978863596916,0.14525306224823,0.226920679211617,0.279892712831497,-4.78445053100586,8.93573570251465,1.47838544845581,-0.656071722507477,-0.334166824817657,0.614994049072266,-12.8336696624756,-2.59244418144226,-0.0559598505496979,0.100074335932732,-0.0638163983821869,81.524112311,-88.975864551,-3.770268768,-0.566692247745608,0.652504860390512,2.36162759700828
-27.313232421875,4.3487548828125,-329.437255859375,-25.32958984375,-4.57763671875,-424.652099609375,2.86411905288696,-7.36210298538208,-6.63825368881226,-0.659575879573822,0.0496433600783348,-0.20793853700161,-2.07936930656433,-5.67128276824951,7.28107404708862,-0.0695028454065323,0.143348783254623,0.225987747311592,0.270948350429535,-4.77864551544189,8.95665073394775,1.47557353973389,-0.656733214855194,-0.331787526607513,0.619531333446503,-12.8325624465942,-2.5829906463623,-0.0549809783697128,0.099547877907753,-0.0649529322981834,81.6163525365,-89.0881279215,-3.776110037,-0.567824769923624,0.654087304236076,2.36113861071534
-27.4276733398438,4.3487548828125,-329.28466796875,-25.2151489257813,-4.76837158203125,-424.49951171875,2.87855648994446,-7.39141654968262,-6.62928771972656,-0.659331858158112,0.0519520789384842,-0.208177074790001,-2.09144115447998,-5.66585111618042,7.28623056411743,-0.0680077970027924,0.141444519162178,0.225054800510406,0.262003988027573,-4.77284097671509,8.97756576538086,1.47276175022125,-0.657394766807556,-0.329408228397369,0.62406861782074,-12.8314552307129,-2.57353711128235,-0.0540021061897278,0.0990214198827744,-0.06608946621418,81.708592762,-89.200391292,-3.781951306,-0.568957292101639,0.655669748081639,2.3606496244224
-27.5421142578125,4.3487548828125,-329.132080078125,-25.1007080078125,-4.9591064453125,-424.346923828125,2.89299416542053,-7.420729637146,-6.62032175064087,-0.659087836742401,0.0542607940733433,-0.208415597677231,-2.10351324081421,-5.66041994094849,7.2913875579834,-0.066512756049633,0.139540240168571,0.224121868610382,0.253059655427933,-4.76703596115112,8.99848079681396,1.46994984149933,-0.658056259155273,-0.327028959989548,0.628605961799622,-12.8303480148315,-2.56408357620239,-0.0530232340097427,0.0984949618577957,-0.0672260001301765,81.8008329875,-89.3126546625,-3.787792575,-0.570089814279655,0.657252191927202,2.36016063812946
-27.6565551757813,4.38690185546875,-329.89501953125,-25.177001953125,-4.84466552734375,-424.49951171875,2.90743160247803,-7.45004272460938,-6.61135578155518,-0.658843755722046,0.0565695092082024,-0.208654120564461,-2.11558532714844,-5.65498876571655,7.29654455184937,-0.0650177150964737,0.137635976076126,0.223188936710358,0.244115278124809,-4.76123094558716,9.01939582824707,1.46713805198669,-0.658717751502991,-0.324649661779404,0.633143246173859,-12.8292407989502,-2.55463004112244,-0.052044365555048,0.0979685038328171,-0.0683625340461731,81.893073213,-89.424918033,-3.793633844,-0.571222336457671,0.658834635772766,2.35967165183652
-27.77099609375,4.425048828125,-330.657958984375,-25.2532958984375,-4.730224609375,-424.652099609375,2.9218692779541,-7.47935581207275,-6.60239028930664,-0.658599734306335,0.0588782243430614,-0.208892643451691,-2.12765741348267,-5.64955759048462,7.30170106887817,-0.0635226741433144,0.13573169708252,0.222255989909172,0.235170930624008,-4.75542640686035,9.04031181335449,1.46432614326477,-0.659379303455353,-0.32227036356926,0.637680530548096,-12.8281335830688,-2.54517674446106,-0.0510654933750629,0.0974420458078384,-0.0694990754127502,81.9853134385,-89.5371814035,-3.799475113,-0.572354858635686,0.660417079618329,2.35918266554358
-27.7328491210938,4.31060791015625,-330.886840820313,-25.2532958984375,-4.92095947265625,-424.957275390625,2.9363067150116,-7.50866937637329,-6.59342432022095,-0.658355712890625,0.0611869432032108,-0.209131181240082,-2.13972926139832,-5.64412593841553,7.30685806274414,-0.0620276294648647,0.133827432990074,0.221323058009148,0.226226568222046,-4.74962139129639,9.0612268447876,1.46151435375214,-0.66004079580307,-0.319891065359116,0.642217814922333,-12.8270263671875,-2.5357232093811,-0.0500866211950779,0.0969155877828598,-0.0706356093287468,82.077553664,-89.649444774,-3.805316382,-0.573487380813702,0.661999523463892,2.35869367925064
-27.6947021484375,4.1961669921875,-331.11572265625,-25.2532958984375,-5.1116943359375,-425.262451171875,2.95074439048767,-7.53798246383667,-6.58445835113525,-0.658111691474915,0.0634956583380699,-0.209369704127312,-2.15180134773254,-5.63869476318359,7.31201505661011,-0.0605325847864151,0.131923153996468,0.220390111207962,0.217282220721245,-4.74381685256958,9.0821418762207,1.45870244503021,-0.660702347755432,-0.317511796951294,0.64675509929657,-12.8259191513062,-2.52626967430115,-0.0491077490150928,0.0963891297578812,-0.0717721432447433,82.1697938895,-89.7617081445,-3.811157651,-0.574619902991717,0.663581967309456,2.3582046929577
-27.77099609375,4.1961669921875,-331.649780273438,-25.2532958984375,-5.035400390625,-425.186157226563,2.96518182754517,-7.56729555130005,-6.57549238204956,-0.657867670059204,0.0658043771982193,-0.209608227014542,-2.16387343406677,-5.63326358795166,7.31717157363892,-0.0590375438332558,0.130018889904022,0.219457179307938,0.208337858319283,-4.73801183700562,9.10305690765381,1.45589065551758,-0.661363840103149,-0.31513249874115,0.651292383670807,-12.8248119354248,-2.51681613922119,-0.0481288768351078,0.0958626717329025,-0.0729086771607399,82.262034115,-89.873971515,-3.81699892,-0.575752425169733,0.665164411155019,2.35771570666475
-27.8472900390625,4.1961669921875,-332.183837890625,-25.2532958984375,-4.9591064453125,-425.10986328125,2.97961950302124,-7.59660911560059,-6.56652641296387,-0.657623648643494,0.0681130886077881,-0.209846749901772,-2.17594528198242,-5.62783193588257,7.32232856750488,-0.0575424991548061,0.128114610910416,0.218524247407913,0.19939349591732,-4.73220682144165,9.12397193908691,1.45307874679565,-0.662025332450867,-0.312753200531006,0.655829727649689,-12.8237047195435,-2.50736260414124,-0.0471500046551228,0.0953362137079239,-0.0740452110767365,82.3542743405,-89.9862348855,-3.822840189,-0.576884947347748,0.666746855000583,2.35722672037181
-27.8091430664063,4.1961669921875,-332.489013671875,-25.2532958984375,-5.14984130859375,-425.033569335938,2.99405717849731,-7.62592220306396,-6.55756044387817,-0.657379627227783,0.0704218074679375,-0.210085287690163,-2.18801736831665,-5.62240076065063,7.32748556137085,-0.0560474582016468,0.126210331916809,0.217591300606728,0.190449148416519,-4.72640228271484,9.14488697052002,1.45026683807373,-0.662686884403229,-0.310373902320862,0.660367012023926,-12.8225975036621,-2.49790906906128,-0.0461711324751377,0.0948097556829453,-0.075181744992733,82.446514566,-90.098498256,-3.828681458,-0.578017469525764,0.668329298846146,2.35673773407887
-27.77099609375,4.1961669921875,-332.794189453125,-25.2532958984375,-5.340576171875,-424.957275390625,3.00849461555481,-7.65523529052734,-6.54859447479248,-0.657135546207428,0.0727305188775063,-0.210323810577393,-2.20008945465088,-5.6169695854187,7.33264207839966,-0.0545524135231972,0.124306067824364,0.216658368706703,0.181504786014557,-4.72059726715088,9.16580200195313,1.4474550485611,-0.663348376750946,-0.307994604110718,0.664904296398163,-12.8214902877808,-2.48845553398132,-0.045192264020443,0.0942832976579666,-0.0763182789087296,82.5387547915,-90.2107616265,-3.834522727,-0.579149991703779,0.669911742691709,2.35624874778593
-27.923583984375,4.2724609375,-333.480834960938,-25.3677368164063,-5.4931640625,-425.033569335938,3.02293229103088,-7.68454885482788,-6.53962850570679,-0.656891524791718,0.0750392377376556,-0.210562333464622,-2.21216130256653,-5.61153793334961,7.33779907226563,-0.0530573725700378,0.122401796281338,0.215725436806679,0.172560423612595,-4.71479225158691,9.18671703338623,1.44464313983917,-0.664009869098663,-0.305615335702896,0.6694415807724,-12.8203830718994,-2.47900199890137,-0.0442133918404579,0.093756839632988,-0.0774548128247261,82.630995017,-90.323024997,-3.840363996,-0.580282513881795,0.671494186537273,2.35575976149299
-28.076171875,4.3487548828125,-334.16748046875,-25.482177734375,-5.645751953125,-425.10986328125,3.03736972808838,-7.71386194229126,-6.53066253662109,-0.656647503376007,0.077347956597805,-0.210800856351852,-2.22423338890076,-5.60610675811768,7.34295606613159,-0.0515623278915882,0.120497524738312,0.214792490005493,0.163616076111794,-4.70898771286011,9.20763206481934,1.44183135032654,-0.664671421051025,-0.303236037492752,0.673978865146637,-12.8192758560181,-2.46954846382141,-0.0432345196604729,0.0932303816080093,-0.0785913467407227,82.7232352425,-90.4352883675,-3.846205265,-0.58141503605981,0.673076630382836,2.35527077520005
-27.9617309570313,4.23431396484375,-334.243774414063,-25.4058837890625,-5.53131103515625,-424.880981445313,3.05215740203857,-7.74465036392212,-6.52367830276489,-0.65612381696701,0.0799160972237587,-0.211326956748962,-2.23265051841736,-5.59752798080444,7.35149431228638,-0.0504446402192116,0.118380770087242,0.213612794876099,0.151135742664337,-4.70356845855713,9.2183952331543,1.43736684322357,-0.663308084011078,-0.299624621868134,0.669345200061798,-12.8160285949707,-2.45972514152527,-0.0422542840242386,0.0926391556859016,-0.0797292441129684,82.815475468,-90.547551738,-3.852046534,-0.582547558237826,0.674659074228399,2.35478178890711
-27.8472900390625,4.119873046875,-334.320068359375,-25.32958984375,-5.4168701171875,-424.652099609375,3.06729483604431,-7.77691459655762,-6.51867532730103,-0.655320465564728,0.0827436670660973,-0.21214060485363,-2.23741269111633,-5.58580207824707,7.3634147644043,-0.0497043021023273,0.116051532328129,0.212186321616173,0.135119423270226,-4.69853496551514,9.21900653839111,1.43124973773956,-0.659919857978821,-0.294781118631363,0.655540525913239,-12.810640335083,-2.44953179359436,-0.0412726812064648,0.0919831618666649,-0.0808685049414635,82.9077156935,-90.6598151085,-3.857887803,-0.583680080415842,0.676241518073963,2.35429280261417
-27.8472900390625,3.96728515625,-334.701538085938,-25.32958984375,-5.37872314453125,-424.575805664063,3.08243227005005,-7.80917882919312,-6.51367282867432,-0.654517114162445,0.0855712369084358,-0.212954252958298,-2.24217510223389,-5.57407569885254,7.37533521652222,-0.0489639639854431,0.113722294569016,0.210759863257408,0.119103103876114,-4.69350147247314,9.21961784362793,1.42513263225555,-0.656531691551208,-0.289937615394592,0.641735851764679,-12.8052530288696,-2.43933844566345,-0.0402910783886909,0.0913271680474281,-0.0820077657699585,82.999955919,-90.772078479,-3.863729072,-0.584812602593857,0.677823961919526,2.35380381632123
-27.8472900390625,3.814697265625,-335.0830078125,-25.32958984375,-5.340576171875,-424.49951171875,3.09756970405579,-7.84144306182861,-6.50866985321045,-0.653713703155518,0.0883988067507744,-0.213767915964127,-2.24693727493286,-5.56234979629517,7.38725566864014,-0.0482236295938492,0.111393056809902,0.209333404898643,0.103086784482002,-4.68846845626831,9.22022819519043,1.41901552677155,-0.653143465518951,-0.285094112157822,0.627931177616119,-12.7998647689819,-2.42914509773254,-0.0393094755709171,0.0906711742281914,-0.0831470265984535,83.0921961445,-90.8843418495,-3.869570341,-0.585945124771873,0.679406405765089,2.35331483002829
-27.8472900390625,3.8909912109375,-335.540771484375,-25.2914428710938,-5.4931640625,-424.575805664063,3.11270713806152,-7.87370729446411,-6.50366687774658,-0.652910351753235,0.0912263765931129,-0.214581564068794,-2.25169944763184,-5.55062341690063,7.39917612075806,-0.047483291476965,0.109063819050789,0.207906931638718,0.0870704725384712,-4.68343496322632,9.22083950042725,1.41289842128754,-0.649755299091339,-0.280250608921051,0.61412650346756,-12.7944765090942,-2.41895174980164,-0.0383278764784336,0.0900151804089546,-0.0842862874269485,83.18443637,-90.99660522,-3.87541161,-0.587077646949888,0.680988849610653,2.35282584373534
-27.8472900390625,3.96728515625,-335.99853515625,-25.2532958984375,-5.645751953125,-424.652099609375,3.12784457206726,-7.90597105026245,-6.49866437911987,-0.652107000350952,0.0940539464354515,-0.215395212173462,-2.25646185874939,-5.5388970375061,7.41109657287598,-0.0467429533600807,0.106734581291676,0.206480473279953,0.0710541531443596,-4.67840147018433,9.22145080566406,1.40678131580353,-0.646367132663727,-0.275407075881958,0.600321829319,-12.7890882492065,-2.40875840187073,-0.0373462736606598,0.0893591865897179,-0.0854255482554436,83.215600137,-91.1330582165,-3.8741480615,-0.588729069046062,0.682096208559967,2.35209398774907
-27.923583984375,3.8909912109375,-336.60888671875,-25.2914428710938,-5.5694580078125,-424.270629882813,3.142982006073,-7.93823528289795,-6.49366140365601,-0.651303648948669,0.0968815162777901,-0.216208875179291,-2.26122403144836,-5.52717113494873,7.4230170249939,-0.0460026189684868,0.104405343532562,0.205054014921188,0.0550378374755383,-4.67336797714233,9.22206115722656,1.40066421031952,-0.64297890663147,-0.270563572645187,0.586517155170441,-12.7836999893188,-2.39856505393982,-0.036364670842886,0.0887031927704811,-0.0865648090839386,83.246763904,-91.269511213,-3.872884513,-0.590380491142235,0.683203567509282,2.3513621317628
-27.9998779296875,3.814697265625,-337.21923828125,-25.32958984375,-5.4931640625,-423.88916015625,3.15811944007874,-7.97049951553345,-6.48865842819214,-0.650500297546387,0.0997090935707092,-0.217022523283958,-2.26598620414734,-5.5154447555542,7.43493747711182,-0.0452622808516026,0.102076105773449,0.203627541661263,0.0390215218067169,-4.66833448410034,9.22267246246338,1.3945472240448,-0.639590740203857,-0.265720069408417,0.572712421417236,-12.7783126831055,-2.38837194442749,-0.0353830680251122,0.088047206401825,-0.0877040699124336,83.277927671,-91.4059642095,-3.8716209645,-0.592031913238408,0.684310926458596,2.35063027577653
-27.6947021484375,3.814697265625,-337.600708007813,-25.5966186523438,-5.53131103515625,-423.88916015625,3.17325687408447,-8.00276374816895,-6.48365592956543,-0.649696946144104,0.102536663413048,-0.217836171388626,-2.27074861526489,-5.50371885299683,7.44685792922974,-0.0445219427347183,0.0997468680143356,0.202201083302498,0.0230052042752504,-4.66330099105835,9.2232837677002,1.38843011856079,-0.6362025141716,-0.260876566171646,0.558907747268677,-12.7729244232178,-2.37817859649658,-0.0344014689326286,0.0873912125825882,-0.0888433307409286,83.309091438,-91.542417206,-3.870357416,-0.593683335334582,0.685418285407911,2.34989841979026
-27.3895263671875,3.814697265625,-337.982177734375,-25.8636474609375,-5.5694580078125,-423.88916015625,3.18839430809021,-8.03502750396729,-6.47865295410156,-0.648893594741821,0.105364233255386,-0.218649834394455,-2.27551078796387,-5.49199247360229,7.45877838134766,-0.0437816083431244,0.0974176377058029,0.200774610042572,0.00698888674378395,-4.65826749801636,9.2238941192627,1.38231301307678,-0.632814347743988,-0.256033033132553,0.545103073120117,-12.7675361633301,-2.36798524856567,-0.0334198661148548,0.0867352187633514,-0.0899825841188431,83.340255205,-91.6788702025,-3.8690938675,-0.595334757430755,0.686525644357226,2.34916656380399
-27.618408203125,3.77655029296875,-338.43994140625,-25.634765625,-5.45501708984375,-423.965454101563,3.20353174209595,-8.06729221343994,-6.4736499786377,-0.648090183734894,0.108191803097725,-0.219463482499123,-2.28027296066284,-5.48026657104492,7.47069883346558,-0.0430412702262402,0.0950883999466896,0.199348151683807,-0.00902742985635996,-4.65323448181152,9.22450542449951,1.37619590759277,-0.629426121711731,-0.251189529895782,0.531298398971558,-12.7621479034424,-2.35779190063477,-0.032438263297081,0.0860792249441147,-0.0911218449473381,83.371418972,-91.815323199,-3.867830319,-0.596986179526929,0.687633003306541,2.34843470781771
-27.8472900390625,3.7384033203125,-338.897705078125,-25.4058837890625,-5.340576171875,-424.041748046875,3.21866917610168,-8.09955596923828,-6.46864700317383,-0.647286832332611,0.111019372940063,-0.22027713060379,-2.28503513336182,-5.46854019165039,7.4826192855835,-0.0423009321093559,0.0927591621875763,0.197921693325043,-0.0250437464565039,-4.64820098876953,9.22511672973633,1.37007880210876,-0.626037955284119,-0.246346026659012,0.517493724822998,-12.756760597229,-2.34759855270386,-0.0314566604793072,0.0854232311248779,-0.0922611057758331,83.402582739,-91.9517761955,-3.8665667705,-0.598637601623102,0.688740362255855,2.34770285183144
-27.8472900390625,3.662109375,-339.279174804688,-25.5203247070313,-5.7220458984375,-423.88916015625,3.23380661010742,-8.13182067871094,-6.46364450454712,-0.646483480930328,0.113846942782402,-0.221090793609619,-2.28979754447937,-5.45681428909302,7.49453973770142,-0.041560597717762,0.090429924428463,0.196495220065117,-0.0410600639879704,-4.64316749572754,9.22572708129883,1.36396169662476,-0.622649729251862,-0.24150250852108,0.503689050674438,-12.7513723373413,-2.33740520477295,-0.0304750595241785,0.0847672373056412,-0.0934003666043282,83.433746506,-92.088229192,-3.865303222,-0.600289023719276,0.68984772120517,2.34697099584517
-27.8472900390625,3.5858154296875,-339.66064453125,-25.634765625,-6.103515625,-423.736572265625,3.24894404411316,-8.16408443450928,-6.45864152908325,-0.645680129528046,0.116674512624741,-0.221904441714287,-2.29455971717834,-5.44508790969849,7.50646018981934,-0.0408202596008778,0.0881006866693497,0.195068761706352,-0.0570763796567917,-4.63813400268555,9.22633838653564,1.35784459114075,-0.619261562824249,-0.236659005284309,0.489884376525879,-12.7459840774536,-2.32721185684204,-0.0294934585690498,0.0841112434864044,-0.0945396274328232,83.464910273,-92.2246821885,-3.8640396735,-0.601940445815449,0.690955080154484,2.3462391398589
-27.923583984375,3.31878662109375,-340.042114257813,-25.5966186523438,-5.98907470703125,-423.355102539063,3.27097845077515,-8.20503234863281,-6.4516863822937,-0.644002079963684,0.120201408863068,-0.222344562411308,-2.29245638847351,-5.43616151809692,7.51381969451904,-0.0413233749568462,0.0862237513065338,0.193204894661903,-0.0541441105306149,-4.64783048629761,9.21663856506348,1.35035824775696,-0.611961781978607,-0.232091456651688,0.477364629507065,-12.7421503067017,-2.32005906105042,-0.0281814206391573,0.0830967128276825,-0.095155231654644,83.49607404,-92.361135185,-3.862776125,-0.603591867911622,0.692062439103799,2.34550728387262
-27.9998779296875,3.0517578125,-340.423583984375,-25.5584716796875,-5.8746337890625,-422.9736328125,3.29301285743713,-8.24598026275635,-6.44473123550415,-0.642323970794678,0.123728297650814,-0.222784668207169,-2.29035305976868,-5.42723512649536,7.52117919921875,-0.0418264865875244,0.084346815943718,0.191341027617455,-0.051211841404438,-4.65752696990967,9.20693874359131,1.34287190437317,-0.60466194152832,-0.227523893117905,0.464844912290573,-12.7383165359497,-2.31290602684021,-0.0268693808466196,0.0820821821689606,-0.0957708433270454,83.527237807,-92.4975881815,-3.8615125765,-0.605243290007796,0.693169798053114,2.34477542788635
-27.8472900390625,2.9754638671875,-340.88134765625,-25.4058837890625,-5.7220458984375,-422.897338867188,3.3150475025177,-8.28692817687988,-6.43777656555176,-0.640645921230316,0.12725518643856,-0.22322478890419,-2.28824973106384,-5.4183087348938,7.52853918075562,-0.0423296019434929,0.0824698805809021,0.189477160573006,-0.0482795722782612,-4.66722345352173,9.19723796844482,1.33538544178009,-0.597362160682678,-0.222956344485283,0.452325165271759,-12.7344818115234,-2.30575323104858,-0.0255573429167271,0.0810676440596581,-0.0963864475488663,83.558401574,-92.634041178,-3.860249028,-0.606894712103969,0.694277157002428,2.34404357190008
-27.6947021484375,2.899169921875,-341.339111328125,-25.2532958984375,-5.5694580078125,-422.821044921875,3.33708190917969,-8.32787609100342,-6.43082141876221,-0.63896781206131,0.130782082676888,-0.22366489470005,-2.28614640235901,-5.40938234329224,7.53589868545532,-0.0428327135741711,0.0805929452180862,0.187613278627396,-0.0453473031520844,-4.67691993713379,9.18753814697266,1.3278990983963,-0.590062320232391,-0.2183887809515,0.439805448055267,-12.7306480407715,-2.29860043525696,-0.0242453049868345,0.0800531134009361,-0.0970020517706871,83.589565341,-92.7704941745,-3.8589854795,-0.608546134200143,0.695384515951743,2.34331171591381
-27.6947021484375,2.93731689453125,-341.339111328125,-25.2151489257813,-5.53131103515625,-422.439575195313,3.35911631584167,-8.36882305145264,-6.42386627197266,-0.637289762496948,0.134308978915215,-0.224105015397072,-2.28404307365417,-5.40045595169067,7.54325819015503,-0.0433358289301395,0.0787160098552704,0.185749411582947,-0.0424150340259075,-4.68661689758301,9.17783832550049,1.32041275501251,-0.582762539386749,-0.213821232318878,0.427285701036453,-12.7268142700195,-2.29144763946533,-0.022933267056942,0.0790385827422142,-0.0976176634430885,83.620729108,-92.906947171,-3.857721931,-0.610197556296316,0.696491874901058,2.34257985992754
-27.6947021484375,2.9754638671875,-341.339111328125,-25.177001953125,-5.4931640625,-422.05810546875,3.38115072250366,-8.40977096557617,-6.41691112518311,-0.635611653327942,0.137835875153542,-0.224545121192932,-2.28193974494934,-5.39152956008911,7.55061769485474,-0.0438389405608177,0.0768390744924545,0.183885544538498,-0.0394827648997307,-4.69631338119507,9.16813850402832,1.31292641162872,-0.575462698936462,-0.209253668785095,0.414765954017639,-12.7229804992676,-2.28429460525513,-0.0216212272644043,0.0780240520834923,-0.0982332676649094,83.651892875,-93.0434001675,-3.8564583825,-0.61184897839249,0.697599233850372,2.34184800394126
-27.77099609375,2.86102294921875,-341.873168945313,-25.177001953125,-5.5694580078125,-421.676635742188,3.40318512916565,-8.45071887969971,-6.40995645523071,-0.63393360376358,0.141362756490707,-0.224985241889954,-2.27983665466309,-5.38260364532471,7.5579776763916,-0.0443420559167862,0.0749621465802193,0.182021677494049,-0.0365504957735538,-4.70600986480713,9.15843868255615,1.30543994903564,-0.56816291809082,-0.204686120152473,0.402246236801147,-12.7191457748413,-2.2771418094635,-0.0203091893345118,0.0770095139741898,-0.0988488718867302,83.683056642,-93.179853164,-3.855194834,-0.613500400488663,0.698706592799687,2.34111614795499
-27.8472900390625,2.74658203125,-342.4072265625,-25.177001953125,-5.645751953125,-421.295166015625,3.42521953582764,-8.49166679382324,-6.40300130844116,-0.632255494594574,0.144889652729034,-0.225425347685814,-2.27773332595825,-5.37367725372314,7.56533718109131,-0.0448451675474644,0.0730852112174034,0.1801578104496,-0.033618226647377,-4.71570634841919,9.14873886108398,1.29795360565186,-0.560863077640533,-0.20011855661869,0.389726489782333,-12.7153120040894,-2.26998901367188,-0.0189971514046192,0.0759949833154678,-0.0994644835591316,83.714220409,-93.3163061605,-3.8539312855,-0.615151822584837,0.699813951749002,2.34038429196872
-27.6947021484375,2.47955322265625,-342.71240234375,-25.4058837890625,-5.7220458984375,-421.066284179688,3.4472541809082,-8.53261470794678,-6.39604616165161,-0.630577445030212,0.148416548967361,-0.225865468382835,-2.27562999725342,-5.36475086212158,7.57269668579102,-0.0453482829034328,0.0712082758545876,0.178293943405151,-0.030685955658555,-4.72540283203125,9.1390380859375,1.29046726226807,-0.553563296794891,-0.195551007986069,0.377206772565842,-12.7114782333374,-2.26283621788025,-0.0176851134747267,0.0749804526567459,-0.100080087780952,83.745384176,-93.452759157,-3.852667737,-0.61680324468101,0.700921310698316,2.33965243598245
-27.5421142578125,2.2125244140625,-343.017578125,-25.634765625,-5.79833984375,-420.83740234375,3.46928858757019,-8.57356262207031,-6.38909101486206,-0.628899335861206,0.151943445205688,-0.226305589079857,-2.27352666854858,-5.35582447052002,7.58005619049072,-0.0458513982594013,0.0693313404917717,0.176430076360703,-0.0277536865323782,-4.73509931564331,9.12933826446533,1.28298091888428,-0.546263515949249,-0.190983444452286,0.364687025547028,-12.7076444625854,-2.25568318367004,-0.016373073682189,0.073965921998024,-0.100695692002773,83.776547943,-93.5892121535,-3.8514041885,-0.618454666777183,0.702028669647631,2.33892057999618
-27.618408203125,2.3651123046875,-343.475341796875,-25.5584716796875,-5.8746337890625,-420.5322265625,3.49132299423218,-8.61451053619385,-6.38213586807251,-0.627221286296844,0.155470341444016,-0.226745694875717,-2.27142333984375,-5.34689807891846,7.58741569519043,-0.0463545098900795,0.0674544051289558,0.174566194415092,-0.0248214174062014,-4.74479579925537,9.11963844299316,1.27549457550049,-0.538963675498962,-0.186415895819664,0.352167278528214,-12.7038106918335,-2.24853038787842,-0.0150610357522964,0.0729513913393021,-0.101311303675175,83.80771171,-93.72566515,-3.85014064,-0.620106088873357,0.703136028596945,2.3381887240099
-27.6947021484375,2.5177001953125,-343.93310546875,-25.482177734375,-5.950927734375,-420.22705078125,3.51335740089417,-8.65545845031738,-6.37518119812012,-0.625543177127838,0.158997222781181,-0.227185815572739,-2.26932001113892,-5.33797168731689,7.59477567672729,-0.046857625246048,0.06557746976614,0.172702327370644,-0.0218891482800245,-4.75449228286743,9.109938621521,1.26800811290741,-0.53166389465332,-0.181848332285881,0.339647561311722,-12.6999759674072,-2.24137759208679,-0.0137489978224039,0.0719368532299995,-0.101926907896996,83.807653324,-93.7256216165,-3.8502304145,-0.620823337612122,0.703413898125995,2.33746653587611
-27.7328491210938,2.44140625,-344.085693359375,-25.5966186523438,-6.0272216796875,-420.22705078125,3.53539180755615,-8.69640636444092,-6.36822605133057,-0.623865127563477,0.162524119019508,-0.227625921368599,-2.26721668243408,-5.32904529571533,7.602135181427,-0.0473607368767262,0.0637005344033241,0.170838460326195,-0.0189568791538477,-4.76418876647949,9.10023880004883,1.26052176952362,-0.524364054203033,-0.177280783653259,0.327127814292908,-12.6961421966553,-2.23422479629517,-0.0124369589611888,0.0709223225712776,-0.102542512118816,83.807594938,-93.725578083,-3.850320189,-0.621540586350887,0.703691767655044,2.33674434774232
-27.77099609375,2.3651123046875,-344.23828125,-25.7110595703125,-6.103515625,-420.22705078125,3.55215525627136,-8.73535919189453,-6.35751295089722,-0.622476637363434,0.1657435297966,-0.227881625294685,-2.26054883003235,-5.31930828094482,7.61016225814819,-0.0484944880008698,0.0620474517345428,0.16928718984127,-0.0103122293949127,-4.77764081954956,9.09475135803223,1.25454151630402,-0.518179535865784,-0.17389677464962,0.309056997299194,-12.6905708312988,-2.22475123405457,-0.0106749348342419,0.0698632448911667,-0.102507255971432,83.807536552,-93.7255345495,-3.8504099635,-0.622257835089653,0.703969637184094,2.33602215960853
-27.4276733398438,2.44140625,-344.23828125,-25.6729125976563,-5.91278076171875,-419.921875,3.56364774703979,-8.77231788635254,-6.34304189682007,-0.621377766132355,0.168655470013618,-0.227952927350998,-2.24931621551514,-5.30876016616821,7.61885643005371,-0.0502588748931885,0.0606182180345058,0.168048501014709,0.0040448009967804,-4.79484748840332,9.09347724914551,1.25006723403931,-0.513110339641571,-0.171696320176125,0.285435110330582,-12.6832609176636,-2.21295738220215,-0.00846292357891798,0.0687596276402473,-0.101821132004261,83.807478166,-93.725491016,-3.850499738,-0.622975083828418,0.704247506713143,2.33529997147474
-27.0843505859375,2.5177001953125,-344.23828125,-25.634765625,-5.7220458984375,-419.61669921875,3.57513999938965,-8.80927753448486,-6.32857036590576,-0.62027895450592,0.171567410230637,-0.22802422940731,-2.23808360099792,-5.2982120513916,7.62755107879639,-0.0520232617855072,0.0591889880597591,0.166809812188148,0.0184018313884735,-4.81205463409424,9.09220314025879,1.24559307098389,-0.508041143417358,-0.169495850801468,0.261813223361969,-12.6759510040283,-2.20116329193115,-0.00625091278925538,0.0676560029387474,-0.10113500803709,83.80741978,-93.7254474825,-3.8505895125,-0.623692332567184,0.704525376242193,2.33457778334095
-27.0843505859375,2.32696533203125,-344.467163085938,-25.634765625,-5.83648681640625,-419.158935546875,3.58663249015808,-8.84623622894287,-6.31409931182861,-0.619180083274841,0.174479350447655,-0.228095531463623,-2.22685098648071,-5.28766393661499,7.6362452507019,-0.0537876486778259,0.0577597543597221,0.165571138262749,0.0327588617801666,-4.82926177978516,9.09092903137207,1.24111878871918,-0.502971887588501,-0.167295396327972,0.238191321492195,-12.6686420440674,-2.18936920166016,-0.00403890199959278,0.0665523856878281,-0.1004488915205,83.807361394,-93.725403949,-3.850679287,-0.624409581305949,0.704803245771242,2.33385559520716
-27.0843505859375,2.13623046875,-344.696044921875,-25.634765625,-5.950927734375,-418.701171875,3.59812474250793,-8.88319492340088,-6.29962825775146,-0.618081212043762,0.177391290664673,-0.228166818618774,-2.2156183719635,-5.27711582183838,7.64493989944458,-0.0555520355701447,0.0563305206596851,0.164332449436188,0.0471158921718597,-4.84646844863892,9.08965492248535,1.23664462566376,-0.497902691364288,-0.165094941854477,0.214569434523582,-12.6613321304321,-2.17757534980774,-0.00182689109351486,0.0654487684369087,-0.0997627675533295,83.807303008,-93.7253604155,-3.8507690615,-0.625126830044714,0.705081115300292,2.33313340707337
-26.9317626953125,2.0599365234375,-345.077514648438,-25.6729125976563,-5.950927734375,-418.548583984375,3.60961723327637,-8.92015361785889,-6.28515720367432,-0.616982400417328,0.180303230881691,-0.228238120675087,-2.20438575744629,-5.26656770706177,7.65363454818726,-0.0573164224624634,0.0549012906849384,0.163093760609627,0.0614729225635529,-4.86367559432983,9.08838081359863,1.23217046260834,-0.492833465337753,-0.162894487380981,0.190947532653809,-12.6540222167969,-2.16578125953674,0.000385119812563062,0.0643451437354088,-0.0990766435861588,83.807244622,-93.725316882,-3.850858836,-0.62584407878348,0.705358984829341,2.33241121893958
-26.7791748046875,1.983642578125,-345.458984375,-25.7110595703125,-5.950927734375,-418.39599609375,3.62110948562622,-8.95711231231689,-6.27068614959717,-0.615883529186249,0.183215171098709,-0.2283094227314,-2.19315314292908,-5.25601959228516,7.66232872009277,-0.0590808093547821,0.0534720569849014,0.161855086684227,0.075829952955246,-4.88088274002075,9.08710670471191,1.22769618034363,-0.487764269113541,-0.160694032907486,0.167325645685196,-12.6467132568359,-2.15398716926575,0.00259713060222566,0.0632415264844894,-0.098390519618988,83.807186236,-93.7252733485,-3.8509486105,-0.626561327522245,0.705636854358391,2.33168903080579
-26.702880859375,1.9073486328125,-345.306396484375,-25.634765625,-5.98907470703125,-418.319702148438,3.63260197639465,-8.99407196044922,-6.25621461868286,-0.61478465795517,0.186127111315727,-0.228380724787712,-2.18192052841187,-5.24547147750854,7.67102336883545,-0.0608451962471008,0.0520428270101547,0.160616397857666,0.0901869833469391,-4.89808940887451,9.08583164215088,1.22322201728821,-0.482695043087006,-0.158493563532829,0.143703743815422,-12.6394033432007,-2.14219331741333,0.0048091416247189,0.0621379055082798,-0.0977043956518173,83.80712785,-93.725229815,-3.851038385,-0.62727857626101,0.70591472388744,2.33096684267199
-26.6265869140625,1.8310546875,-345.15380859375,-25.5584716796875,-6.0272216796875,-418.243408203125,3.64409422874451,-9.03103065490723,-6.24174356460571,-0.613685846328735,0.189039051532745,-0.228452011942863,-2.17068791389465,-5.23492336273193,7.67971754074097,-0.0626095831394196,0.0506135933101177,0.159377709031105,0.104544013738632,-4.91529655456543,9.08455753326416,1.2187477350235,-0.477625817060471,-0.156293109059334,0.120081849396229,-12.6320934295654,-2.13039922714233,0.0070211524143815,0.0610342845320702,-0.0970182716846466,83.807069464,-93.7251862815,-3.8511281595,-0.627995824999776,0.70619259341649,2.3302446545382
-26.5884399414063,1.7547607421875,-345.306396484375,-25.5203247070313,-6.06536865234375,-418.243408203125,3.65558671951294,-9.06798934936523,-6.22727251052856,-0.612586975097656,0.191950976848602,-0.228523313999176,-2.15945529937744,-5.22437524795532,7.68841218948364,-0.0643739700317383,0.0491843596100807,0.158139035105705,0.118901044130325,-4.93250322341919,9.08328342437744,1.21427357196808,-0.472556620836258,-0.154092654585838,0.0964599549770355,-12.6247844696045,-2.11860537528992,0.00923316366970539,0.0599306635558605,-0.0963321477174759,83.807011078,-93.725142748,-3.851217934,-0.628713073738541,0.706470462945539,2.32952246640441
-26.55029296875,1.678466796875,-345.458984375,-25.482177734375,-6.103515625,-418.243408203125,3.66707897186279,-9.10494804382324,-6.21280145645142,-0.611488103866577,0.19486291706562,-0.228594616055489,-2.14822268486023,-5.21382713317871,7.69710636138916,-0.066138356924057,0.047755129635334,0.156900346279144,0.133258074522018,-4.94971036911011,9.08200931549072,1.20979928970337,-0.467487394809723,-0.151892200112343,0.0728380605578423,-12.6174745559692,-2.10681128501892,0.0114451739937067,0.0588270425796509,-0.0956460312008858,83.806952692,-93.7250992145,-3.8513077085,-0.629430322477307,0.706748332474589,2.32880027827062
-26.5884399414063,1.56402587890625,-345.993041992188,-25.4440307617188,-6.14166259765625,-418.014526367188,3.67857146263123,-9.14190769195557,-6.19832992553711,-0.610389232635498,0.197774857282639,-0.228665918111801,-2.13699007034302,-5.2032790184021,7.70580101013184,-0.0679027438163757,0.046325895935297,0.155661657452583,0.147615104913712,-4.96691751480103,9.080735206604,1.20532512664795,-0.462418168783188,-0.149691730737686,0.049216166138649,-12.610164642334,-2.09501719474792,0.0136571852490306,0.0577234253287315,-0.0949599072337151,83.806894306,-93.725055681,-3.851397483,-0.630147571216072,0.707026202003638,2.32807809013683
-26.6265869140625,1.4495849609375,-346.527099609375,-25.4058837890625,-6.1798095703125,-417.78564453125,3.69006371498108,-9.17886638641357,-6.18385887145996,-0.609290421009064,0.200686797499657,-0.228737205266953,-2.12575745582581,-5.19273090362549,7.71449518203735,-0.0696671307086945,0.0448966659605503,0.154422983527184,0.161972135305405,-4.98412418365479,9.07946109771729,1.20085084438324,-0.457348972558975,-0.147491276264191,0.0255942717194557,-12.602855682373,-2.08322334289551,0.0158691965043545,0.0566198043525219,-0.0942737832665443,83.80683592,-93.7250121475,-3.8514872575,-0.630864819954837,0.707304071532688,2.32735590200304
-26.6265869140625,1.41143798828125,-346.527099609375,-25.5584716796875,-6.21795654296875,-417.556762695313,3.70155620574951,-9.21582508087158,-6.16938781738281,-0.608191549777985,0.203598737716675,-0.228808507323265,-2.11452484130859,-5.18218278884888,7.72318983078003,-0.0714315176010132,0.0434674322605133,0.153184294700623,0.176329165697098,-5.0013313293457,9.07818698883057,1.19637668132782,-0.45227974653244,-0.145290821790695,0.00197237730026245,-12.5955457687378,-2.07142925262451,0.0180812068283558,0.0555161833763123,-0.0935876592993736,83.806777534,-93.724968614,-3.851577032,-0.631582068693603,0.707581941061737,2.32663371386925
-26.6265869140625,1.373291015625,-346.527099609375,-25.7110595703125,-6.256103515625,-417.327880859375,3.69289016723633,-9.23035335540771,-6.16569852828979,-0.604945182800293,0.208475187420845,-0.228564485907555,-2.09939956665039,-5.17632246017456,7.72782564163208,-0.0733591169118881,0.0429813750088215,0.15234249830246,0.185702741146088,-5.01969528198242,9.08599948883057,1.19661164283752,-0.450907915830612,-0.143226161599159,-0.0195749085396528,-12.5820922851563,-2.06426405906677,0.0207079909741879,0.054595559835434,-0.0919528007507324,83.806719148,-93.7249250805,-3.8516668065,-0.632299317432368,0.707859810590786,2.32591152573546
-26.55029296875,1.18255615234375,-346.527099609375,-25.787353515625,-6.40869140625,-416.8701171875,3.68422412872314,-9.24488162994385,-6.16200876235962,-0.601698875427246,0.213351637125015,-0.228320464491844,-2.08427405357361,-5.17046165466309,7.73246192932129,-0.0752867236733437,0.0424953140318394,0.151500716805458,0.195076316595078,-5.03805923461914,9.09381103515625,1.19684648513794,-0.449536114931107,-0.141161486506462,-0.0411221943795681,-12.5686388015747,-2.05709886550903,0.0233347751200199,0.053674940019846,-0.0903179422020912,83.806660762,-93.724881547,-3.851756581,-0.633016566171134,0.708137680119836,2.32518933760167
-26.4739990234375,0.9918212890625,-346.527099609375,-25.8636474609375,-6.561279296875,-416.412353515625,3.67555809020996,-9.25940990447998,-6.1583194732666,-0.598452508449554,0.218228086829185,-0.228076443076134,-2.06914877891541,-5.16460132598877,7.73709774017334,-0.0772143229842186,0.0420092567801476,0.150658920407295,0.204449877142906,-5.05642318725586,9.10162353515625,1.19708144664764,-0.448164284229279,-0.139096826314926,-0.0626694858074188,-12.5551853179932,-2.04993367195129,0.025961559265852,0.0527543164789677,-0.08868308365345,83.806602376,-93.7248380135,-3.8518463555,-0.633733814909899,0.708415549648885,2.32446714946788
-26.2451171875,1.1444091796875,-346.527099609375,-25.8255004882813,-6.561279296875,-416.259765625,3.66689229011536,-9.27393817901611,-6.15462970733643,-0.595206141471863,0.223104536533356,-0.227832421660423,-2.0540235042572,-5.15874099731445,7.74173355102539,-0.0791419297456741,0.0415231958031654,0.149817124009132,0.213823452591896,-5.07478713989258,9.10943603515625,1.19731628894806,-0.446792483329773,-0.137032151222229,-0.0842167660593987,-12.5417318344116,-2.04276847839355,0.0285883452743292,0.0518336929380894,-0.0870482251048088,83.80654399,-93.72479448,-3.85193613,-0.634451063648664,0.708693419177935,2.32374496133409
-26.0162353515625,1.2969970703125,-346.527099609375,-25.787353515625,-6.561279296875,-416.107177734375,3.65822625160217,-9.28846645355225,-6.15094041824341,-0.591959834098816,0.227980986237526,-0.227588400244713,-2.03889799118042,-5.15288066864014,7.7463698387146,-0.0810695290565491,0.0410371385514736,0.14897532761097,0.223197028040886,-5.0931510925293,9.11724853515625,1.19755125045776,-0.445420652627945,-0.134967491030693,-0.105764053761959,-12.5282783508301,-2.03560328483582,0.0312151294201612,0.0509130693972111,-0.0854133665561676,83.8067714405,-93.724946102,-3.8520090115,-0.634244511874572,0.708773062104417,2.32334342560732
-26.1306762695313,1.10626220703125,-346.603393554688,-25.93994140625,-6.52313232421875,-415.95458984375,3.64956021308899,-9.30299472808838,-6.14725065231323,-0.588713467121124,0.232857435941696,-0.227344378829002,-2.02377271652222,-5.14701986312866,7.75100564956665,-0.0829971358180046,0.0405510812997818,0.148133546113968,0.232570603489876,-5.11151504516602,9.12506008148193,1.19778621196747,-0.444048821926117,-0.132902815937996,-0.1273113489151,-12.5148248672485,-2.02843809127808,0.0338419117033482,0.0499924495816231,-0.0837785080075264,83.806998891,-93.725097724,-3.852081893,-0.634037960100481,0.7088527050309,2.32294188988055
-26.2451171875,0.91552734375,-346.6796875,-26.092529296875,-6.4849853515625,-415.802001953125,3.64089417457581,-9.3175220489502,-6.14356136322021,-0.585467100143433,0.237733885645866,-0.227100372314453,-2.00864744186401,-5.14115953445435,7.75564193725586,-0.0849247351288795,0.0400650203227997,0.147291749715805,0.241944164037704,-5.12987899780273,9.13287258148193,1.19802105426788,-0.442677021026611,-0.13083815574646,-0.148858621716499,-12.501371383667,-2.02127289772034,0.0364686995744705,0.0490718260407448,-0.0821436494588852,83.8072263415,-93.725249346,-3.8521547745,-0.633831408326389,0.708932347957382,2.32254035415379
-26.1688232421875,0.9918212890625,-346.603393554688,-26.092529296875,-6.67572021484375,-415.573120117188,3.63222813606262,-9.33205032348633,-6.13987159729004,-0.582220792770386,0.242610335350037,-0.226856350898743,-1.99352204799652,-5.13529920578003,7.76027774810791,-0.0868523418903351,0.0395789630711079,0.146449953317642,0.251317739486694,-5.14824295043945,9.14068508148193,1.19825601577759,-0.441305190324783,-0.128773480653763,-0.17040590941906,-12.4879179000854,-2.0141077041626,0.0390954837203026,0.0481512024998665,-0.080508790910244,83.807453792,-93.725400968,-3.852227656,-0.633624856552297,0.709011990883865,2.32213881842702
-26.092529296875,1.068115234375,-346.527099609375,-26.092529296875,-6.866455078125,-415.34423828125,3.62356209754944,-9.34657859802246,-6.13618230819702,-0.578974425792694,0.247486785054207,-0.226612329483032,-1.97839665412903,-5.12943840026855,7.76491355895996,-0.08877994120121,0.0390929020941257,0.145608171820641,0.260691314935684,-5.16660690307617,9.14849662780762,1.198490858078,-0.439933389425278,-0.126708820462227,-0.19195319712162,-12.4744644165039,-2.00694251060486,0.0417222678661346,0.0472305826842785,-0.0788739323616028,83.8076812425,-93.72555259,-3.8523005375,-0.633418304778205,0.709091633810347,2.32173728270025
-26.0543823242188,1.18255615234375,-346.450805664063,-26.1688232421875,-6.82830810546875,-415.191650390625,3.61489605903625,-9.36110687255859,-6.13249254226685,-0.575728058815002,0.252363234758377,-0.226368308067322,-1.96327126026154,-5.12357807159424,7.76954984664917,-0.090707540512085,0.0386068448424339,0.144766375422478,0.270064890384674,-5.18497085571289,9.15630912780762,1.19872581958771,-0.43856155872345,-0.12464415282011,-0.213500484824181,-12.4610109329224,-1.99977731704712,0.0443490520119667,0.0463099591434002,-0.0772390738129616,83.807908693,-93.725704212,-3.852373419,-0.633211753004113,0.70917127673683,2.32133574697348
-26.0162353515625,1.2969970703125,-346.37451171875,-26.2451171875,-6.7901611328125,-415.0390625,3.60623025894165,-9.37563514709473,-6.12880325317383,-0.572481751441956,0.257239699363708,-0.226124286651611,-1.94814598560333,-5.11771774291992,7.77418565750122,-0.0926351472735405,0.0381207875907421,0.143924579024315,0.279438465833664,-5.20333480834961,9.16412162780762,1.19896078109741,-0.437189728021622,-0.122579485177994,-0.235047772526741,-12.4475574493408,-1.99261212348938,0.0469758361577988,0.0453893356025219,-0.0756042152643204,83.8081361435,-93.725855834,-3.8524463005,-0.633005201230021,0.709250919663312,2.32093421124672
-25.9017944335938,1.25885009765625,-346.603393554688,-26.3595581054688,-6.866455078125,-414.962768554688,3.59756422042847,-9.39016342163086,-6.12511348724365,-0.569235384464264,0.262116134166718,-0.225880265235901,-1.93302059173584,-5.11185693740845,7.77882146835327,-0.0945627465844154,0.03763472661376,0.143082797527313,0.288812041282654,-5.22169876098633,9.1719331741333,1.19919562339783,-0.435817927122116,-0.120514817535877,-0.256595075130463,-12.4341039657593,-1.98544692993164,0.0496026203036308,0.0444687157869339,-0.0739693567156792,83.808363594,-93.726007456,-3.852519182,-0.632798649455929,0.709330562589795,2.32053267551995
-25.787353515625,1.220703125,-346.832275390625,-26.4739990234375,-6.9427490234375,-414.886474609375,3.58889818191528,-9.40469169616699,-6.12142419815063,-0.565989017486572,0.266992598772049,-0.22563624382019,-1.91789519786835,-5.10599660873413,7.78345775604248,-0.096490353345871,0.0371486693620682,0.14224100112915,0.298185616731644,-5.24006271362305,9.1797456741333,1.19943058490753,-0.434446096420288,-0.118450149893761,-0.278142362833023,-12.4206504821777,-1.9782817363739,0.0522294044494629,0.0435480922460556,-0.072334498167038,83.8085910445,-93.726159078,-3.8525920635,-0.632592097681837,0.709410205516277,2.32013113979318
-25.787353515625,1.25885009765625,-346.908569335938,-26.397705078125,-7.05718994140625,-414.657592773438,3.57123851776123,-9.40742874145508,-6.12561798095703,-0.562822163105011,0.270756274461746,-0.225783601403236,-1.90513694286346,-5.10491847991943,7.7859992980957,-0.0983086004853249,0.0370924100279808,0.141791969537735,0.299322903156281,-5.25078105926514,9.18185234069824,1.20079755783081,-0.433453798294067,-0.116131201386452,-0.296102434396744,-12.406476020813,-1.97944986820221,0.0549439005553722,0.0429897345602512,-0.070610523223877,83.808818495,-93.7263107,-3.852664945,-0.632385545907745,0.70948984844276,2.31972960406642
-25.787353515625,1.2969970703125,-346.98486328125,-26.3214111328125,-7.171630859375,-414.4287109375,3.54458546638489,-9.39837455749512,-6.13769483566284,-0.559734702110291,0.273407191038132,-0.226322323083878,-1.89474582672119,-5.1086220741272,7.7864465713501,-0.100017502903938,0.0374659523367882,0.141735717654228,0.292223960161209,-5.25385427474976,9.17825412750244,1.20329678058624,-0.432840973138809,-0.113557957112789,-0.31047534942627,-12.3915786743164,-1.98895144462585,0.0577461086213589,0.0427936464548111,-0.0687974467873573,83.8090459455,-93.726462322,-3.8527378265,-0.632178994133654,0.709569491369242,2.31932806833965
-25.6729125976563,1.10626220703125,-346.98486328125,-26.3595581054688,-7.20977783203125,-414.047241210938,3.51793241500854,-9.38932037353516,-6.14977216720581,-0.556647300720215,0.276058107614517,-0.226861044764519,-1.88435471057892,-5.11232566833496,7.78689432144165,-0.101726397871971,0.0378394946455956,0.141679465770721,0.285124987363815,-5.25692701339722,9.17465591430664,1.20579588413239,-0.432228177785873,-0.110984712839127,-0.324848264455795,-12.3766822814941,-1.9984530210495,0.0605483166873455,0.0425975546240807,-0.0669843703508377,83.809273396,-93.726613944,-3.852810708,-0.631972442359562,0.709649134295725,2.31892653261288
-25.5584716796875,0.91552734375,-346.98486328125,-26.397705078125,-7.2479248046875,-413.665771484375,3.4912793636322,-9.3802661895752,-6.16184902191162,-0.553559839725494,0.278709024190903,-0.22739976644516,-1.87396359443665,-5.11602926254272,7.78734159469604,-0.103435292840004,0.0382130369544029,0.141623213887215,0.278026044368744,-5.25999975204468,9.17105770111084,1.20829510688782,-0.431615352630615,-0.108411468565464,-0.339221179485321,-12.3617849349976,-2.00795459747314,0.0633505284786224,0.0424014665186405,-0.0651712939143181,83.8095008465,-93.726765566,-3.8528835895,-0.63176589058547,0.709728777222207,2.31852499688612
-25.4058837890625,0.9918212890625,-346.527099609375,-26.397705078125,-7.51495361328125,-414.047241210938,3.46462631225586,-9.37121200561523,-6.17392635345459,-0.550472438335419,0.281359940767288,-0.227938503026962,-1.86357247829437,-5.11973285675049,7.78778886795044,-0.105144195258617,0.0385865792632103,0.141566947102547,0.270927101373672,-5.2630729675293,9.16745853424072,1.21079421043396,-0.431002557277679,-0.105838224291801,-0.353594094514847,-12.3468885421753,-2.0174560546875,0.0661527365446091,0.0422053784132004,-0.0633582174777985,83.809728297,-93.726917188,-3.852956471,-0.631559338811378,0.70980842014869,2.31812346115935
-25.2532958984375,1.068115234375,-346.0693359375,-26.397705078125,-7.781982421875,-414.4287109375,3.43797302246094,-9.36215782165527,-6.1860032081604,-0.547385036945343,0.284010857343674,-0.228477224707603,-1.85318124294281,-5.12343645095825,7.78823614120483,-0.10685309022665,0.0389601215720177,0.14151069521904,0.263828128576279,-5.26614570617676,9.16386032104492,1.21329343318939,-0.430389761924744,-0.103264980018139,-0.36796697974205,-12.3319911956787,-2.02695775032043,0.0689549446105957,0.0420092865824699,-0.0615451373159885,83.8099557475,-93.72706881,-3.8530293525,-0.631352787037286,0.709888063075172,2.31772192543258
-25.32958984375,1.18255615234375,-345.840454101563,-26.5121459960938,-7.51495361328125,-414.505004882813,3.41131997108459,-9.35310363769531,-6.19808053970337,-0.544297575950623,0.286661773920059,-0.229015946388245,-1.84279012680054,-5.12714004516602,7.78868341445923,-0.108561985194683,0.039333663880825,0.141454443335533,0.256729185581207,-5.26921844482422,9.16026210784912,1.21579253673553,-0.429776936769485,-0.100691735744476,-0.382339894771576,-12.3170948028564,-2.03645920753479,0.0717571526765823,0.0418131984770298,-0.0597320608794689,83.810183198,-93.727220432,-3.853102234,-0.631146235263194,0.709967706001655,2.31732038970582
-25.4058837890625,1.2969970703125,-345.611572265625,-26.6265869140625,-7.2479248046875,-414.581298828125,3.38466691970825,-9.34404945373535,-6.21015739440918,-0.541210174560547,0.289312660694122,-0.229554668068886,-1.83239901065826,-5.13084363937378,7.78913116455078,-0.110270887613297,0.0397072099149227,0.141398191452026,0.249630227684975,-5.27229166030884,9.15666389465332,1.21829175949097,-0.42916414141655,-0.0981184914708138,-0.396712809801102,-12.3021974563599,-2.04596090316772,0.074559360742569,0.0416171066462994,-0.057918980717659,83.8104106485,-93.727372054,-3.8531751155,-0.630939683489102,0.710047348928137,2.31691885397905
-25.32958984375,1.33514404296875,-345.993041992188,-26.7791748046875,-7.476806640625,-414.4287109375,3.35801386833191,-9.33499526977539,-6.22223472595215,-0.538122713565826,0.291963577270508,-0.230093404650688,-1.82200789451599,-5.13454723358154,7.78957843780518,-0.111979782581329,0.0400807522237301,0.141341924667358,0.242531269788742,-5.2753643989563,9.1530647277832,1.22079086303711,-0.428551316261292,-0.0955452471971512,-0.411085724830627,-12.2873010635376,-2.05546236038208,0.0773615688085556,0.0414210185408592,-0.0561059042811394,83.810638099,-93.727523676,-3.853247997,-0.63073313171501,0.71012699185462,2.31651731825228
-25.2532958984375,1.373291015625,-346.37451171875,-26.9317626953125,-7.7056884765625,-414.276123046875,3.33136081695557,-9.32594108581543,-6.23431158065796,-0.535035312175751,0.294614493846893,-0.230632126331329,-1.81161677837372,-5.13825130462646,7.79002571105957,-0.113688684999943,0.0404542945325375,0.141285672783852,0.235432311892509,-5.27843761444092,9.1494665145874,1.22329008579254,-0.427938520908356,-0.0929720029234886,-0.425458639860153,-12.272403717041,-2.06496381759644,0.0801637768745422,0.0412249304354191,-0.0542928241193295,83.8108655495,-93.727675298,-3.8533208785,-0.630526579940918,0.710206634781102,2.31611578252552
-25.2914428710938,1.220703125,-346.221923828125,-26.8936157226563,-7.74383544921875,-413.818359375,3.30470776557922,-9.31688690185547,-6.24638891220093,-0.53194785118103,0.297265410423279,-0.231170848011971,-1.80122566223145,-5.14195489883423,7.79047298431396,-0.115397579967976,0.0408278368413448,0.141229420900345,0.228333353996277,-5.28151035308838,9.1458683013916,1.22578918933868,-0.427325695753098,-0.090398758649826,-0.439831554889679,-12.2575073242188,-2.07446551322937,0.0829659849405289,0.0410288386046886,-0.0524797476828098,83.811093,-93.72782692,-3.85339376,-0.630320028166826,0.710286277707585,2.31571424679875
-25.32958984375,1.068115234375,-346.0693359375,-26.85546875,-7.781982421875,-413.360595703125,3.2780544757843,-9.30783271789551,-6.25846576690674,-0.528860449790955,0.299916326999664,-0.231709569692612,-1.79083442687988,-5.14565849304199,7.79092073440552,-0.117106474936008,0.0412013791501522,0.141173169016838,0.221234411001205,-5.28458309173584,9.1422700881958,1.22828841209412,-0.426712900400162,-0.0878255143761635,-0.454204440116882,-12.2426099777222,-2.08396697044373,0.0857681930065155,0.0408327504992485,-0.0506666712462902,83.811567148,-93.728038347,-3.8534524165,-0.628812402543676,0.710258065128692,2.31590133203252
-25.2151489257813,1.2969970703125,-345.840454101563,-26.85546875,-7.8582763671875,-413.436889648438,3.25140142440796,-9.29877853393555,-6.27054309844971,-0.525772988796234,0.30256724357605,-0.232248306274414,-1.78044331073761,-5.14936208724976,7.79136800765991,-0.118815377354622,0.0415749214589596,0.14111690223217,0.214135453104973,-5.28765630722046,9.13867092132568,1.23078751564026,-0.426100075244904,-0.0852522701025009,-0.468577355146408,-12.2277135848999,-2.09346866607666,0.0885704010725021,0.0406366586685181,-0.0488535910844803,83.812041296,-93.728249774,-3.853511073,-0.627304776920526,0.7102298525498,2.31608841726629
-25.1007080078125,1.52587890625,-345.611572265625,-26.85546875,-7.9345703125,-413.51318359375,3.22474837303162,-9.28972434997559,-6.28261995315552,-0.522685587406158,0.305218160152435,-0.232787027955055,-1.77005219459534,-5.15306568145752,7.79181528091431,-0.120524272322655,0.041948463767767,0.141060650348663,0.20703649520874,-5.29072904586792,9.13507270812988,1.23328673839569,-0.425487279891968,-0.0826790258288383,-0.482950270175934,-12.2128162384033,-2.10297012329102,0.0913726091384888,0.0404405705630779,-0.0470405146479607,83.812515444,-93.728461201,-3.8535697295,-0.625797151297377,0.710201639970907,2.31627550250007
-24.9862670898438,1.41143798828125,-345.611572265625,-27.008056640625,-7.9345703125,-413.665771484375,3.20824289321899,-9.27965354919434,-6.29520750045776,-0.520213663578033,0.304103136062622,-0.234307378530502,-1.76145923137665,-5.15854644775391,7.78761768341064,-0.122118726372719,0.0431713126599789,0.141340315341949,0.181962355971336,-5.28327178955078,9.10868549346924,1.23197650909424,-0.424551606178284,-0.0796327441930771,-0.489680796861649,-12.2014875411987,-2.12174391746521,0.0931124836206436,0.0409285947680473,-0.0457154177129269,83.812989592,-93.728672628,-3.853628386,-0.624289525674227,0.710173427392015,2.31646258773384
-24.871826171875,1.2969970703125,-345.611572265625,-27.16064453125,-7.9345703125,-413.818359375,3.19173741340637,-9.26958274841309,-6.30779457092285,-0.517741799354553,0.302988111972809,-0.235827714204788,-1.75286638736725,-5.16402721405029,7.78342056274414,-0.123713180422783,0.0443941652774811,0.141619980335236,0.156888231635094,-5.27581453323364,9.08229732513428,1.2306661605835,-0.423615962266922,-0.0765864700078964,-0.496411323547363,-12.1901578903198,-2.14051747322083,0.0948523581027985,0.0414166152477264,-0.0443903245031834,83.81346374,-93.728884055,-3.8536870425,-0.622781900051077,0.710145214813122,2.31664967296761
-25.0244140625,1.33514404296875,-345.306396484375,-27.1224975585938,-7.9345703125,-413.51318359375,3.17523217201233,-9.25951194763184,-6.3203821182251,-0.515269875526428,0.301873117685318,-0.237348064780235,-1.74427342414856,-5.16950845718384,7.77922296524048,-0.125307634472847,0.045617014169693,0.141899645328522,0.13181409239769,-5.2683572769165,9.05591011047363,1.22935593128204,-0.422680288553238,-0.0735401883721352,-0.503141820430756,-12.1788291931152,-2.15929126739502,0.0965922325849533,0.0419046394526958,-0.0430652275681496,83.813937888,-93.729095482,-3.853745699,-0.621274274427927,0.71011700223423,2.31683675820139
-25.177001953125,1.373291015625,-345.001220703125,-27.0843505859375,-7.9345703125,-413.2080078125,3.15872669219971,-9.2494421005249,-6.33296918869019,-0.512797951698303,0.300758093595505,-0.238868415355682,-1.73568058013916,-5.17498922348022,7.77502584457397,-0.126902088522911,0.0468398630619049,0.142179325222969,0.106739960610867,-5.26090002059937,9.02952289581299,1.22804570198059,-0.421744614839554,-0.0704939067363739,-0.509872376918793,-12.1675004959106,-2.17806506156921,0.0983320996165276,0.042392659932375,-0.0417401306331158,83.814412036,-93.729306909,-3.8538043555,-0.619766648804777,0.710088789655337,2.31702384343516
-25.1388549804688,1.373291015625,-344.619750976563,-27.0843505859375,-8.04901123046875,-413.055419921875,3.14222121238708,-9.23937129974365,-6.34555673599243,-0.510326027870178,0.299643069505692,-0.240388751029968,-1.72708761692047,-5.18046998977661,7.77082824707031,-0.128496542572975,0.0480627156794071,0.142458990216255,0.0816658213734627,-5.25344276428223,9.00313472747803,1.22673535346985,-0.42080894112587,-0.0674476325511932,-0.516602873802185,-12.1561708450317,-2.19683861732483,0.100071974098682,0.0428806841373444,-0.0404150374233723,83.814886184,-93.729518336,-3.853863012,-0.618259023181627,0.710060577076445,2.31721092866893
-25.1007080078125,1.373291015625,-344.23828125,-27.0843505859375,-8.1634521484375,-412.90283203125,3.12571573257446,-9.2293004989624,-6.35814380645752,-0.507854163646698,0.298528045415878,-0.241909101605415,-1.71849477291107,-5.185950756073,7.76663112640381,-0.130090996623039,0.049285564571619,0.142738655209541,0.0565916895866394,-5.24598550796509,8.97674751281738,1.2254251241684,-0.419873297214508,-0.064401350915432,-0.523333370685577,-12.1448421478271,-2.21561241149902,0.101811848580837,0.0433687083423138,-0.0390899404883385,83.815360332,-93.729729763,-3.8539216685,-0.616751397558477,0.710032364497552,2.3173980139027
-25.1388549804688,1.64031982421875,-344.23828125,-27.2750854492188,-8.20159912109375,-412.750244140625,3.10921025276184,-9.21922969818115,-6.37073135375977,-0.505382239818573,0.297413051128387,-0.243429452180862,-1.70990180969238,-5.19143199920654,7.76243352890015,-0.131685450673103,0.0505084171891212,0.143018320202827,0.0315175540745258,-5.23852825164795,8.95036029815674,1.22411489486694,-0.418937623500824,-0.061355073004961,-0.530063927173615,-12.1335134506226,-2.23438620567322,0.103551723062992,0.0438567288219929,-0.0377648435533047,83.81583448,-93.72994119,-3.853980325,-0.615243771935327,0.71000415191866,2.31758509913648
-25.177001953125,1.9073486328125,-344.23828125,-27.4658203125,-8.23974609375,-412.59765625,3.09270477294922,-9.2091588973999,-6.38331842422485,-0.502910315990448,0.296298027038574,-0.244949787855148,-1.70130896568298,-5.19691276550293,7.75823640823364,-0.133279904723167,0.0517312660813332,0.143297985196114,0.0064434208907187,-5.23107099533081,8.92397212982178,1.2228045463562,-0.41800194978714,-0.0583087913691998,-0.536794424057007,-12.1221837997437,-2.25315976142883,0.105291597545147,0.0443447530269623,-0.0364397503435612,83.816308628,-93.730152617,-3.8540389815,-0.613736146312177,0.709975939339767,2.31777218437025
-25.1388549804688,1.983642578125,-343.93310546875,-27.2750854492188,-8.087158203125,-412.673950195313,3.07619953155518,-9.19908809661865,-6.3959059715271,-0.500438392162323,0.295183002948761,-0.246470138430595,-1.69271600246429,-5.20239353179932,7.75403881072998,-0.134874358773232,0.0529541149735451,0.1435776501894,-0.018630713224411,-5.22361373901367,8.89758491516113,1.22149431705475,-0.417066305875778,-0.0552625134587288,-0.543524980545044,-12.1108551025391,-2.27193355560303,0.107031472027302,0.0448327735066414,-0.0351146534085274,83.816782776,-93.730364044,-3.854097638,-0.612228520689027,0.709947726760875,2.31795926960402
-25.1007080078125,2.0599365234375,-343.6279296875,-27.0843505859375,-7.9345703125,-412.750244140625,3.05969405174255,-9.1890172958374,-6.40849351882935,-0.49796649813652,0.294067978858948,-0.247990489006042,-1.6841231584549,-5.2078742980957,7.74984169006348,-0.136468812823296,0.0541769675910473,0.143857315182686,-0.0437048487365246,-5.21615648269653,8.87119770050049,1.2201840877533,-0.416130632162094,-0.0522162355482578,-0.550255477428436,-12.0995264053345,-2.29070734977722,0.108771346509457,0.0453207977116108,-0.0337895564734936,83.817256924,-93.730575471,-3.8541562945,-0.610720895065877,0.709919514181982,2.31814635483779
-25.0244140625,2.13623046875,-343.475341796875,-27.1987915039063,-8.12530517578125,-412.979125976563,3.04318857192993,-9.17894744873047,-6.42108058929443,-0.495494604110718,0.292952954769135,-0.249510824680328,-1.67553019523621,-5.21335506439209,7.74564409255981,-0.13806326687336,0.0553998164832592,0.144136995077133,-0.0687789842486382,-5.20869922637939,8.84480953216553,1.21887373924255,-0.41519495844841,-0.0491699539124966,-0.556985974311829,-12.0881967544556,-2.30948090553284,0.110511213541031,0.0458088219165802,-0.0324644632637501,83.817731072,-93.730786898,-3.854214951,-0.609213269442727,0.70989130160309,2.31833344007157
-24.9481201171875,2.2125244140625,-343.32275390625,-27.313232421875,-8.3160400390625,-413.2080078125,3.02668309211731,-9.16887664794922,-6.43366813659668,-0.493022680282593,0.291837960481644,-0.251031160354614,-1.66693735122681,-5.21883630752563,7.74144697189331,-0.139657720923424,0.0566226653754711,0.144416660070419,-0.0938531160354614,-5.20124197006226,8.81842231750488,1.2175635099411,-0.414259314537048,-0.0461236760020256,-0.563716530799866,-12.076868057251,-2.32825469970703,0.112251088023186,0.0462968423962593,-0.0311393663287163,83.81820522,-93.730998325,-3.8542736075,-0.607705643819577,0.709863089024197,2.31852052530534
-24.9099731445313,2.3651123046875,-343.170166015625,-27.2750854492188,-8.12530517578125,-412.750244140625,3.01017761230469,-9.15880584716797,-6.44625520706177,-0.49055078625679,0.29072293639183,-0.252551525831223,-1.65834438800812,-5.22431707382202,7.73724937438965,-0.141252174973488,0.0578455179929733,0.144696325063705,-0.118927247822285,-5.19378471374512,8.79203510284424,1.21625328063965,-0.413323640823364,-0.0430773980915546,-0.570447027683258,-12.0655393600464,-2.34702849388123,0.113990962505341,0.0467848666012287,-0.0298142712563276,83.818679368,-93.731209752,-3.854332264,-0.606198018196427,0.709834876445305,2.31870761053911
-24.871826171875,2.5177001953125,-343.017578125,-27.2369384765625,-7.9345703125,-412.29248046875,2.98693490028381,-9.14151477813721,-6.46732139587402,-0.48785787820816,0.287868529558182,-0.254270315170288,-1.6530853509903,-5.23232507705688,7.73015785217285,-0.14253269135952,0.0590444058179855,0.145268321037292,-0.154240548610687,-5.18791532516479,8.76878070831299,1.21287286281586,-0.412129908800125,-0.0400691702961922,-0.573824882507324,-12.0562410354614,-2.36405372619629,0.115204364061356,0.047984704375267,-0.0286215022206306,83.819153516,-93.731421179,-3.8543909205,-0.604690392573277,0.709806663866412,2.31889469577289
-24.871826171875,2.47955322265625,-342.71240234375,-27.313232421875,-8.20159912109375,-412.063598632813,2.95695495605469,-9.11700248718262,-6.49686670303345,-0.484943985939026,0.28327476978302,-0.256187558174133,-1.65116012096405,-5.24286031723022,7.7201714515686,-0.14349927008152,0.060219332575798,0.14613264799118,-0.19979302585125,-5.18363380432129,8.74866104125977,1.20742225646973,-0.410678118467331,-0.0370989926159382,-0.573850095272064,-12.0489740371704,-2.37933039665222,0.11589128524065,0.0498963557183743,-0.0275610629469156,83.819627664,-93.731632606,-3.854449577,-0.603182766950127,0.70977845128752,2.31908178100666
-24.871826171875,2.44140625,-342.4072265625,-27.3895263671875,-8.4686279296875,-411.834716796875,2.92697501182556,-9.09249114990234,-6.52641201019287,-0.482030093669891,0.278681010007858,-0.258104830980301,-1.64923489093781,-5.25339555740356,7.71018505096436,-0.14446584880352,0.0613942593336105,0.146996974945068,-0.245345488190651,-5.17935228347778,8.72854137420654,1.2019716501236,-0.409226328134537,-0.0341288149356842,-0.573875248432159,-12.0417079925537,-2.39460706710815,0.116578206419945,0.0518080070614815,-0.0265006218105555,83.820101812,-93.731844033,-3.8545082335,-0.601675141326977,0.709750238708627,2.31926886624043
-25.0625610351563,2.5177001953125,-342.025756835938,-27.5802612304688,-8.43048095703125,-411.68212890625,2.89699482917786,-9.06797885894775,-6.55595684051514,-0.479116201400757,0.274087220430374,-0.260022073984146,-1.64730954170227,-5.2639307975769,7.70019865036011,-0.145432442426682,0.062569186091423,0.147861286997795,-0.290897965431213,-5.17507076263428,8.70842170715332,1.19652104377747,-0.407774537801743,-0.0311586409807205,-0.573900461196899,-12.0344409942627,-2.40988397598267,0.117265127599239,0.0537196584045887,-0.0254401806741953,83.82057596,-93.73205546,-3.85456689,-0.600167515703827,0.709722026129735,2.3194559514742
-25.2532958984375,2.593994140625,-341.644287109375,-27.77099609375,-8.392333984375,-411.529541015625,2.86701488494873,-9.04346752166748,-6.58550214767456,-0.476202309131622,0.269493460655212,-0.261939316987991,-1.64538431167603,-5.27446603775024,7.69021224975586,-0.146399021148682,0.0637441128492355,0.148725613951683,-0.336450427770615,-5.17078924179077,8.6883020401001,1.19107043743134,-0.406322747468948,-0.0281884633004665,-0.573925614356995,-12.0271739959717,-2.4251606464386,0.117952048778534,0.0556313134729862,-0.0243797414004803,83.92162518,-93.866551045,-3.8605627975,-0.598367492390775,0.709641001931056,2.32027860939362
-25.2151489257813,2.593994140625,-341.339111328125,-27.6947021484375,-8.43048095703125,-411.529541015625,2.8370349407196,-9.01895523071289,-6.61504745483398,-0.473288416862488,0.264899700880051,-0.263856589794159,-1.64345908164978,-5.28500127792358,7.68022632598877,-0.147365599870682,0.064919039607048,0.149589940905571,-0.382002890110016,-5.16650772094727,8.66818237304688,1.18561995029449,-0.404870957136154,-0.0252182874828577,-0.573950827121735,-12.0199069976807,-2.44043731689453,0.118638969957829,0.0575429648160934,-0.0233193002641201,84.0226744,-94.00104663,-3.866558705,-0.596567469077723,0.709559977732376,2.32110126731304
-25.177001953125,2.593994140625,-341.033935546875,-27.618408203125,-8.4686279296875,-411.529541015625,2.8070547580719,-8.99444389343262,-6.64459228515625,-0.470374524593353,0.260305911302567,-0.265773832798004,-1.64153385162354,-5.29553651809692,7.67023992538452,-0.148332178592682,0.0660939663648605,0.150454267859459,-0.427555352449417,-5.16222620010376,8.64806270599365,1.18016934394836,-0.40341916680336,-0.0222481116652489,-0.57397598028183,-12.0126399993896,-2.45571422576904,0.119325891137123,0.0594546161592007,-0.0222588591277599,84.12372362,-94.135542215,-3.8725546125,-0.594767445764671,0.709478953533697,2.32192392523246
-25.1388549804688,2.86102294921875,-340.88134765625,-27.6947021484375,-8.3160400390625,-411.224365234375,2.77707481384277,-8.96993160247803,-6.67413759231567,-0.467460632324219,0.255712151527405,-0.267691075801849,-1.63960862159729,-5.30607128143311,7.66025352478027,-0.149298757314682,0.0672689005732536,0.151318594813347,-0.473107844591141,-5.15794467926025,8.62794303894043,1.17471873760223,-0.401967376470566,-0.01927793584764,-0.57400119304657,-12.0053739547729,-2.47099089622498,0.120012812316418,0.0613662675023079,-0.0211984198540449,84.22477284,-94.2700378,-3.87855052,-0.592967422451619,0.709397929335018,2.32274658315188
-25.1007080078125,3.1280517578125,-340.728759765625,-27.77099609375,-8.1634521484375,-410.919189453125,2.74709486961365,-8.94542026519775,-6.7036828994751,-0.464546740055084,0.251118391752243,-0.269608348608017,-1.63768339157104,-5.31660652160645,7.65026712417603,-0.150265336036682,0.0684438273310661,0.152182921767235,-0.518660306930542,-5.15366315841675,8.60782337188721,1.1692681312561,-0.400515586137772,-0.0163077581673861,-0.574026346206665,-11.9981069564819,-2.48626756668091,0.120699733495712,0.0632779225707054,-0.0201379787176847,84.32582206,-94.404533385,-3.8845464275,-0.591167399138567,0.709316905136339,2.3235692410713
-25.2151489257813,3.1280517578125,-340.347290039063,-27.6947021484375,-8.1634521484375,-411.07177734375,2.71711468696594,-8.92090797424316,-6.73322772979736,-0.46163284778595,0.24652461707592,-0.271525591611862,-1.6357581615448,-5.32714176177979,7.64028072357178,-0.151231914758682,0.0696187540888786,0.153047248721123,-0.564212799072266,-5.1493821144104,8.58770370483398,1.16381752490997,-0.399063795804977,-0.0133375823497772,-0.574051558971405,-11.9908399581909,-2.50154447555542,0.121386654675007,0.0651895701885223,-0.0190775394439697,84.42687128,-94.53902897,-3.890542335,-0.589367375825515,0.70923588093766,2.32439189899071
-25.32958984375,3.1280517578125,-339.9658203125,-27.618408203125,-8.1634521484375,-411.224365234375,2.68713474273682,-8.89639663696289,-6.76277303695679,-0.458718955516815,0.241930842399597,-0.273442834615707,-1.63383281230927,-5.33767700195313,7.63029432296753,-0.152198508381844,0.0707936808466911,0.153911560773849,-0.609765231609344,-5.14510059356689,8.56758403778076,1.15836691856384,-0.397612005472183,-0.0103674065321684,-0.5740767121315,-11.9835729598999,-2.51682114601135,0.122073575854301,0.0671012252569199,-0.0180170983076096,84.5279205,-94.673524555,-3.8965382425,-0.587567352512463,0.70915485673898,2.32521455691013
-25.2914428710938,3.24249267578125,-339.35546875,-27.77099609375,-8.27789306640625,-410.995483398438,2.65715479850769,-8.8718843460083,-6.79231834411621,-0.455805063247681,0.237337067723274,-0.275360077619553,-1.63190758228302,-5.34821224212646,7.62030839920044,-0.153165087103844,0.0719686076045036,0.154775887727737,-0.655317723751068,-5.14081907272339,8.54746437072754,1.152916431427,-0.396160215139389,-0.00739722978323698,-0.57410192489624,-11.9763069152832,-2.53209781646729,0.122760497033596,0.0690128803253174,-0.0169566571712494,84.62896972,-94.80802014,-3.90253415,-0.585767329199411,0.709073832540301,2.32603721482955
-25.2532958984375,3.35693359375,-338.7451171875,-27.923583984375,-8.392333984375,-410.7666015625,2.62717461585999,-8.84737300872803,-6.82186317443848,-0.452891170978546,0.232743307948112,-0.27727735042572,-1.62998235225677,-5.3587474822998,7.61032199859619,-0.154131665825844,0.0731435343623161,0.155640214681625,-0.700870156288147,-5.13653755187988,8.52734470367432,1.14746582508087,-0.394708424806595,-0.00442705349996686,-0.574127078056335,-11.9690399169922,-2.5473747253418,0.123447418212891,0.0709245279431343,-0.0158962178975344,84.73001894,-94.942515725,-3.9085300575,-0.583967305886359,0.708992808341622,2.32685987274897
-25.177001953125,3.4332275390625,-338.592529296875,-27.8854370117188,-8.27789306640625,-410.15625,2.59719467163086,-8.82286071777344,-6.8514084815979,-0.449977278709412,0.22814953327179,-0.279194593429565,-1.62805712223053,-5.36928272247314,7.60033559799194,-0.155098244547844,0.0743184611201286,0.156504541635513,-0.746422648429871,-5.13225603103638,8.50722503662109,1.14201521873474,-0.393256634473801,-0.00145687721669674,-0.574152290821075,-11.9617729187012,-2.56265139579773,0.124134339392185,0.0728361830115318,-0.0148357767611742,84.83106816,-95.07701131,-3.914525965,-0.582167282573307,0.708911784142943,2.32768253066839
-25.1007080078125,3.509521484375,-338.43994140625,-27.8472900390625,-8.1634521484375,-409.5458984375,2.56400036811829,-8.78471755981445,-6.86695623397827,-0.447573810815811,0.221629843115807,-0.281104415655136,-1.63025295734406,-5.37777423858643,7.58706378936768,-0.15527655184269,0.0755441263318062,0.157346367835999,-0.789654135704041,-5.12914371490479,8.50125885009766,1.13723361492157,-0.39314404129982,0.00109392905142158,-0.568890810012817,-11.9608774185181,-2.57236766815186,0.124424330890179,0.075366348028183,-0.0142989661544561,84.93211738,-95.211506895,-3.9205218725,-0.580367259260255,0.708830759944264,2.32850518858781
-25.0244140625,3.62396240234375,-338.363647460938,-27.77099609375,-8.1634521484375,-409.5458984375,2.53080606460571,-8.74657440185547,-6.88250350952148,-0.445170372724533,0.215110167860985,-0.283014237880707,-1.63244867324829,-5.38626623153687,7.57379198074341,-0.155454859137535,0.0767697915434837,0.158188194036484,-0.83288562297821,-5.12603187561035,8.4952917098999,1.1324520111084,-0.393031418323517,0.0036447353195399,-0.563629388809204,-11.9599828720093,-2.58208394050598,0.124714322388172,0.0778965130448341,-0.0137621555477381,85.0331666,-95.34600248,-3.92651778,-0.578567235947203,0.708749735745585,2.32932784650722
-24.9481201171875,3.7384033203125,-338.287353515625,-27.6947021484375,-8.1634521484375,-409.5458984375,2.49761176109314,-8.70843029022217,-6.89805126190186,-0.442766904830933,0.208590477705002,-0.284924060106277,-1.63464450836182,-5.39475774765015,7.56052017211914,-0.155633166432381,0.0779954567551613,0.159030005335808,-0.87611711025238,-5.12291955947876,8.48932552337646,1.12767052650452,-0.392918825149536,0.0061955414712429,-0.558367908000946,-11.9590873718262,-2.59180021286011,0.125004321336746,0.0804266780614853,-0.01322534494102,85.13421582,-95.480498065,-3.9325136875,-0.576767212634151,0.708668711546905,2.33015050442664
-24.9862670898438,3.92913818359375,-337.982177734375,-27.77099609375,-8.1634521484375,-409.5458984375,2.46441745758057,-8.67028713226318,-6.91359901428223,-0.440363436937332,0.20207080245018,-0.286833882331848,-1.63684034347534,-5.40324974060059,7.54724836349487,-0.155811473727226,0.0792211219668388,0.159871831536293,-0.919348537921906,-5.11980772018433,8.48335933685303,1.12288892269135,-0.392806202173233,0.00874634832143784,-0.553106486797333,-11.9581928253174,-2.60151648521423,0.125294297933578,0.0829568430781364,-0.0126885343343019,85.23526504,-95.61499365,-3.938509595,-0.574967189321099,0.708587687348226,2.33097316234606
-25.0244140625,4.119873046875,-337.677001953125,-27.8472900390625,-8.1634521484375,-409.5458984375,2.43122339248657,-8.6321439743042,-6.9291467666626,-0.437959969043732,0.195551112294197,-0.288743704557419,-1.63903617858887,-5.41174125671387,7.53397655487061,-0.155989781022072,0.0804467871785164,0.160713657736778,-0.962580025196075,-5.11669540405273,8.47739315032959,1.11810731887817,-0.392693608999252,0.0112971542403102,-0.547845005989075,-11.9572973251343,-2.61123299598694,0.125584304332733,0.0854870080947876,-0.0121517227962613,85.33631426,-95.749489235,-3.9445055025,-0.573167166008047,0.708506663149547,2.33179582026548
-25.0625610351563,4.119873046875,-337.448120117188,-27.8472900390625,-8.27789306640625,-409.469604492188,2.398029088974,-8.59400081634521,-6.94469404220581,-0.435556530952454,0.189031422138214,-0.29065352678299,-1.6412318944931,-5.42023324966431,7.52070474624634,-0.156168088316917,0.0816724523901939,0.161555483937263,-1.00581157207489,-5.1135835647583,8.47142601013184,1.113325715065,-0.392580986022949,0.0138479601591825,-0.542583525180817,-11.9564018249512,-2.62094926834106,0.125874280929565,0.0880171731114388,-0.0116149121895432,85.43736348,-95.88398482,-3.95050141,-0.571367142694995,0.708425638950868,2.3326184781849
-25.1007080078125,4.119873046875,-337.21923828125,-27.8472900390625,-8.392333984375,-409.393310546875,2.36483478546143,-8.55585670471191,-6.96024179458618,-0.433153063058853,0.182511746883392,-0.29256334900856,-1.64342772960663,-5.42872476577759,7.50743293762207,-0.156346395611763,0.0828981250524521,0.162397295236588,-1.04904294013977,-5.11047124862671,8.4654598236084,1.10854411125183,-0.392468392848969,0.0163987670093775,-0.537322103977203,-11.9555072784424,-2.63066554069519,0.12616428732872,0.0905473381280899,-0.0110781015828252,85.5384127,-96.018480405,-3.9564973175,-0.569567119381943,0.708344614752189,2.33344113610432
-25.2151489257813,4.3487548828125,-336.761474609375,-27.8854370117188,-8.392333984375,-408.859252929688,2.33164048194885,-8.51771354675293,-6.97578954696655,-0.430749595165253,0.175992056727409,-0.294473171234131,-1.64562356472015,-5.43721675872803,7.4941611289978,-0.156524702906609,0.0841237902641296,0.163239121437073,-1.09227442741394,-5.10735940933228,8.45949363708496,1.10376250743866,-0.392355769872665,0.0189495738595724,-0.532060623168945,-11.9546117782593,-2.64038181304932,0.126454263925552,0.0930775031447411,-0.0105412909761071,85.63946192,-96.15297599,-3.962493225,-0.567767096068891,0.708263590553509,2.33426379402373
-25.32958984375,4.57763671875,-336.3037109375,-27.923583984375,-8.392333984375,-408.3251953125,2.29844617843628,-8.47957038879395,-6.99133682250977,-0.428346127271652,0.169472381472588,-0.296382993459702,-1.64781928062439,-5.44570827484131,7.48088932037354,-0.156703010201454,0.0853494554758072,0.164080947637558,-1.13550591468811,-5.10424709320068,8.45352649688721,1.09898102283478,-0.392243176698685,0.0215003788471222,-0.526799201965332,-11.9537172317505,-2.65009808540344,0.126744270324707,0.0956076681613922,-0.0100044803693891,85.74051114,-96.287471575,-3.9684891325,-0.565967072755839,0.70818256635483,2.33508645194315
-25.5966186523438,4.61578369140625,-336.074829101563,-27.9617309570313,-8.3160400390625,-408.3251953125,2.26525187492371,-8.44142723083496,-7.00688457489014,-0.425942689180374,0.162952691316605,-0.298292815685272,-1.65001511573792,-5.45419979095459,7.46761751174927,-0.1568813174963,0.0865751206874847,0.164922773838043,-1.17873740196228,-5.10113525390625,8.44756031036377,1.09419941902161,-0.392130583524704,0.0240511856973171,-0.521537721157074,-11.9528217315674,-2.65981435775757,0.127034246921539,0.0981378331780434,-0.00946766976267099,85.84156036,-96.42196716,-3.97448504,-0.564167049442787,0.708101542156151,2.33590910986257
-25.8636474609375,4.6539306640625,-335.845947265625,-27.9998779296875,-8.23974609375,-408.3251953125,2.23205757141113,-8.40328407287598,-7.02243232727051,-0.423539221286774,0.156433001160622,-0.300202637910843,-1.65221095085144,-5.46269178390503,7.454345703125,-0.157059624791145,0.0878007858991623,0.165764600038528,-1.22196888923645,-5.09802293777466,8.44159412384033,1.08941781520844,-0.392017960548401,0.0266019925475121,-0.516276240348816,-11.9519262313843,-2.66953063011169,0.127324253320694,0.100667998194695,-0.00893085915595293,85.84145257,-96.422107188,-3.974548308,-0.562995002546365,0.707887824889259,2.33710649744915
-25.787353515625,4.61578369140625,-335.38818359375,-28.1143188476563,-8.20159912109375,-407.791137695313,2.19886326789856,-8.36513996124268,-7.03797960281372,-0.421135753393173,0.1499133259058,-0.302112460136414,-1.65440666675568,-5.47118330001831,7.44107389450073,-0.157237932085991,0.0890264511108398,0.166606411337852,-1.26520037651062,-5.09491109848022,8.43562698364258,1.08463621139526,-0.39190536737442,0.0291527975350618,-0.511014819145203,-11.9510316848755,-2.67924690246582,0.127614229917526,0.103198163211346,-0.00839404854923487,85.84134478,-96.422247216,-3.974611576,-0.561822955649943,0.707674107622367,2.33830388503574
-25.7110595703125,4.57763671875,-334.930419921875,-28.228759765625,-8.1634521484375,-407.257080078125,2.16566896438599,-8.32699680328369,-7.05352735519409,-0.418732285499573,0.143393635749817,-0.304022282361984,-1.6566025018692,-5.47967529296875,7.42780208587646,-0.157416239380836,0.0902521163225174,0.167448237538338,-1.30843186378479,-5.09179878234863,8.42966079711914,1.07985460758209,-0.391792744398117,0.0317036062479019,-0.505753338336945,-11.9501361846924,-2.68896317481995,0.127904236316681,0.105728328227997,-0.0078572379425168,85.84123699,-96.422387244,-3.974674844,-0.560650908753521,0.707460390355475,2.33950127262232
-25.5966186523438,4.730224609375,-334.701538085938,-28.2669067382813,-8.23974609375,-407.028198242188,2.14524459838867,-8.28615856170654,-7.05707216262817,-0.416731953620911,0.136552199721336,-0.305648624897003,-1.6666671037674,-5.48558664321899,7.41603422164917,-0.156956389546394,0.0911600887775421,0.168110802769661,-1.33703339099884,-5.08494138717651,8.42347526550293,1.07651603221893,-0.391955107450485,0.0334078632295132,-0.499381482601166,-11.9503183364868,-2.69684267044067,0.128563970327377,0.108019597828388,-0.00787976291030645,85.8411292,-96.422527272,-3.974738112,-0.559478861857099,0.707246673088584,2.34069866020891
-25.482177734375,4.8828125,-334.47265625,-28.3050537109375,-8.3160400390625,-406.79931640625,2.13758969306946,-8.24262428283691,-7.04861402511597,-0.415134727954865,0.129388988018036,-0.306991547346115,-1.68460035324097,-5.48891830444336,7.40576934814453,-0.155858367681503,0.0917503610253334,0.168594092130661,-1.35100507736206,-5.07433843612671,8.41706943511963,1.07462048530579,-0.392392426729202,0.034265574067831,-0.491899192333221,-11.9515762329102,-2.70288491249084,0.129593476653099,0.1100719794631,-0.00846162345260382,85.84102141,-96.4226673,-3.97480138,-0.558306814960677,0.707032955821692,2.34189604779549
-25.5966186523438,4.8065185546875,-334.243774414063,-28.38134765625,-8.1634521484375,-406.951904296875,2.12993478775024,-8.19909000396729,-7.04015636444092,-0.413537472486496,0.122225768864155,-0.308334469795227,-1.70253360271454,-5.49224948883057,7.39550447463989,-0.154760360717773,0.0923406332731247,0.169077396392822,-1.36497676372528,-5.06373596191406,8.41066360473633,1.07272481918335,-0.392829746007919,0.0351232886314392,-0.484416902065277,-11.9528350830078,-2.70892715454102,0.13062296807766,0.112124368548393,-0.00904348399490118,85.84091362,-96.422807328,-3.974864648,-0.557134768064255,0.7068192385548,2.34309343538207
-25.7110595703125,4.730224609375,-334.014892578125,-28.4576416015625,-8.0108642578125,-407.1044921875,2.12227988243103,-8.15555667877197,-7.03169822692871,-0.41194024682045,0.115062564611435,-0.309677362442017,-1.72046685218811,-5.49558115005493,7.38523960113525,-0.153662353754044,0.092930905520916,0.169560685753822,-1.3789484500885,-5.05313301086426,8.40425777435303,1.07082915306091,-0.393267065286636,0.0359809994697571,-0.476934641599655,-11.9540929794312,-2.71496963500977,0.131652474403381,0.114176750183105,-0.00962534453719854,85.84080583,-96.422947356,-3.974927916,-0.555962721167833,0.706605521287908,2.34429082296866
-25.8636474609375,4.8065185546875,-333.8623046875,-28.533935546875,-8.392333984375,-406.79931640625,2.11462497711182,-8.11202239990234,-7.0232400894165,-0.410343021154404,0.107899352908134,-0.311020284891129,-1.73840010166168,-5.4989128112793,7.37497472763062,-0.152564331889153,0.0935211777687073,0.170043990015984,-1.39292013645172,-5.04253005981445,8.39785194396973,1.06893360614777,-0.393704384565353,0.036838710308075,-0.469452351331711,-11.9553508758545,-2.72101187705994,0.132681965827942,0.116229131817818,-0.0102072050794959,85.84069804,-96.423087384,-3.974991184,-0.554790674271411,0.706391804021016,2.34548821055524
-26.0162353515625,4.8828125,-333.709716796875,-28.6102294921875,-8.7738037109375,-406.494140625,2.10697031021118,-8.06848812103271,-7.0147819519043,-0.408745765686035,0.100736141204834,-0.31236320734024,-1.75633335113525,-5.5022439956665,7.36470985412598,-0.151466324925423,0.0941114500164986,0.170527279376984,-1.40689170360565,-5.03192710876465,8.39144706726074,1.06703794002533,-0.39414170384407,0.0376964248716831,-0.461970061063766,-11.9566097259521,-2.72705411911011,0.133711457252502,0.11828151345253,-0.0107890656217933,85.84059025,-96.423227412,-3.975054452,-0.553618627374989,0.706178086754124,2.34668559814183
-25.93994140625,5.035400390625,-333.251953125,-28.533935546875,-8.4686279296875,-406.18896484375,2.09931540489197,-8.0249547958374,-7.00632381439209,-0.407148540019989,0.0935729295015335,-0.31370609998703,-1.77426660060883,-5.50557565689087,7.35444498062134,-0.150368317961693,0.0947017222642899,0.171010583639145,-1.42086338996887,-5.02132415771484,8.38504123687744,1.06514227390289,-0.394579023122787,0.038554135710001,-0.454487770795822,-11.9578676223755,-2.73309659957886,0.134740963578224,0.120333895087242,-0.0113709261640906,85.84048246,-96.42336744,-3.97511772,-0.552446580478567,0.705964369487232,2.34788298572841
-25.8636474609375,5.18798828125,-332.794189453125,-28.4576416015625,-8.1634521484375,-405.8837890625,2.09166049957275,-7.98142051696777,-6.99786615371704,-0.405551314353943,0.086409717798233,-0.315049022436142,-1.7921998500824,-5.50890684127808,7.3441801071167,-0.149270296096802,0.0952919945120811,0.171493873000145,-1.43483507633209,-5.0107216835022,8.37863540649414,1.06324672698975,-0.395016372203827,0.0394118465483189,-0.447005480527878,-11.9591264724731,-2.73913884162903,0.135770455002785,0.122386284172535,-0.011952786706388,85.84037467,-96.423507468,-3.975180988,-0.551274533582145,0.70575065222034,2.34908037331499
-25.9780883789063,5.37872314453125,-332.717895507813,-28.4957885742188,-8.12530517578125,-405.654907226563,2.08400559425354,-7.9378867149353,-6.98940801620483,-0.403954058885574,0.0792465060949326,-0.316391944885254,-1.81013309955597,-5.51223850250244,7.33391523361206,-0.148172289133072,0.0958822667598724,0.171977177262306,-1.44880676269531,-5.00011873245239,8.37222957611084,1.06135106086731,-0.395453691482544,0.040269561111927,-0.439523190259933,-11.9603843688965,-2.7451810836792,0.136799961328506,0.124438665807247,-0.0125346472486854,85.84026688,-96.423647496,-3.975244256,-0.550102486685723,0.705536934953448,2.35027776090158
-26.092529296875,5.5694580078125,-332.6416015625,-28.533935546875,-8.087158203125,-405.426025390625,2.07635068893433,-7.89435243606567,-6.98094987869263,-0.402356833219528,0.0720832943916321,-0.317734837532043,-1.82806634902954,-5.51557016372681,7.32365083694458,-0.147074267268181,0.0964725390076637,0.172460466623306,-1.46277844905853,-4.98951578140259,8.36582374572754,1.05945551395416,-0.395891010761261,0.0411272719502449,-0.432040899991989,-11.9616422653198,-2.75122356414795,0.137829452753067,0.12649105489254,-0.0131165087223053,85.84015909,-96.423787524,-3.975307524,-0.548930439789301,0.705323217686557,2.35147514848816
-26.1688232421875,5.53131103515625,-332.565307617188,-28.4957885742188,-8.23974609375,-405.197143554688,2.06869578361511,-7.8508186340332,-6.97249174118042,-0.400759607553482,0.0649200901389122,-0.319077759981155,-1.84599959850311,-5.51890134811401,7.31338596343994,-0.145976260304451,0.097062811255455,0.172943770885468,-1.47675013542175,-4.97891283035278,8.35941791534424,1.05755984783173,-0.396328330039978,0.0419849827885628,-0.424558639526367,-11.9629011154175,-2.75726580619812,0.138858959078789,0.128543436527252,-0.0136983692646027,85.8400513,-96.423927552,-3.975370792,-0.547758392892879,0.705109500419665,2.35267253607475
-26.2451171875,5.4931640625,-332.489013671875,-28.4576416015625,-8.392333984375,-404.96826171875,2.06104111671448,-7.80728483200073,-6.96403408050537,-0.399162381887436,0.0577568747103214,-0.320420682430267,-1.86393284797668,-5.52223300933838,7.3031210899353,-0.144878253340721,0.0976530835032463,0.173427060246468,-1.49072170257568,-4.96831035614014,8.35301303863525,1.05566418170929,-0.396765649318695,0.0428426936268806,-0.417076349258423,-11.9641590118408,-2.76330804824829,0.139888450503349,0.130595818161964,-0.0142802298069,85.83994351,-96.42406758,-3.97543406,-0.546586345996458,0.704895783152773,2.35386992366133
-26.2832641601563,5.53131103515625,-331.878662109375,-28.533935546875,-8.35418701171875,-405.044555664063,2.05338621139526,-7.7637505531311,-6.95557594299316,-0.397565126419067,0.0505936667323112,-0.321763575077057,-1.88186609745026,-5.52556419372559,7.29285621643066,-0.14378023147583,0.0982433557510376,0.173910364508629,-1.5046933889389,-4.95770740509033,8.34660720825195,1.05376863479614,-0.397202968597412,0.0437004081904888,-0.409594058990479,-11.9654178619385,-2.76935052871704,0.140917956829071,0.132648199796677,-0.0148620903491974,85.83983572,-96.424207608,-3.975497328,-0.545414299100035,0.704682065885881,2.35506731124791
-26.3214111328125,5.5694580078125,-331.268310546875,-28.6102294921875,-8.3160400390625,-405.120849609375,2.04573130607605,-7.72021675109863,-6.94711780548096,-0.395967900753021,0.0434304550290108,-0.323106497526169,-1.89979934692383,-5.52889585494995,7.28259134292603,-0.1426822245121,0.0988336279988289,0.174393653869629,-1.51866507530212,-4.94710445404053,8.34020137786865,1.05187296867371,-0.397640287876129,0.0445581190288067,-0.402111768722534,-11.9666757583618,-2.77539277076721,0.141947448253632,0.134700581431389,-0.0154439508914948,85.83972793,-96.424347636,-3.975560596,-0.544242252203614,0.704468348618989,2.3562646988345
-26.2069702148438,5.5694580078125,-331.268310546875,-28.5720825195313,-8.3160400390625,-404.891967773438,2.06705951690674,-7.68932867050171,-6.92559957504272,-0.394365936517715,0.0380689911544323,-0.323190957307816,-1.9180281162262,-5.52882814407349,7.27803516387939,-0.141141265630722,0.0983127802610397,0.173994809389114,-1.50850141048431,-4.93268871307373,8.33220386505127,1.04898250102997,-0.399943292140961,0.0447692722082138,-0.397602081298828,-11.9713878631592,-2.76095151901245,0.143635749816895,0.136470526456833,-0.0166160967200994,85.83962014,-96.424487664,-3.975623864,-0.543070205307192,0.704254631352097,2.35746208642108
-26.092529296875,5.5694580078125,-331.268310546875,-28.533935546875,-8.3160400390625,-404.6630859375,2.08838772773743,-7.65844058990479,-6.90408134460449,-0.39276397228241,0.0327075272798538,-0.323275417089462,-1.93625700473785,-5.52876091003418,7.27347898483276,-0.139600291848183,0.09779192507267,0.173595950007439,-1.49833762645721,-4.91827297210693,8.32420635223389,1.04609203338623,-0.402246296405792,0.0449804291129112,-0.3930923640728,-11.9761009216309,-2.74651050567627,0.145324051380157,0.138240486383438,-0.0177882425487041,85.83951235,-96.424627692,-3.975687132,-0.54189815841077,0.704040914085205,2.35865947400766
-26.2069702148438,5.76019287109375,-331.039428710938,-28.4576416015625,-8.27789306640625,-404.586791992188,2.10971570014954,-7.62755250930786,-6.88256311416626,-0.391162008047104,0.0273460652679205,-0.323359876871109,-1.95448577404022,-5.52869319915771,7.26892280578613,-0.138059332966805,0.0972710773348808,0.173197105526924,-1.4881739616394,-4.90385723114014,8.3162088394165,1.04320156574249,-0.404549300670624,0.0451915822923183,-0.388582676649094,-11.9808130264282,-2.73206925392151,0.14701235294342,0.140010431408882,-0.0189603883773088,85.83940456,-96.42476772,-3.9757504,-0.540726111514348,0.703827196818314,2.35985686159425
-26.3214111328125,5.950927734375,-330.810546875,-28.38134765625,-8.23974609375,-404.510498046875,2.13104391098022,-7.59666442871094,-6.86104488372803,-0.389560043811798,0.021984601393342,-0.323444336652756,-1.97271454334259,-5.52862548828125,7.2643666267395,-0.136518374085426,0.0967502295970917,0.17279826104641,-1.4780101776123,-4.88944101333618,8.30821132659912,1.04031109809875,-0.406852275133133,0.0454027391970158,-0.384072989225388,-11.9855251312256,-2.71762800216675,0.148700654506683,0.141780376434326,-0.0201325342059135,85.839544756,-96.425031641,-3.975795155,-0.540405124801742,0.703912571290746,2.36095405833789
-26.5121459960938,5.98907470703125,-330.50537109375,-28.4194946289063,-8.392333984375,-404.510498046875,2.15237212181091,-7.56577682495117,-6.83952713012695,-0.387958109378815,0.0166231375187635,-0.323528796434402,-1.99094343185425,-5.52855777740479,7.25981092453003,-0.134977415204048,0.0962293818593025,0.172399401664734,-1.46784651279449,-4.87502527236938,8.30021381378174,1.03742051124573,-0.409155279397964,0.0456138923764229,-0.379563301801682,-11.9902381896973,-2.70318698883057,0.150388956069946,0.143550336360931,-0.0213046800345182,85.839684952,-96.425295562,-3.97583991,-0.540084138089136,0.703997945763178,2.36205125508153
-26.702880859375,6.0272216796875,-330.2001953125,-28.4576416015625,-8.544921875,-404.510498046875,2.1737003326416,-7.53488874435425,-6.81800889968872,-0.386356145143509,0.0112616745755076,-0.323613256216049,-2.00917220115662,-5.52849054336548,7.2552547454834,-0.133436441421509,0.0957085266709328,0.172000557184219,-1.45768284797668,-4.86060953140259,8.29221630096436,1.03453004360199,-0.411458283662796,0.0458250492811203,-0.375053584575653,-11.9949502944946,-2.68874573707581,0.152077257633209,0.145320281386375,-0.0224768258631229,85.839825148,-96.425559483,-3.975884665,-0.53976315137653,0.70408332023561,2.36314845182517
-26.6265869140625,6.0272216796875,-330.123901367188,-28.5720825195313,-8.58306884765625,-404.586791992188,2.19502854347229,-7.50400066375732,-6.79649066925049,-0.384754180908203,0.00590021070092916,-0.323697745800018,-2.02740097045898,-5.52842283248901,7.25069856643677,-0.131895482540131,0.0951876789331436,0.171601697802544,-1.44751906394958,-4.84619379043579,8.28421783447266,1.03163957595825,-0.413761287927628,0.0460362024605274,-0.370543897151947,-11.999662399292,-2.67430448532104,0.153765574097633,0.147090226411819,-0.0236489716917276,85.839965344,-96.425823404,-3.97592942,-0.539442164663925,0.704168694708042,2.36424564856881
-26.55029296875,6.0272216796875,-330.047607421875,-28.6865234375,-8.6212158203125,-404.6630859375,2.21635675430298,-7.4731125831604,-6.77497243881226,-0.383152216672897,0.000538747350219637,-0.323782205581665,-2.04562973976135,-5.52835512161255,7.24614238739014,-0.130354523658752,0.0946668311953545,0.171202853322029,-1.43735539913177,-4.83177804946899,8.27622032165527,1.02874910831451,-0.416064292192459,0.0462473593652248,-0.366034209728241,-12.0043754577637,-2.65986347198486,0.155453875660896,0.148860186338425,-0.0248211175203323,85.84010554,-96.426087325,-3.975974175,-0.539121177951319,0.704254069180474,2.36534284531245
-26.702880859375,6.0272216796875,-330.123901367188,-28.6102294921875,-8.6212158203125,-404.6630859375,2.23768472671509,-7.44222450256348,-6.75345420837402,-0.381550252437592,-0.00482271611690521,-0.323866665363312,-2.0638587474823,-5.52828788757324,7.24158620834351,-0.128813564777374,0.0941459834575653,0.170804008841515,-1.42719161510468,-4.8173623085022,8.26822280883789,1.02585864067078,-0.418367296457291,0.046458512544632,-0.361524492502213,-12.009087562561,-2.6454222202301,0.157142177224159,0.150630131363869,-0.025993263348937,85.840245736,-96.426351246,-3.97601893,-0.538800191238713,0.704339443652906,2.36644004205609
-26.85546875,6.0272216796875,-330.2001953125,-28.533935546875,-8.6212158203125,-404.6630859375,2.25901293754578,-7.41133642196655,-6.73193597793579,-0.379948288202286,-0.0101841799914837,-0.323951125144958,-2.08208751678467,-5.52822017669678,7.23703002929688,-0.127272590994835,0.0936251282691956,0.170405149459839,-1.41702795028687,-4.8029465675354,8.26022529602051,1.02296817302704,-0.420670300722122,0.0466696694493294,-0.357014805078506,-12.0137996673584,-2.63098096847534,0.158830478787422,0.152400076389313,-0.0271654091775417,85.840385932,-96.426615167,-3.976063685,-0.538479204526107,0.704424818125338,2.36753723879973
-26.8936157226563,6.0272216796875,-329.89501953125,-28.6483764648438,-8.544921875,-404.6630859375,2.28034114837646,-7.38044834136963,-6.71041774749756,-0.37834632396698,-0.0155456429347396,-0.324035584926605,-2.10031628608704,-5.52815246582031,7.23247385025024,-0.125731632113457,0.0931042805314064,0.170006304979324,-1.40686428546906,-4.78853034973145,8.25222778320313,1.0200777053833,-0.422973275184631,0.0468808226287365,-0.3525051176548,-12.0185127258301,-2.61653995513916,0.160518780350685,0.154170036315918,-0.0283375550061464,85.840526128,-96.426879088,-3.97610844,-0.538158217813502,0.70451019259777,2.36863443554337
-26.9317626953125,6.0272216796875,-329.58984375,-28.7628173828125,-8.4686279296875,-404.6630859375,2.30166935920715,-7.34956026077271,-6.68889951705933,-0.376744359731674,-0.0209071058779955,-0.324120044708252,-2.1185450553894,-5.52808523178101,7.22791767120361,-0.124190673232079,0.0925834327936172,0.16960746049881,-1.39670050144196,-4.77411460876465,8.24423027038574,1.01718723773956,-0.425276279449463,0.0470919795334339,-0.347995400428772,-12.0232248306274,-2.6020987033844,0.162207081913948,0.155939981341362,-0.0295097008347511,85.840666324,-96.427143009,-3.976153195,-0.537837231100896,0.704595567070202,2.36973163228701
-26.9317626953125,6.103515625,-329.437255859375,-28.6483764648438,-8.65936279296875,-404.510498046875,2.32299757003784,-7.31867218017578,-6.66738128662109,-0.375142395496368,-0.026268569752574,-0.324204504489899,-2.13677382469177,-5.52801752090454,7.22336149215698,-0.12264970690012,0.0920625850558281,0.169208601117134,-1.38653683662415,-4.75969886779785,8.23623275756836,1.01429677009583,-0.427579283714294,0.047303132712841,-0.343485713005066,-12.0279369354248,-2.58765745162964,0.163895383477211,0.157709926366806,-0.0306818466633558,85.84080652,-96.42740693,-3.97619795,-0.53751624438829,0.704680941542634,2.37082882903065
-26.9317626953125,6.1798095703125,-329.28466796875,-28.533935546875,-8.85009765625,-404.35791015625,2.35806107521057,-7.29825830459595,-6.64968061447144,-0.372629255056381,-0.0296761468052864,-0.323396503925323,-2.14946055412292,-5.52858972549438,7.22003650665283,-0.121334925293922,0.0913470089435577,0.168632864952087,-1.37400650978088,-4.74723815917969,8.23144817352295,1.01045513153076,-0.430088728666306,0.0473350435495377,-0.33918297290802,-12.0324449539185,-2.56881880760193,0.165341079235077,0.159126535058022,-0.0316240601241589,85.840946716,-96.427670851,-3.976242705,-0.537195257675684,0.704766316015066,2.37192602577429
-27.008056640625,6.14166259765625,-329.055786132813,-28.533935546875,-8.81195068359375,-404.205322265625,2.40685987472534,-7.2883186340332,-6.63579702377319,-0.369204878807068,-0.0311298370361328,-0.321696072816849,-2.15660500526428,-5.52980136871338,7.217942237854,-0.120246320962906,0.0904367193579674,0.167880237102509,-1.35910964012146,-4.73673248291016,8.22987747192383,1.00566256046295,-0.432804584503174,0.0471877120435238,-0.335087180137634,-12.0367479324341,-2.54558277130127,0.166544169187546,0.160189807415009,-0.0323363468050957,85.841086912,-96.427934772,-3.97628746,-0.536874270963078,0.704851690487498,2.37302322251793
-27.0843505859375,6.103515625,-328.826904296875,-28.533935546875,-8.7738037109375,-404.052734375,2.45565867424011,-7.2783784866333,-6.62191343307495,-0.365780502557755,-0.0325835272669792,-0.319995611906052,-2.16374969482422,-5.53101348876953,7.21584749221802,-0.119157716631889,0.089526429772377,0.167127594351768,-1.34421277046204,-4.72622728347778,8.22830677032471,1.00086987018585,-0.435520440340042,0.0470403805375099,-0.330991387367249,-12.0410499572754,-2.52234649658203,0.167747274041176,0.161253064870834,-0.0330486334860325,85.841227108,-96.428198693,-3.976332215,-0.536553284250473,0.70493706495993,2.37412041926157
-27.1224975585938,6.0272216796875,-328.9794921875,-28.4957885742188,-8.85009765625,-404.052734375,2.50445747375488,-7.26843881607056,-6.60802984237671,-0.362356126308441,-0.0340372174978256,-0.318295180797577,-2.17089414596558,-5.53222513198853,7.21375322341919,-0.118069119751453,0.0886161401867867,0.16637496650219,-1.32931590080261,-4.71572160720825,8.22673606872559,0.996077299118042,-0.438236325979233,0.0468930453062057,-0.326895624399185,-12.045352935791,-2.49911022186279,0.168950363993645,0.162316337227821,-0.0337609201669693,85.841367304,-96.428462614,-3.97637697,-0.536232297537867,0.705022439432362,2.37521761600521
-27.16064453125,5.950927734375,-329.132080078125,-28.4576416015625,-8.9263916015625,-404.052734375,2.55325627326965,-7.25849914550781,-6.59414625167847,-0.358931750059128,-0.035490907728672,-0.31659471988678,-2.17803859710693,-5.53343677520752,7.21165895462036,-0.116980515420437,0.0877058431506157,0.165622338652611,-1.31441903114319,-4.70521593093872,8.22516536712646,0.991284668445587,-0.440952181816101,0.0467457138001919,-0.322799831628799,-12.0496559143066,-2.47587418556213,0.170153453946114,0.163379609584808,-0.0344732068479061,85.8415075,-96.428726535,-3.976421725,-0.535911310825261,0.705107813904794,2.37631481274885
-27.008056640625,6.103515625,-329.360961914063,-28.4576416015625,-9.04083251953125,-404.052734375,2.602055311203,-7.24855899810791,-6.58026266098022,-0.355507403612137,-0.0369445979595184,-0.314894258975983,-2.18518304824829,-5.53464889526367,7.20956468582153,-0.11589191108942,0.0867955535650253,0.164869695901871,-1.29952216148376,-4.69471025466919,8.22359466552734,0.986492037773132,-0.443668037652969,0.046598382294178,-0.318704038858414,-12.0539579391479,-2.4526379108429,0.171356558799744,0.164442867040634,-0.0351854935288429,85.841647696,-96.428990456,-3.97646648,-0.535590324112655,0.705193188377226,2.37741200949249
-26.85546875,6.256103515625,-329.58984375,-28.4576416015625,-9.1552734375,-404.052734375,2.65085411071777,-7.23861932754517,-6.56637907028198,-0.352083027362823,-0.0383982881903648,-0.313193827867508,-2.19232749938965,-5.53586053848267,7.20747041702271,-0.114803306758404,0.085885263979435,0.164117068052292,-1.28462529182434,-4.68420457839966,8.22202396392822,0.981699407100677,-0.44638392329216,0.0464510470628738,-0.314608246088028,-12.0582609176636,-2.42940163612366,0.172559648752213,0.165506139397621,-0.0358977802097797,85.841787892,-96.429254377,-3.976511235,-0.53526933740005,0.705278562849658,2.37850920623613
-26.9317626953125,6.103515625,-329.132080078125,-28.4576416015625,-9.04083251953125,-404.205322265625,2.69965291023254,-7.22867918014526,-6.55249547958374,-0.34865865111351,-0.0398519746959209,-0.311493366956711,-2.19947218894958,-5.53707265853882,7.20537567138672,-0.113714702427387,0.0849749743938446,0.163364440202713,-1.26972842216492,-4.67369937896729,8.2204532623291,0.976906776428223,-0.449099779129028,0.04630371555686,-0.310512453317642,-12.0625638961792,-2.406165599823,0.173762738704681,0.166569396853447,-0.0366100668907166,85.841928088,-96.429518298,-3.97655599,-0.534948350687444,0.70536393732209,2.37960640297977
-27.008056640625,5.950927734375,-328.67431640625,-28.4576416015625,-8.9263916015625,-404.35791015625,2.74845170974731,-7.21873950958252,-6.5386118888855,-0.345234274864197,-0.0413056649267673,-0.309792935848236,-2.20661664009094,-5.53828430175781,7.20328140258789,-0.112626098096371,0.0840646773576736,0.162611797451973,-1.25483155250549,-4.66319370269775,8.21888256072998,0.972114145755768,-0.451815634965897,0.0461563840508461,-0.306416660547256,-12.0668659210205,-2.38292932510376,0.174965843558311,0.167632669210434,-0.0373223535716534,85.842068284,-96.429782219,-3.976600745,-0.534627363974838,0.705449311794523,2.38070359972341
-26.9317626953125,6.29425048828125,-328.750610351563,-28.6483764648438,-8.9263916015625,-404.205322265625,2.79725050926208,-7.20879983901978,-6.52472829818726,-0.341809898614883,-0.0427593551576138,-0.308092474937439,-2.2137610912323,-5.53949594497681,7.20118713378906,-0.111537493765354,0.0831543877720833,0.161859169602394,-1.23993468284607,-4.65268802642822,8.21731090545654,0.967321574687958,-0.454531520605087,0.0460090488195419,-0.302320867776871,-12.0711688995361,-2.3596932888031,0.17616893351078,0.168695941567421,-0.0380346402525902,85.84220848,-96.43004614,-3.9766455,-0.534306377262232,0.705534686266955,2.38180079646705
-26.85546875,6.6375732421875,-328.826904296875,-28.839111328125,-8.9263916015625,-404.052734375,2.84604930877686,-7.19885969161987,-6.51084470748901,-0.33838552236557,-0.0442130453884602,-0.306392043828964,-2.22090554237366,-5.54070806503296,7.19909286499023,-0.110448896884918,0.0822440981864929,0.161106541752815,-1.22503781318665,-4.64218235015869,8.21574020385742,0.962528944015503,-0.457247376441956,0.0458617173135281,-0.298225104808807,-12.0754718780518,-2.33645701408386,0.177372023463249,0.169759199023247,-0.038746926933527,85.8425634415,-96.430412997,-3.976678246,-0.534835657350407,0.705948543397224,2.38230998272056
-27.008056640625,6.59942626953125,-328.67431640625,-28.6865234375,-8.88824462890625,-403.976440429688,2.89484834671021,-7.18892002105713,-6.49696111679077,-0.334961175918579,-0.0456667356193066,-0.304691582918167,-2.22805023193359,-5.54191970825195,7.19699811935425,-0.109360292553902,0.0813338086009026,0.160353913903236,-1.21014094352722,-4.63167715072632,8.2141695022583,0.957736313343048,-0.459963232278824,0.0457143858075142,-0.294129312038422,-12.0797748565674,-2.31322073936462,0.178575113415718,0.170822471380234,-0.0394592136144638,85.842918403,-96.430779854,-3.976710992,-0.535364937438581,0.706362400527493,2.38281916897408
-27.16064453125,6.561279296875,-328.521728515625,-28.533935546875,-8.85009765625,-403.900146484375,2.94364714622498,-7.17897987365723,-6.48307752609253,-0.331536799669266,-0.047120425850153,-0.302991151809692,-2.23519468307495,-5.54313182830811,7.19490385055542,-0.108271688222885,0.0804235115647316,0.159601271152496,-1.1952440738678,-4.62117147445679,8.21259880065918,0.952943682670593,-0.462679117918015,0.04556705057621,-0.290033519268036,-12.0840768814087,-2.28998470306396,0.179778218269348,0.17188572883606,-0.0401715002954006,85.8432733645,-96.431146711,-3.976743738,-0.535894217526755,0.706776257657763,2.38332835522759
-27.0843505859375,6.4849853515625,-328.445434570313,-28.4194946289063,-8.88824462890625,-404.129028320313,2.99244594573975,-7.16904020309448,-6.46919393539429,-0.328112423419952,-0.0485741160809994,-0.301290690898895,-2.24233913421631,-5.5443434715271,7.19280958175659,-0.107183083891869,0.0795132219791412,0.158848643302917,-1.18034720420837,-4.61066579818726,8.21102809906006,0.948151051998138,-0.465394973754883,0.0454197190701962,-0.28593772649765,-12.0883798599243,-2.26674842834473,0.180981308221817,0.172949001193047,-0.0408837869763374,85.843628326,-96.431513568,-3.976776484,-0.53642349761493,0.707190114788032,2.3838375414811
-27.008056640625,6.40869140625,-328.369140625,-28.3050537109375,-8.9263916015625,-404.35791015625,3.03123068809509,-7.17175912857056,-6.4667067527771,-0.325390815734863,-0.0452042259275913,-0.299162238836288,-2.24220418930054,-5.55160617828369,7.19872093200684,-0.105444133281708,0.0777132734656334,0.157206356525421,-1.15200161933899,-4.59073972702026,8.2245569229126,0.943436145782471,-0.467831254005432,0.0439632646739483,-0.279760181903839,-12.0911836624146,-2.24427580833435,0.183165073394775,0.174975112080574,-0.041252613067627,85.8439832875,-96.431880425,-3.97680923,-0.536952777703104,0.707603971918301,2.38434672773462
-26.85546875,6.37054443359375,-328.521728515625,-28.3432006835938,-8.9263916015625,-404.434204101563,3.07001566886902,-7.17447805404663,-6.46421909332275,-0.322669208049774,-0.0418343357741833,-0.297033816576004,-2.24206924438477,-5.55886888504028,7.20463228225708,-0.103705182671547,0.0759133249521255,0.155564069747925,-1.1236560344696,-4.57081413269043,8.23808574676514,0.938721299171448,-0.470267504453659,0.0425068102777004,-0.273582637310028,-12.0939874649048,-2.22180342674255,0.185348853468895,0.177001222968102,-0.0416214354336262,85.844338249,-96.432247282,-3.976841976,-0.537482057791279,0.708017829048571,2.38485591398813
-26.702880859375,6.3323974609375,-328.67431640625,-28.38134765625,-8.9263916015625,-404.510498046875,3.10880041122437,-7.17719745635986,-6.46173191070557,-0.319947630167007,-0.0384644456207752,-0.294905364513397,-2.24193429946899,-5.56613111495972,7.21054363250732,-0.101966232061386,0.0741133764386177,0.153921782970428,-1.09531056880951,-4.55088806152344,8.25161361694336,0.93400639295578,-0.472703784704208,0.0410503521561623,-0.267405122518539,-12.096791267395,-2.19933080673218,0.187532618641853,0.179027318954468,-0.0419902615249157,85.8446932105,-96.432614139,-3.976874722,-0.538011337879453,0.70843168617884,2.38536510024164
-26.85546875,6.14166259765625,-328.903198242188,-28.4194946289063,-8.88824462890625,-404.35791015625,3.14758539199829,-7.17991638183594,-6.45924425125122,-0.317226022481918,-0.0350945517420769,-0.29277691245079,-2.24179935455322,-5.57339382171631,7.21645498275757,-0.100227288901806,0.0723134279251099,0.152279496192932,-1.06696498394012,-4.5309624671936,8.2651424407959,0.929291546344757,-0.475140064954758,0.0395938977599144,-0.261227577924728,-12.0995950698853,-2.1768581867218,0.189716383814812,0.181053429841995,-0.0423590876162052,85.845048172,-96.432980996,-3.976907468,-0.538540617967628,0.708845543309109,2.38587428649516
-27.008056640625,5.950927734375,-329.132080078125,-28.4576416015625,-8.85009765625,-404.205322265625,3.18637013435364,-7.18263530731201,-6.45675706863403,-0.314504414796829,-0.0317246615886688,-0.290648490190506,-2.24166440963745,-5.5806565284729,7.22236585617065,-0.0984883382916451,0.070513479411602,0.150637209415436,-1.03861939907074,-4.51103639602661,8.27867126464844,0.924576640129089,-0.477576345205307,0.0381374433636665,-0.255050033330917,-12.1023988723755,-2.15438556671143,0.19190014898777,0.183079540729523,-0.0427279099822044,85.8454031335,-96.433347853,-3.976940214,-0.539069898055802,0.709259400439379,2.38638347274867
-26.9699096679688,6.256103515625,-328.826904296875,-28.4576416015625,-8.85009765625,-404.205322265625,3.22515511512756,-7.18535423278809,-6.45426940917969,-0.31178280711174,-0.0283547714352608,-0.288520038127899,-2.24152946472168,-5.58791923522949,7.2282772064209,-0.0967493876814842,0.0687135308980942,0.148994922637939,-1.01027381420135,-4.49111080169678,8.29220008850098,0.919861733913422,-0.480012595653534,0.0366809889674187,-0.248872503638268,-12.1052026748657,-2.13191318511963,0.19408392906189,0.18510565161705,-0.043096736073494,85.845758095,-96.43371471,-3.97697296,-0.539599178143976,0.709673257569648,2.38689265900218
-26.9317626953125,6.561279296875,-328.521728515625,-28.4576416015625,-8.85009765625,-404.205322265625,3.26393985748291,-7.18807363510132,-6.4517822265625,-0.309061229228973,-0.0249848812818527,-0.286391586065292,-2.24139451980591,-5.59518194198608,7.23418855667114,-0.0950104370713234,0.0669135823845863,0.147352650761604,-0.981928288936615,-4.47118473052979,8.3057279586792,0.915146887302399,-0.482448875904083,0.0352245345711708,-0.242694959044456,-12.108006477356,-2.10944056510925,0.196267694234848,0.187131747603416,-0.0434655584394932,85.8461130565,-96.434081567,-3.977005706,-0.540128458232151,0.710087114699917,2.3874018452557
-26.9317626953125,6.561279296875,-328.67431640625,-28.4194946289063,-9.04083251953125,-404.281616210938,3.30272483825684,-7.19079256057739,-6.44929456710815,-0.306339621543884,-0.0216149911284447,-0.284263163805008,-2.24125957489014,-5.60244464874268,7.24009990692139,-0.0932714864611626,0.0651136338710785,0.145710363984108,-0.95358270406723,-4.45125913619995,8.31925678253174,0.910431981086731,-0.484885156154633,0.0337680801749229,-0.236517429351807,-12.1108102798462,-2.08696794509888,0.198451459407806,0.189157858490944,-0.0438343845307827,85.846468018,-96.434448424,-3.977038452,-0.540657738320325,0.710500971830187,2.38791103150921
-26.9317626953125,6.561279296875,-328.826904296875,-28.38134765625,-9.2315673828125,-404.35791015625,3.34150958061218,-7.19351148605347,-6.44680738449097,-0.303618013858795,-0.0182450991123915,-0.282134711742401,-2.24112462997437,-5.60970687866211,7.24601125717163,-0.0915325358510017,0.0633136853575706,0.144068077206612,-0.925237119197845,-4.43133306503296,8.33278560638428,0.905717134475708,-0.487321406602859,0.0323116220533848,-0.230339884757996,-12.1136140823364,-2.0644953250885,0.200635239481926,0.191183969378471,-0.0442032106220722,85.8468229795,-96.434815281,-3.977071198,-0.5411870184085,0.710914828960456,2.38842021776272
-26.8173217773438,6.52313232421875,-328.903198242188,-28.4194946289063,-9.002685546875,-404.205322265625,3.38029456138611,-7.19623041152954,-6.44432020187378,-0.300896406173706,-0.0148752089589834,-0.280006259679794,-2.24098968505859,-5.6169695854187,7.25192260742188,-0.0897935852408409,0.0615137405693531,0.142425790429115,-0.896891593933105,-4.41140699386597,8.34631443023682,0.90100222826004,-0.489757686853409,0.0308551676571369,-0.224162340164185,-12.1164178848267,-2.0420229434967,0.202819004654884,0.193210080265999,-0.0445720329880714,85.847177941,-96.435182138,-3.977103944,-0.541716298496674,0.711328686090725,2.38892940401624
-26.702880859375,6.4849853515625,-328.9794921875,-28.4576416015625,-8.7738037109375,-404.052734375,3.41907930374146,-7.19894933700562,-6.44183254241943,-0.298174798488617,-0.0115053178742528,-0.27787783741951,-2.24085474014282,-5.62423229217529,7.25783395767212,-0.0880546420812607,0.0597137920558453,0.140783503651619,-0.868546009063721,-4.39148139953613,8.35984325408936,0.896287322044373,-0.492193967103958,0.0293987132608891,-0.217984810471535,-12.1192216873169,-2.01955032348633,0.205002769827843,0.195236191153526,-0.044940859079361,85.8475329025,-96.435548995,-3.97713669,-0.542245578584848,0.711742543220995,2.38943859026975
-26.85546875,6.6375732421875,-329.055786132813,-28.6102294921875,-8.9263916015625,-403.976440429688,3.45786428451538,-7.20166873931885,-6.43934535980225,-0.29545322060585,-0.00813542772084475,-0.275749385356903,-2.24071979522705,-5.63149499893188,7.26374530792236,-0.0863156914710999,0.0579138435423374,0.139141216874123,-0.840200424194336,-4.37155532836914,8.37337112426758,0.89157247543335,-0.494630217552185,0.0279422588646412,-0.211807265877724,-12.1220254898071,-1.99707770347595,0.207186549901962,0.197262287139893,-0.0453096851706505,85.847887864,-96.435915852,-3.977169436,-0.542774858673023,0.712156400351264,2.38994777652326
-27.008056640625,6.7901611328125,-329.132080078125,-28.7628173828125,-9.0789794921875,-403.900146484375,3.49664902687073,-7.20438766479492,-6.4368577003479,-0.292731612920761,-0.00476553710177541,-0.273620933294296,-2.24058485031128,-5.63875770568848,7.26965665817261,-0.084576740860939,0.0561138950288296,0.137498930096626,-0.811854898929596,-4.35162973403931,8.38689994812012,0.886857569217682,-0.497066497802734,0.0264858026057482,-0.205629736185074,-12.1248292922974,-1.97460520267487,0.209370315074921,0.19928839802742,-0.0456785075366497,85.8482428255,-96.436282709,-3.977202182,-0.543304138761197,0.712570257481533,2.39045696277678
-26.9699096679688,6.67572021484375,-329.28466796875,-28.533935546875,-9.04083251953125,-403.976440429688,3.52977323532104,-7.20960235595703,-6.43657445907593,-0.290737330913544,0.000477462454000488,-0.271584004163742,-2.24035692214966,-5.6428427696228,7.27449560165405,-0.0824779123067856,0.0541891381144524,0.13573183119297,-0.78140664100647,-4.33315849304199,8.40482425689697,0.883220553398132,-0.498674124479294,0.0243630688637495,-0.197661980986595,-12.1284332275391,-1.95360863208771,0.212028443813324,0.200751945376396,-0.0460815764963627,85.848597787,-96.436649566,-3.977234928,-0.543833418849372,0.712984114611803,2.39096614903029
-26.9317626953125,6.561279296875,-329.437255859375,-28.3050537109375,-9.002685546875,-404.052734375,3.55723643302917,-7.21731233596802,-6.43849563598633,-0.289470374584198,0.00759357027709484,-0.26963859796524,-2.24003601074219,-5.64375114440918,7.2782621383667,-0.0800192058086395,0.0521395727992058,0.133839920163155,-0.748855590820313,-4.3161416053772,8.42714405059814,0.880661308765411,-0.499453127384186,0.0215740539133549,-0.187904000282288,-12.1328372955322,-1.93408799171448,0.215160951018333,0.201652929186821,-0.0465188845992088,85.8489527485,-96.437016423,-3.977267674,-0.544362698937546,0.713397971742072,2.3914753352838
-27.0843505859375,6.6375732421875,-329.666137695313,-28.2669067382813,-8.9263916015625,-403.823852539063,3.5846996307373,-7.225022315979,-6.44041681289673,-0.288203418254852,0.014709678478539,-0.267693191766739,-2.23971486091614,-5.64465951919556,7.28202867507935,-0.0775605067610741,0.0500900037586689,0.1319480240345,-0.716304659843445,-4.2991247177124,8.44946384429932,0.87810206413269,-0.500232100486755,0.0187850408256054,-0.17814601957798,-12.1372413635254,-1.91456747055054,0.218293458223343,0.202553898096085,-0.0469561964273453,85.84930771,-96.43738328,-3.97730042,-0.544891979025721,0.713811828872341,2.39198452153732
-27.2369384765625,6.7138671875,-329.89501953125,-28.228759765625,-8.85009765625,-403.594970703125,3.61216282844543,-7.23273229598999,-6.44233798980713,-0.286936461925507,0.0218257866799831,-0.265747785568237,-2.23939394950867,-5.64556741714478,7.28579521179199,-0.075101800262928,0.0480404384434223,0.130056113004684,-0.683753609657288,-4.28210783004761,8.47178363800049,0.875542819499969,-0.501011073589325,0.0159960258752108,-0.168388053774834,-12.1416444778442,-1.89504683017731,0.221425965428352,0.203454881906509,-0.0473935045301914,85.932843018,-96.623066413,-3.981253085,-0.545815662316191,0.714598830651063,2.39155755222661
-27.008056640625,6.7901611328125,-329.89501953125,-28.2669067382813,-8.9263916015625,-403.74755859375,3.63962626457214,-7.24044227600098,-6.44425916671753,-0.285669505596161,0.0289418939501047,-0.263802379369736,-2.2390730381012,-5.64647579193115,7.2895622253418,-0.072643093764782,0.0459908731281757,0.128164201974869,-0.65120267868042,-4.26509094238281,8.49410343170166,0.872983574867249,-0.501790106296539,0.0132070118561387,-0.158630073070526,-12.1460485458374,-1.87552618980408,0.224558457732201,0.204355865716934,-0.0478308163583279,86.016378326,-96.808749546,-3.98520575,-0.546739345606662,0.715385832429784,2.39113058291591
-26.7791748046875,6.866455078125,-329.89501953125,-28.3050537109375,-9.002685546875,-403.900146484375,3.66708946228027,-7.24815273284912,-6.44618034362793,-0.284402549266815,0.0360580012202263,-0.261856973171234,-2.23875212669373,-5.64738416671753,7.29332876205444,-0.0701843872666359,0.0439413078129292,0.126272290945053,-0.618651628494263,-4.24807405471802,8.51642322540283,0.870424330234528,-0.502569079399109,0.0104179969057441,-0.148872092366219,-12.1504526138306,-1.85600566864014,0.22769096493721,0.205256834626198,-0.048268124461174,86.099913634,-96.994432679,-3.989158415,-0.547663028897133,0.716172834208506,2.3907036136052
-26.8936157226563,6.7901611328125,-329.971313476563,-28.2669067382813,-8.96453857421875,-403.518676757813,3.6945526599884,-7.25586271286011,-6.44810152053833,-0.283135592937469,0.043174110352993,-0.259911566972733,-2.23843121528625,-5.64829206466675,7.29709529876709,-0.0677256807684898,0.0418917424976826,0.124380387365818,-0.586100697517395,-4.23105716705322,8.538743019104,0.867865085601807,-0.503348052501678,0.00762898335233331,-0.139114126563072,-12.1548566818237,-1.83648502826691,0.23082347214222,0.206157818436623,-0.0487054362893105,86.183448942,-97.180115812,-3.99311108,-0.548586712187604,0.716959835987228,2.3902766442945
-27.008056640625,6.7138671875,-330.047607421875,-28.228759765625,-8.9263916015625,-403.13720703125,3.72201585769653,-7.26357269287109,-6.45002269744873,-0.281868636608124,0.0502902194857597,-0.257966160774231,-2.23811006546021,-5.64920043945313,7.30086183547974,-0.0652669817209244,0.0398421734571457,0.122488483786583,-0.553549647331238,-4.21404027938843,8.56106185913086,0.865305840969086,-0.504127025604248,0.00483996886759996,-0.129356145858765,-12.1592607498169,-1.81696450710297,0.233955979347229,0.207058802247047,-0.0491427443921566,86.26698425,-97.365798945,-3.997063745,-0.549510395478074,0.717746837765949,2.3898496749838
-26.9699096679688,6.75201416015625,-330.352783203125,-28.2669067382813,-8.96453857421875,-403.060913085938,3.74947929382324,-7.27128267288208,-6.45194387435913,-0.280601680278778,0.0574063248932362,-0.256020754575729,-2.23778915405273,-5.6501088142395,7.30462884902954,-0.0628082752227783,0.0377926081418991,0.120596572756767,-0.52099871635437,-4.19702339172363,8.58338165283203,0.862746596336365,-0.504906058311462,0.00205095484852791,-0.119598172605038,-12.1636648178101,-1.79744386672974,0.237088471651077,0.207959771156311,-0.049580056220293,86.350519558,-97.551482078,-4.00101641,-0.550434078768545,0.718533839544671,2.38942270567309
-26.9317626953125,6.7901611328125,-330.657958984375,-28.3050537109375,-9.002685546875,-402.984619140625,3.77694249153137,-7.27899265289307,-6.45386457443237,-0.279334723949432,0.0645224377512932,-0.254075348377228,-2.23746824264526,-5.65101671218872,7.30839538574219,-0.0603495687246323,0.0357430428266525,0.118704669177532,-0.488447695970535,-4.180006980896,8.6057014465332,0.860187411308289,-0.505685031414032,-0.000738059403374791,-0.10984019190073,-12.1680688858032,-1.77792322635651,0.240220978856087,0.208860754966736,-0.0500173643231392,86.434054866,-97.737165211,-4.004969075,-0.551357762059016,0.719320841323393,2.38899573636239
-26.7791748046875,7.01904296875,-330.657958984375,-28.228759765625,-9.1552734375,-402.984619140625,3.8044056892395,-7.28670263290405,-6.45578575134277,-0.278067767620087,0.0716385394334793,-0.252129942178726,-2.23714733123779,-5.6519250869751,7.31216192245483,-0.0578908659517765,0.0336934775114059,0.116812758147717,-0.455896705389023,-4.1629900932312,8.62802124023438,0.857628166675568,-0.506464004516602,-0.00352707365527749,-0.100082218647003,-12.1724720001221,-1.75840270519257,0.243353486061096,0.209761738777161,-0.0504546761512756,86.517590174,-97.922848344,-4.00892174,-0.552281445349487,0.720107843102114,2.38856876705168
-26.6265869140625,7.2479248046875,-330.657958984375,-28.1524658203125,-9.307861328125,-402.984619140625,3.83186888694763,-7.2944130897522,-6.45770692825317,-0.276800811290741,0.078754648566246,-0.250184535980225,-2.23682618141174,-5.65283346176147,7.31592845916748,-0.0554321594536304,0.0316439084708691,0.114920854568481,-0.42334571480751,-4.14597320556641,8.65034103393555,0.855068922042847,-0.507242977619171,-0.00631608767434955,-0.0903242453932762,-12.1768760681152,-1.73888206481934,0.246485993266106,0.210662722587585,-0.0508919842541218,86.601125482,-98.108531477,-4.012874405,-0.553205128639957,0.720894844880836,2.38814179774098
-26.7791748046875,7.171630859375,-330.810546875,-28.1143188476563,-9.002685546875,-402.908325195313,3.85933232307434,-7.30212306976318,-6.45962810516357,-0.275533854961395,0.0858707576990128,-0.248239114880562,-2.23650527000427,-5.65374135971069,7.31969547271729,-0.0529734566807747,0.0295943431556225,0.113028943538666,-0.390794724225998,-4.12895631790161,8.67266082763672,0.852509677410126,-0.508022010326385,-0.00910510215908289,-0.0805662646889687,-12.1812801361084,-1.7193615436554,0.249618485569954,0.211563691496849,-0.0513292960822582,86.68466079,-98.29421461,-4.01682707,-0.554128811930428,0.721681846659558,2.38771482843027
-26.9317626953125,7.0953369140625,-330.963134765625,-28.076171875,-8.697509765625,-402.83203125,3.88679552078247,-7.30983304977417,-6.46154928207397,-0.27426689863205,0.0929868668317795,-0.24629370868206,-2.2361843585968,-5.65464973449707,7.32346200942993,-0.0505147501826286,0.0275447778403759,0.111137039959431,-0.358243733644485,-4.11193943023682,8.69498062133789,0.849950432777405,-0.508800983428955,-0.0118941161781549,-0.0708082914352417,-12.1856842041016,-1.69984090328217,0.252750992774963,0.212464675307274,-0.0517666041851044,86.768196098,-98.479897743,-4.020779735,-0.555052495220899,0.722468848438279,2.38728785911957
-26.8173217773438,7.2479248046875,-331.344604492188,-28.1906127929688,-8.88824462890625,-402.603149414063,3.91699910163879,-7.32410907745361,-6.4686975479126,-0.274235844612122,0.099833071231842,-0.244706735014915,-2.23151874542236,-5.64636993408203,7.33143377304077,-0.0487672574818134,0.0254341680556536,0.109123095870018,-0.326983958482742,-4.09723663330078,8.712158203125,0.848406612873077,-0.50850635766983,-0.0150295337662101,-0.058795191347599,-12.180495262146,-1.67774868011475,0.257220834493637,0.210436835885048,-0.0523005872964859,86.851731406,-98.665580876,-4.0247324,-0.55597617851137,0.723255850217001,2.38686088980887
-26.702880859375,7.4005126953125,-331.72607421875,-28.3050537109375,-9.0789794921875,-402.374267578125,3.9472029209137,-7.33838510513306,-6.47584629058838,-0.274204820394516,0.106679275631905,-0.243119761347771,-2.22685313224792,-5.63808965682983,7.33940553665161,-0.0470197647809982,0.0233235564082861,0.107109151780605,-0.295724183320999,-4.08253335952759,8.72933673858643,0.84686279296875,-0.508211731910706,-0.0181649513542652,-0.0467820912599564,-12.1753063201904,-1.65565645694733,0.261690676212311,0.208408996462822,-0.0528345704078674,86.935266714,-98.851264009,-4.028685065,-0.55689986180184,0.724042851995723,2.38643392049816
-26.8173217773438,7.4005126953125,-332.183837890625,-28.2669067382813,-9.002685546875,-401.992797851563,3.97740650177002,-7.3526611328125,-6.482994556427,-0.274173766374588,0.113525487482548,-0.241532787680626,-2.22218751907349,-5.62980985641479,7.34737730026245,-0.045272272080183,0.0212129466235638,0.105095207691193,-0.264464408159256,-4.06783056259155,8.74651432037354,0.845318973064423,-0.507917106151581,-0.0213003698736429,-0.0347689911723137,-12.1701183319092,-1.63356423377991,0.266160488128662,0.206381157040596,-0.0533685572445393,87.018802022,-99.036947142,-4.03263773,-0.557823545092311,0.724829853774444,2.38600695118746
-26.9317626953125,7.4005126953125,-332.6416015625,-28.228759765625,-8.9263916015625,-401.611328125,4.00761032104492,-7.36693716049194,-6.49014329910278,-0.274142742156982,0.12037169188261,-0.239945814013481,-2.21752190589905,-5.62153005599976,7.35534906387329,-0.0435247793793678,0.0191023349761963,0.10308126360178,-0.233204647898674,-4.05312728881836,8.76369190216064,0.843775153160095,-0.507622480392456,-0.0244357883930206,-0.0227558892220259,-12.1649293899536,-1.61147201061249,0.270630329847336,0.204353302717209,-0.0539025403559208,87.10233733,-99.222630275,-4.036590395,-0.558747228382782,0.725616855553166,2.38557998187675
-26.8173217773438,7.2479248046875,-332.489013671875,-28.1906127929688,-8.9263916015625,-401.535034179688,4.03781414031982,-7.38121318817139,-6.49729156494141,-0.274111688137054,0.127217903733253,-0.238358840346336,-2.21285653114319,-5.61325025558472,7.36332082748413,-0.0417772866785526,0.016991725191474,0.101067326962948,-0.201944872736931,-4.03842449188232,8.78087043762207,0.842231392860413,-0.507327795028687,-0.0275712069123983,-0.0107427900657058,-12.159740447998,-1.58937978744507,0.27510017156601,0.202325463294983,-0.0544365234673023,87.185872638,-99.408313408,-4.04054306,-0.559670911673253,0.726403857331888,2.38515301256605
-26.702880859375,7.0953369140625,-332.33642578125,-28.1524658203125,-8.9263916015625,-401.458740234375,4.06801748275757,-7.39548921585083,-6.50443983078003,-0.274080663919449,0.134064108133316,-0.236771866679192,-2.20819091796875,-5.60496997833252,7.37129259109497,-0.0400297939777374,0.0148811144754291,0.0990533828735352,-0.170685097575188,-4.02372121810913,8.79804801940918,0.840687572956085,-0.507033169269562,-0.0307066235691309,0.00127031072042882,-12.1545515060425,-1.56728756427765,0.279570013284683,0.200297623872757,-0.0549705065786839,87.269407946,-99.593996541,-4.044495725,-0.560594594963724,0.727190859110609,2.38472604325534
-26.5884399414063,7.01904296875,-332.565307617188,-27.923583984375,-9.002685546875,-401.535034179688,4.09822130203247,-7.40976524353027,-6.51158857345581,-0.274049609899521,0.140910312533379,-0.235184893012047,-2.20352530479431,-5.59669017791748,7.37926483154297,-0.0382822975516319,0.0127705037593842,0.0970394387841225,-0.139425322413445,-4.0090184211731,8.81522655487061,0.839143753051758,-0.506738543510437,-0.0338420420885086,0.0132834110409021,-12.1493625640869,-1.54519534111023,0.284039855003357,0.198269784450531,-0.0555044934153557,87.352943254,-99.779679674,-4.04844839,-0.561518278254194,0.727977860889331,2.38429907394464
-26.4739990234375,6.9427490234375,-332.794189453125,-27.6947021484375,-9.0789794921875,-401.611328125,4.12842512130737,-7.42404127120972,-6.51873683929443,-0.274018585681915,0.147756516933441,-0.233597919344902,-2.19885969161987,-5.58841037750244,7.38723659515381,-0.0365348048508167,0.0106598930433393,0.0950254946947098,-0.108165547251701,-3.9943151473999,8.83240413665771,0.83759993314743,-0.506443917751312,-0.0369774587452412,0.0252965111285448,-12.1441736221313,-1.52310311794281,0.288509696722031,0.196241945028305,-0.0560384765267372,87.436478562,-99.965362807,-4.052401055,-0.562441961544665,0.728764862668053,2.38387210463394
-26.6265869140625,6.98089599609375,-333.023071289063,-27.923583984375,-9.19342041015625,-401.382446289063,4.15862846374512,-7.43831729888916,-6.52588558197021,-0.273987531661987,0.154602721333504,-0.232010945677757,-2.19419407844543,-5.58013010025024,7.39520835876465,-0.0347873121500015,0.00854928325861692,0.0930115506052971,-0.0769057795405388,-3.97961211204529,8.84958171844482,0.836056113243103,-0.506149291992188,-0.040112879127264,0.0373096130788326,-12.1389856338501,-1.50101089477539,0.292979508638382,0.194214105606079,-0.0565724596381187,87.52001387,-100.15104594,-4.05635372,-0.563365644835136,0.729551864446774,2.38344513532323
-26.7791748046875,7.01904296875,-333.251953125,-28.1524658203125,-9.307861328125,-401.153564453125,4.18883228302002,-7.4525933265686,-6.53303384780884,-0.273956477642059,0.161448925733566,-0.230423972010612,-2.189528465271,-5.57185029983521,7.40318012237549,-0.0330398194491863,0.00643867254257202,0.0909976065158844,-0.0456460043787956,-3.96490907669067,8.86676025390625,0.834512293338776,-0.505854666233063,-0.0432482957839966,0.0493227131664753,-12.1337966918945,-1.47891867160797,0.297449350357056,0.192186266183853,-0.0571064427495003,87.5196164905,-100.151198696,-4.056415318,-0.564787694808104,0.730007580580123,2.38191624734536
-26.5884399414063,6.90460205078125,-333.404541015625,-28.2669067382813,-9.307861328125,-401.382446289063,4.21903610229492,-7.46686935424805,-6.54018211364746,-0.273925453424454,0.168295130133629,-0.228836998343468,-2.18486285209656,-5.56357049942017,7.41115188598633,-0.0312923267483711,0.00432806182652712,0.0889836624264717,-0.0143862310796976,-3.95020604133606,8.88393783569336,0.832968473434448,-0.505560040473938,-0.0463837161660194,0.061335813254118,-12.128607749939,-1.45682644844055,0.301919192075729,0.190158411860466,-0.0576404258608818,87.519219111,-100.151351452,-4.056476916,-0.566209744781072,0.730463296713472,2.38038735936749
-26.397705078125,6.7901611328125,-333.55712890625,-28.38134765625,-9.307861328125,-401.611328125,4.24923944473267,-7.48114538192749,-6.54733085632324,-0.273894399404526,0.175141334533691,-0.227250024676323,-2.18019723892212,-5.55529022216797,7.41912364959717,-0.0295448340475559,0.00221745134331286,0.086969718337059,0.0168735422194004,-3.93550300598145,8.90111541748047,0.831424653530121,-0.505265414714813,-0.049519132822752,0.0733489096164703,-12.1234188079834,-1.43473422527313,0.306389033794403,0.18813057243824,-0.0581744126975536,87.5188217315,-100.151504208,-4.056538514,-0.567631794754041,0.730919012846821,2.37885847138961
-26.2832641601563,6.866455078125,-333.786010742188,-28.4576416015625,-9.46044921875,-401.458740234375,4.27944326400757,-7.49542140960693,-6.55447912216187,-0.27386337518692,0.181987538933754,-0.225663051009178,-2.17553162574768,-5.54701042175293,7.42709541320801,-0.0277973413467407,0.000106840772787109,0.0849557742476463,0.0481333136558533,-3.92079997062683,8.91829395294189,0.829880833625793,-0.504970788955688,-0.0526545494794846,0.085362009704113,-12.1182298660278,-1.41264200210571,0.310858875513077,0.186102733016014,-0.0587083958089352,87.518424352,-100.151656964,-4.056600112,-0.569053844727009,0.73137472898017,2.37732958341174
-26.1688232421875,6.9427490234375,-334.014892578125,-28.533935546875,-9.613037109375,-401.30615234375,4.30168390274048,-7.51849889755249,-6.56272125244141,-0.274240553379059,0.188468590378761,-0.224242672324181,-2.16634202003479,-5.54047203063965,7.43559503555298,-0.026662664487958,-0.00164669996593148,0.0829850137233734,0.0743894577026367,-3.91207790374756,8.93478298187256,0.82818603515625,-0.505288362503052,-0.0554328858852386,0.0949684381484985,-12.1100473403931,-1.40269255638123,0.315864056348801,0.184044763445854,-0.059007316827774,87.5180269725,-100.15180972,-4.05666171,-0.570475894699977,0.731830445113518,2.37580069543387
-26.092529296875,6.75201416015625,-334.091186523438,-28.38134765625,-9.5367431640625,-401.153564453125,4.31596183776855,-7.55037689208984,-6.57205724716187,-0.275025993585587,0.194584488868713,-0.22298888862133,-2.15262794494629,-5.53567457199097,7.44462299346924,-0.0261408053338528,-0.0030431707855314,0.0810574367642403,0.0956419631838799,-3.90933656692505,8.95058345794678,0.826340138912201,-0.506218254566193,-0.0578541420400143,0.102168194949627,-12.0988712310791,-1.40488612651825,0.321404576301575,0.18195666372776,-0.05907117202878,87.517629593,-100.151962476,-4.056723308,-0.571897944672945,0.732286161246867,2.37427180745599
-26.0162353515625,6.561279296875,-334.16748046875,-28.228759765625,-9.46044921875,-401.0009765625,4.33023929595947,-7.58225536346436,-6.58139276504517,-0.275811433792114,0.200700372457504,-0.22173510491848,-2.13891410827637,-5.53087759017944,7.45365047454834,-0.0256189461797476,-0.00443964172154665,0.0791298598051071,0.116894476115704,-3.90659499168396,8.966383934021,0.824494242668152,-0.507148146629333,-0.0602753944694996,0.109367951750755,-12.0876941680908,-1.40707969665527,0.326945096254349,0.179868564009666,-0.0591350272297859,87.5172322135,-100.152115232,-4.056784906,-0.573319994645913,0.732741877380216,2.37274291947812
-25.9780883789063,6.59942626953125,-334.47265625,-28.4576416015625,-9.613037109375,-401.0009765625,4.34451675415039,-7.61413383483887,-6.59072875976563,-0.276596873998642,0.206816270947456,-0.22048132121563,-2.12520027160645,-5.52608013153076,7.46267795562744,-0.0250970870256424,-0.00583611242473125,0.0772022753953934,0.138146981596947,-3.90385365486145,8.98218441009521,0.822648346424103,-0.508078038692474,-0.0626966506242752,0.116567708551884,-12.0765180587769,-1.40927314758301,0.332485616207123,0.177780464291573,-0.0591988824307919,87.516834834,-100.152267988,-4.056846504,-0.574742044618882,0.733197593513565,2.37121403150025
-25.93994140625,6.6375732421875,-334.77783203125,-28.6865234375,-9.765625,-401.0009765625,4.35879468917847,-7.64601182937622,-6.60006475448608,-0.277382284402847,0.212932154536247,-0.219227537512779,-2.11148643493652,-5.52128314971924,7.4717059135437,-0.0245752260088921,-0.00723258359357715,0.0752746984362602,0.15939949452877,-3.90111231803894,8.99798488616943,0.820802450180054,-0.50900787115097,-0.0651179030537605,0.123767465353012,-12.0653409957886,-1.41146671772003,0.338026136159897,0.175692364573479,-0.0592627413570881,87.5164374545,-100.152420744,-4.056908102,-0.57616409459185,0.733653309646914,2.36968514352238
-25.8636474609375,6.561279296875,-334.854125976563,-28.7628173828125,-9.8419189453125,-400.69580078125,4.37307214736938,-7.67789030075073,-6.60940027236938,-0.278167724609375,0.219048053026199,-0.217973753809929,-2.09777235984802,-5.51648569107056,7.4807333946228,-0.0240533668547869,-0.00862905476242304,0.0733471214771271,0.180651992559433,-3.89837098121643,9.01378536224365,0.818956553936005,-0.509937763214111,-0.0675391554832458,0.13096721470356,-12.0541648864746,-1.41366028785706,0.343566685914993,0.173604264855385,-0.059326596558094,87.516040075,-100.1525735,-4.0569697,-0.577586144564818,0.734109025780263,2.3681562555445
-25.787353515625,6.4849853515625,-334.930419921875,-28.839111328125,-9.918212890625,-400.390625,4.3873496055603,-7.70976877212524,-6.61873626708984,-0.278953164815903,0.22516393661499,-0.216719970107079,-2.0840585231781,-5.51168870925903,7.4897608757019,-0.0235315077006817,-0.0100255254656076,0.0714195370674133,0.201904505491257,-3.89562964439392,9.02958583831787,0.817110657691956,-0.510867655277252,-0.0699604079127312,0.138166978955269,-12.0429878234863,-1.41585373878479,0.349107205867767,0.171516165137291,-0.0593904517591,87.5156426955,-100.152726256,-4.057031298,-0.579008194537786,0.734564741913612,2.36662736756663
-25.787353515625,6.59942626953125,-335.006713867188,-28.7628173828125,-9.95635986328125,-400.619506835938,4.40162754058838,-7.7416467666626,-6.62807178497314,-0.27973860502243,0.231279835104942,-0.215466171503067,-2.0703444480896,-5.50689125061035,7.49878883361816,-0.0230096485465765,-0.0114219961687922,0.0694919601082802,0.22315701842308,-3.89288806915283,9.04538536071777,0.815264761447906,-0.511797547340393,-0.0723816677927971,0.145366728305817,-12.0318117141724,-1.41804730892181,0.354647725820541,0.169428065419197,-0.0594543069601059,87.515245316,-100.152879012,-4.057092896,-0.580430244510755,0.735020458046961,2.36509847958876
-25.787353515625,6.7138671875,-335.0830078125,-28.6865234375,-9.9945068359375,-400.848388671875,4.4159049987793,-7.77352523803711,-6.6374077796936,-0.280524015426636,0.237395718693733,-0.214212387800217,-2.05663061141968,-5.50209426879883,7.50781631469727,-0.0224877875298262,-0.0128184668719769,0.067564383149147,0.244409516453743,-3.89014673233032,9.06118583679199,0.813418865203857,-0.512727379798889,-0.0748029202222824,0.152566492557526,-12.0206346511841,-1.42024087905884,0.360188245773315,0.167339965701103,-0.0595181658864021,87.5148479365,-100.153031768,-4.057154494,-0.581852294483723,0.73547617418031,2.36356959161089
-25.7492065429688,6.6375732421875,-335.311889648438,-28.6483764648438,-10.223388671875,-400.924682617188,4.43018293380737,-7.80540323257446,-6.64674377441406,-0.281309455633163,0.243511617183685,-0.212958604097366,-2.04291677474976,-5.49729681015015,7.51684427261353,-0.021965928375721,-0.0142149375751615,0.0656367987394333,0.265662044286728,-3.88740539550781,9.07698631286621,0.811573028564453,-0.51365727186203,-0.0772241726517677,0.159766241908073,-12.0094585418701,-1.42243432998657,0.365728765726089,0.165251865983009,-0.0595820210874081,87.514450557,-100.153184524,-4.057216092,-0.583274344456691,0.735931890313658,2.36204070363301
-25.7110595703125,6.561279296875,-335.540771484375,-28.6102294921875,-10.4522705078125,-401.0009765625,4.44446039199829,-7.83728170394897,-6.65607929229736,-0.282094895839691,0.249627500772476,-0.211704820394516,-2.02920293807983,-5.49249982833862,7.52587175369263,-0.0214440692216158,-0.0156114082783461,0.0637092217803001,0.286914527416229,-3.8846640586853,9.09278678894043,0.809727132320404,-0.514587163925171,-0.0796454250812531,0.166966006159782,-11.9982814788818,-1.4246279001236,0.371269285678864,0.163163766264915,-0.059645876288414,87.5140531775,-100.15333728,-4.05727769,-0.584696394429659,0.736387606447007,2.36051181565514
-25.482177734375,6.561279296875,-335.693359375,-28.8009643554688,-10.2996826171875,-401.0009765625,4.45873785018921,-7.86916017532349,-6.66541528701782,-0.282880336046219,0.255743384361267,-0.210451036691666,-2.01548886299133,-5.48770236968994,7.53489923477173,-0.0209222100675106,-0.0170078799128532,0.0617816410958767,0.308167040348053,-3.88192248344421,9.10858726501465,0.807881236076355,-0.515517055988312,-0.082066684961319,0.17416575551033,-11.9871053695679,-1.42682147026062,0.37680983543396,0.161075666546822,-0.0597097314894199,87.513655798,-100.153490036,-4.057339288,-0.586118444402627,0.736843322580356,2.35898292767727
-25.2532958984375,6.561279296875,-335.845947265625,-28.99169921875,-10.1470947265625,-401.0009765625,4.47301578521729,-7.90103816986084,-6.67475080490112,-0.283665746450424,0.26185929775238,-0.209197252988815,-2.00177502632141,-5.48290538787842,7.54392719268799,-0.0204003490507603,-0.0184043496847153,0.0598540641367435,0.329419553279877,-3.8791811466217,9.12438774108887,0.806035339832306,-0.516446888446808,-0.0844879373908043,0.181365519762039,-11.9759283065796,-1.42901492118835,0.382350355386734,0.158987566828728,-0.0597735904157162,87.5132584185,-100.153642792,-4.057400886,-0.587540494375596,0.737299038713705,2.35745403969939
-25.3677368164063,6.6375732421875,-336.151123046875,-28.8772583007813,-10.3759765625,-400.772094726563,4.4872932434082,-7.93291664123535,-6.68408679962158,-0.284451186656952,0.267975181341171,-0.207943469285965,-1.9880610704422,-5.47810792922974,7.55295467376709,-0.0198784898966551,-0.0198008213192225,0.0579264834523201,0.3506720662117,-3.87643980979919,9.14018821716309,0.804189443588257,-0.517376780509949,-0.0869091898202896,0.188565269112587,-11.9647521972656,-1.43120849132538,0.387890875339508,0.156899467110634,-0.0598374456167221,87.512861039,-100.153795548,-4.057462484,-0.588962544348564,0.737754754847054,2.35592515172152
-25.482177734375,6.7138671875,-336.456298828125,-28.7628173828125,-10.6048583984375,-400.543212890625,4.48498868942261,-7.96972560882568,-6.6796669960022,-0.283872306346893,0.27323454618454,-0.206821963191032,-1.97429502010345,-5.47436666488647,7.55825471878052,-0.0204349290579557,-0.0200073923915625,0.0568274296820164,0.353198915719986,-3.89443922042847,9.15614986419678,0.802889585494995,-0.519082903862,-0.0872256606817245,0.190398305654526,-11.9546136856079,-1.45780098438263,0.392486780881882,0.156410366296768,-0.0595756284892559,87.5124636595,-100.153948304,-4.057524082,-0.590384594321532,0.738210470980403,2.35439626374365
-25.32958984375,6.561279296875,-336.380004882813,-28.9154052734375,-10.4904174804688,-400.390625,4.48268461227417,-8.00653457641602,-6.67524766921997,-0.283293426036835,0.278493911027908,-0.205700471997261,-1.96052885055542,-5.47062540054321,7.56355428695679,-0.0209913682192564,-0.0202139634639025,0.0557283759117126,0.355725735425949,-3.91243839263916,9.17211151123047,0.801589667797089,-0.52078902721405,-0.0875421315431595,0.192231357097626,-11.9444742202759,-1.48439347743988,0.397082686424255,0.155921265482903,-0.0593138076364994,87.51206628,-100.15410106,-4.05758568,-0.5918066442945,0.738666187113752,2.35286737576578
-25.177001953125,6.40869140625,-336.3037109375,-29.0679931640625,-10.3759765625,-400.238037109375,4.48038005828857,-8.04334354400635,-6.67082786560059,-0.282714545726776,0.283753275871277,-0.204578965902328,-1.94676280021667,-5.46688413619995,7.56885433197021,-0.0215478092432022,-0.0204205345362425,0.0546293221414089,0.358252584934235,-3.93043780326843,9.18807315826416,0.800289809703827,-0.522495150566101,-0.0878586024045944,0.194064393639565,-11.9343357086182,-1.51098597049713,0.401678562164307,0.155432164669037,-0.0590519905090332,87.5119115175,-100.1543353365,-4.0576213985,-0.592667323703445,0.73891984976448,2.35024808538013
-25.0625610351563,6.37054443359375,-336.3037109375,-29.0298461914063,-10.4904174804688,-400.161743164063,4.47807598114014,-8.08015251159668,-6.6664080619812,-0.282135635614395,0.289012640714645,-0.203457474708557,-1.93299663066864,-5.46314334869385,7.57415390014648,-0.0221042484045029,-0.0206271037459373,0.0535302683711052,0.360779404640198,-3.94843721389771,9.20403480529785,0.798989951610565,-0.524201333522797,-0.0881750732660294,0.195897430181503,-11.9241971969604,-1.53757846355438,0.40627446770668,0.154943063855171,-0.0587901696562767,87.511756755,-100.154569613,-4.057657117,-0.59352800311239,0.739173512415208,2.34762879499449
-24.9481201171875,6.3323974609375,-336.3037109375,-28.99169921875,-10.6048583984375,-400.08544921875,4.47577142715454,-8.11696147918701,-6.66198873519897,-0.281556755304337,0.294272005558014,-0.202335968613625,-1.9192305803299,-5.45940208435059,7.57945394515991,-0.0226606875658035,-0.0208336748182774,0.0524312146008015,0.363306254148483,-3.96643662452698,9.21999645233154,0.797690033912659,-0.525907456874847,-0.0884915441274643,0.197730481624603,-11.9140577316284,-1.56417095661163,0.410870373249054,0.154453963041306,-0.0585283525288105,87.5116019925,-100.1548038895,-4.0576928355,-0.594388682521334,0.739427175065937,2.34500950460885
-24.9099731445313,6.44683837890625,-336.60888671875,-28.8772583007813,-10.7955932617188,-400.466918945313,4.47346687316895,-8.15377044677734,-6.65756893157959,-0.280977874994278,0.299531370401382,-0.201214462518692,-1.90546441078186,-5.45566082000732,7.58475399017334,-0.0232171267271042,-0.0210402458906174,0.0513321608304977,0.365833073854446,-3.98443579673767,9.23595809936523,0.796390175819397,-0.527613580226898,-0.0888080149888992,0.199563518166542,-11.9039192199707,-1.59076344966888,0.415466278791428,0.15396486222744,-0.058266531676054,87.51144723,-100.155038166,-4.057728554,-0.595249361930279,0.739680837716665,2.3423902142232
-24.871826171875,6.561279296875,-336.9140625,-28.7628173828125,-10.986328125,-400.848388671875,4.47116279602051,-8.19057941436768,-6.65314912796021,-0.280398994684219,0.304790735244751,-0.200092971324921,-1.89169836044312,-5.45191955566406,7.59005355834961,-0.02377356775105,-0.0212468169629574,0.050233107060194,0.368359923362732,-4.00243520736694,9.25191974639893,0.79509025812149,-0.529319703578949,-0.0891244858503342,0.201396554708481,-11.893780708313,-1.61735582351685,0.420062184333801,0.153475761413574,-0.0580047145485878,87.5112924675,-100.1552724425,-4.0577642725,-0.596110041339224,0.739934500367393,2.33977092383756
-24.71923828125,6.37054443359375,-337.066650390625,-28.9154052734375,-10.986328125,-400.772094726563,4.46885824203491,-8.22738838195801,-6.64872980117798,-0.279820114374161,0.31005010008812,-0.198971465229988,-1.87793219089508,-5.4481782913208,7.59535360336304,-0.0243300069123507,-0.0214533880352974,0.0491340532898903,0.370886743068695,-4.02043437957764,9.26788139343262,0.793790400028229,-0.531025826931,-0.0894409567117691,0.203229606151581,-11.883641242981,-1.6439483165741,0.424658089876175,0.152986660599709,-0.0577428936958313,87.511137705,-100.155506719,-4.057799991,-0.596970720748168,0.740188163018122,2.33715163345191
-24.566650390625,6.1798095703125,-337.21923828125,-29.0679931640625,-10.986328125,-400.69580078125,4.46655416488647,-8.26419734954834,-6.64430999755859,-0.279241234064102,0.315309464931488,-0.197849974036217,-1.86416614055634,-5.44443702697754,7.60065317153931,-0.0248864460736513,-0.0216599591076374,0.0480349995195866,0.373413592576981,-4.03843402862549,9.28384304046631,0.792490541934967,-0.532731950283051,-0.089757427573204,0.20506264269352,-11.8735027313232,-1.67054080963135,0.429253965616226,0.152497559785843,-0.0574810765683651,87.5109829425,-100.1557409955,-4.0578357095,-0.597831400157113,0.74044182566885,2.33453234306627
-24.6810913085938,6.256103515625,-337.066650390625,-29.1824340820313,-11.1770629882813,-400.466918945313,4.46424961090088,-8.30100631713867,-6.63989019393921,-0.278662353754044,0.320568829774857,-0.196728467941284,-1.85040009021759,-5.44069576263428,7.60595321655273,-0.025442885234952,-0.0218665301799774,0.0469359457492828,0.375940412282944,-4.05643320083618,9.2998046875,0.791190624237061,-0.534438073635101,-0.090073898434639,0.206895679235458,-11.8633642196655,-1.6971333026886,0.4338498711586,0.152008458971977,-0.0572192557156086,87.51082818,-100.155975272,-4.057871428,-0.598692079566058,0.740695488319578,2.33191305268063
-24.7955322265625,6.3323974609375,-336.9140625,-29.296875,-11.3677978515625,-400.238037109375,4.46194505691528,-8.337815284729,-6.63547086715698,-0.278083443641663,0.325828194618225,-0.195606961846352,-1.83663392066956,-5.43695497512817,7.61125326156616,-0.0259993243962526,-0.0220730993896723,0.0458368919789791,0.378467261791229,-4.07443284988403,9.31576633453369,0.789890766143799,-0.536144256591797,-0.0903903692960739,0.208728730678558,-11.8532247543335,-1.72372579574585,0.438445776700974,0.151519358158112,-0.0569574385881424,87.5106734175,-100.1562095485,-4.0579071465,-0.599552758975002,0.740949150970307,2.32929376229498
-24.8336791992188,6.37054443359375,-336.837768554688,-29.296875,-11.444091796875,-400.08544921875,4.45964097976685,-8.37462425231934,-6.6310510635376,-0.277504563331604,0.331087559461594,-0.19448547065258,-1.82286787033081,-5.43321371078491,7.61655282974243,-0.0265557654201984,-0.0222796704620123,0.0447378382086754,0.380994081497192,-4.09243202209473,9.33172798156738,0.788590908050537,-0.537850379943848,-0.0907068401575089,0.210561767220497,-11.8430862426758,-1.7503182888031,0.443041682243347,0.151030257344246,-0.0566956177353859,87.510518655,-100.156443825,-4.057942865,-0.600413438383947,0.741202813621035,2.32667447190934
-24.871826171875,6.40869140625,-336.761474609375,-29.296875,-11.5203857421875,-399.932861328125,4.45733642578125,-8.41143321990967,-6.62663125991821,-0.276925683021545,0.336346924304962,-0.193363964557648,-1.80910170078278,-5.42947244644165,7.62185287475586,-0.0271122045814991,-0.0224862415343523,0.0436387844383717,0.383520931005478,-4.11043119430542,9.34768962860107,0.787290990352631,-0.539556503295898,-0.0910233110189438,0.212394803762436,-11.8329477310181,-1.77691078186035,0.447637587785721,0.15054115653038,-0.0564338006079197,87.5103638925,-100.1566781015,-4.0579785835,-0.601274117792892,0.741456476271764,2.3240551815237
-24.4903564453125,6.44683837890625,-336.837768554688,-29.2205810546875,-11.444091796875,-399.856567382813,4.44717216491699,-8.44238090515137,-6.62620306015015,-0.27545291185379,0.340736746788025,-0.192403897643089,-1.7989501953125,-5.42455339431763,7.62813997268677,-0.0282725244760513,-0.0224281251430511,0.0427776798605919,0.38221088051796,-4.13219356536865,9.36090755462646,0.786577224731445,-0.541224598884583,-0.0904838591814041,0.211607739329338,-11.8237762451172,-1.80159974098206,0.451453983783722,0.150257185101509,-0.0562062226235867,87.51020913,-100.156912378,-4.058014302,-0.602134797201836,0.741710138922492,2.32143589113805
-24.10888671875,6.4849853515625,-336.9140625,-29.144287109375,-11.3677978515625,-399.7802734375,4.42914724349976,-8.46746730804443,-6.62976551055908,-0.273086279630661,0.344257026910782,-0.191605240106583,-1.7924131155014,-5.41845607757568,7.63541507720947,-0.03003672324121,-0.0221053194254637,0.0421545244753361,0.377063930034637,-4.15771818161011,9.37137985229492,0.786449491977692,-0.542854726314545,-0.0890884920954704,0.208200573921204,-11.8155717849731,-1.82438516616821,0.454490929841995,0.150178357958794,-0.0560128912329674,87.5100543675,-100.1571466545,-4.0580500205,-0.602995476610781,0.74196380157322,2.31881660075241
-24.0707397460938,6.3323974609375,-336.837768554688,-29.1824340820313,-11.5203857421875,-399.856567382813,4.41112279891968,-8.49255466461182,-6.63332843780518,-0.270719617605209,0.347777307033539,-0.190806597471237,-1.7858761548996,-5.4123592376709,7.64269018173218,-0.0318009220063686,-0.0217825155705214,0.0415313690900803,0.371916979551315,-4.18324279785156,9.38185214996338,0.786321759223938,-0.544484853744507,-0.0876931175589561,0.204793393611908,-11.8073673248291,-1.84717059135437,0.457527875900269,0.150099530816078,-0.0558195598423481,87.509899605,-100.157380931,-4.058085739,-0.603856156019726,0.742217464223949,2.31619731036677
-24.0325927734375,6.1798095703125,-336.761474609375,-29.2205810546875,-11.6729736328125,-399.932861328125,4.39309787750244,-8.51764106750488,-6.63689088821411,-0.268352955579758,0.351297587156296,-0.190007939934731,-1.7793390750885,-5.40626192092896,7.64996528625488,-0.0335651226341724,-0.0214597098529339,0.0409082137048244,0.366770058870316,-4.20876741409302,9.39232444763184,0.786194026470184,-0.546114921569824,-0.0862977504730225,0.201386228203773,-11.7991628646851,-1.86995589733124,0.460564821958542,0.150020688772202,-0.0556262247264385,87.5097448425,-100.1576152075,-4.0581214575,-0.60471683542867,0.742471126874677,2.31357801998112
-24.10888671875,6.256103515625,-336.990356445313,-29.3731689453125,-11.6729736328125,-399.932861328125,4.37507343292236,-8.54272842407227,-6.64045381546021,-0.265986323356628,0.354817867279053,-0.189209282398224,-1.7728019952774,-5.40016508102417,7.65724039077759,-0.0353293232619762,-0.0211369059979916,0.0402850583195686,0.361623108386993,-4.23429250717163,9.40279674530029,0.786066353321075,-0.547745048999786,-0.0849023759365082,0.197979062795639,-11.790958404541,-1.8927413225174,0.463601768016815,0.149941861629486,-0.0554328933358192,87.50959008,-100.157849484,-4.058157176,-0.605577514837615,0.742724789525405,2.31095872959548
-24.1851806640625,6.3323974609375,-337.21923828125,-29.5257568359375,-11.6729736328125,-399.932861328125,4.35704851150513,-8.56781578063965,-6.64401626586914,-0.263619661331177,0.358338117599487,-0.188410639762878,-1.7662650346756,-5.39406776428223,7.66451549530029,-0.0370935201644897,-0.0208141002804041,0.0396619029343128,0.356476157903671,-4.25981712341309,9.41326904296875,0.785938620567322,-0.549375176429749,-0.0835070088505745,0.194571882486343,-11.782753944397,-1.91552674770355,0.466638714075089,0.149863034486771,-0.0552395619452,87.5094353175,-100.1580837605,-4.0581928945,-0.60643819424656,0.742978452176134,2.30833943920983
-24.10888671875,6.3323974609375,-336.9140625,-29.6401977539063,-11.90185546875,-399.627685546875,4.33902406692505,-8.59290218353271,-6.64757919311523,-0.261252999305725,0.361858397722244,-0.187611982226372,-1.7597279548645,-5.38797092437744,7.671790599823,-0.0388577207922935,-0.0204912964254618,0.039038747549057,0.351329237222672,-4.28534173965454,9.42374134063721,0.785810887813568,-0.551005244255066,-0.0821116343140602,0.191164717078209,-11.7745494842529,-1.93831217288971,0.469675660133362,0.149784207344055,-0.0550462268292904,87.509280555,-100.158318037,-4.058228613,-0.607298873655504,0.743232114826862,2.30572014882419
-24.0325927734375,6.3323974609375,-336.60888671875,-29.754638671875,-12.1307373046875,-399.322509765625,4.32099914550781,-8.6179895401001,-6.65114164352417,-0.258886367082596,0.365378677845001,-0.186813339591026,-1.7531909942627,-5.3818736076355,7.6790657043457,-0.0406219214200974,-0.0201684907078743,0.0384155921638012,0.346182286739349,-4.310866355896,9.43421363830566,0.785683155059814,-0.552635371685028,-0.0807162672281265,0.187757536768913,-11.7663450241089,-1.96109759807587,0.472712606191635,0.14970538020134,-0.0548528954386711,87.5091257925,-100.1585523135,-4.0582643315,-0.608159553064449,0.74348577747759,2.30310085843855
-23.9181518554688,6.29425048828125,-336.60888671875,-29.5639038085938,-12.0925903320313,-399.169921875,4.30297470092773,-8.64307594299316,-6.65470457077026,-0.256519705057144,0.368898957967758,-0.18601468205452,-1.7466539144516,-5.37577676773071,7.68634080886841,-0.0423861183226109,-0.019845686852932,0.0377924367785454,0.341035336256027,-4.33639144897461,9.44468593597412,0.785555481910706,-0.55426549911499,-0.0793208926916122,0.184350371360779,-11.7581405639648,-1.98388302326202,0.475749552249908,0.149626553058624,-0.0546595640480518,87.50897103,-100.15878659,-4.05830005,-0.609020232473394,0.743739440128319,2.3004815680529
-23.8037109375,6.256103515625,-336.60888671875,-29.3731689453125,-12.054443359375,-399.017333984375,4.2849497795105,-8.66816329956055,-6.6582670211792,-0.254153072834015,0.372419238090515,-0.185216024518013,-1.7401168346405,-5.36967945098877,7.69361591339111,-0.0441503189504147,-0.0195228811353445,0.0371692851185799,0.335888415575027,-4.36191606521606,9.45515823364258,0.785427749156952,-0.555895566940308,-0.0779255256056786,0.180943205952644,-11.7499361038208,-2.00666832923889,0.478786498308182,0.149547725915909,-0.0544662289321423,87.557134132,-100.2838818995,-4.0592048625,-0.609421891023056,0.743630236856725,2.2969681557748
-23.8037109375,6.103515625,-336.837768554688,-29.4113159179688,-11.90185546875,-398.941040039063,4.26692533493042,-8.69324970245361,-6.66182994842529,-0.251786410808563,0.375939518213272,-0.184417381882668,-1.7335798740387,-5.36358261108398,7.70089101791382,-0.0459145195782185,-0.0192000772804022,0.0365461297333241,0.330741465091705,-4.38744068145752,9.46563053131104,0.785300016403198,-0.55752569437027,-0.0765301510691643,0.177536025643349,-11.7417316436768,-2.02945375442505,0.481823444366455,0.149468883872032,-0.054272897541523,87.605297234,-100.408977209,-4.060109675,-0.609823549572718,0.743521033585132,2.29345474349669
-23.8037109375,5.950927734375,-337.066650390625,-29.449462890625,-11.749267578125,-398.86474609375,4.24890041351318,-8.718337059021,-6.66539239883423,-0.249419763684273,0.379459768533707,-0.183618724346161,-1.7270427942276,-5.35748529434204,7.70816612243652,-0.0476787202060223,-0.0188772715628147,0.0359229743480682,0.325594514608383,-4.41296529769897,9.47610282897949,0.785172283649445,-0.559155821800232,-0.0751347839832306,0.174128860235214,-11.7335271835327,-2.05223917961121,0.484860390424728,0.149390056729317,-0.0540795661509037,87.653460336,-100.5340725185,-4.0610144875,-0.610225208122381,0.743411830313539,2.28994133121858
-23.8418579101563,6.21795654296875,-336.761474609375,-29.754638671875,-11.90185546875,-398.483276367188,4.23087596893311,-8.74342346191406,-6.66895532608032,-0.247053101658821,0.382980048656464,-0.182820081710815,-1.72050583362579,-5.35138845443726,7.71544122695923,-0.0494429171085358,-0.0185544677078724,0.0352998189628124,0.320447593927383,-4.43849039077759,9.48657512664795,0.785044610500336,-0.560785889625549,-0.0737394094467163,0.170721679925919,-11.7253227233887,-2.07502460479736,0.487897336483002,0.149311229586601,-0.0538862310349941,87.701623438,-100.659167828,-4.0619193,-0.610626866672043,0.743302627041945,2.28642791894047
-23.8800048828125,6.4849853515625,-336.456298828125,-30.059814453125,-12.054443359375,-398.101806640625,4.21285104751587,-8.76851081848145,-6.67251777648926,-0.244686454534531,0.386500328779221,-0.182021424174309,-1.7139687538147,-5.34529113769531,7.72271633148193,-0.0512071177363396,-0.0182316619902849,0.0346766635775566,0.315300643444061,-4.46401500701904,9.49704742431641,0.784916877746582,-0.562416017055511,-0.0723440423607826,0.167314514517784,-11.7171182632446,-2.09781002998352,0.490934282541275,0.149232402443886,-0.0536928996443748,87.74978654,-100.7842631375,-4.0628241125,-0.611028525221705,0.743193423770352,2.28291450666237
-23.7655639648438,6.21795654296875,-336.227416992188,-29.7164916992188,-12.1688842773438,-398.330688476563,4.18407917022705,-8.77560234069824,-6.67796516418457,-0.242903247475624,0.387257009744644,-0.181860879063606,-1.71429753303528,-5.34513854980469,7.72319030761719,-0.0530737526714802,-0.0172275695949793,0.0346127934753895,0.313387364149094,-4.49465322494507,9.48752784729004,0.783976674079895,-0.563382685184479,-0.0709147229790688,0.156665876507759,-11.7013559341431,-2.11473441123962,0.493004620075226,0.14951953291893,-0.0538402050733566,87.797949642,-100.909358447,-4.063728925,-0.611430183771368,0.743084220498759,2.27940109438426
-23.651123046875,5.950927734375,-335.99853515625,-29.3731689453125,-12.2833251953125,-398.5595703125,4.15530776977539,-8.78269386291504,-6.68341255187988,-0.241120055317879,0.388013660907745,-0.181700348854065,-1.71462631225586,-5.3449854850769,7.72366380691528,-0.0549403876066208,-0.0162234771996737,0.0345489233732224,0.311474055051804,-4.52529191970825,9.47800731658936,0.783036470413208,-0.564349412918091,-0.0694853961467743,0.146017253398895,-11.6855945587158,-2.13165879249573,0.495074927806854,0.149806663393974,-0.0539875105023384,87.846112744,-101.0344537565,-4.0646337375,-0.61183184232103,0.742975017227166,2.27588768210615
-23.6892700195313,5.950927734375,-335.845947265625,-29.3731689453125,-12.359619140625,-398.5595703125,4.12653589248657,-8.78978443145752,-6.6888599395752,-0.239336848258972,0.388770341873169,-0.181539803743362,-1.71495521068573,-5.34483289718628,7.72413778305054,-0.0568070188164711,-0.0152193857356906,0.0344850495457649,0.309560775756836,-4.55593013763428,9.46848773956299,0.782096207141876,-0.565316081047058,-0.0680560767650604,0.13536861538887,-11.6698322296143,-2.14858317375183,0.497145265340805,0.150093793869019,-0.0541348159313202,87.894275846,-101.159549066,-4.06553855,-0.612233500870693,0.742865813955572,2.27237426982804
-23.7274169921875,5.950927734375,-335.693359375,-29.3731689453125,-12.4359130859375,-398.5595703125,4.09776401519775,-8.79687595367432,-6.69430685043335,-0.237553656101227,0.38952699303627,-0.18137925863266,-1.71528398990631,-5.34468030929565,7.72461175918579,-0.0586736537516117,-0.014215293340385,0.0344211794435978,0.307647496461868,-4.58656883239746,9.45896816253662,0.781156003475189,-0.566282749176025,-0.0666267573833466,0.124719984829426,-11.654070854187,-2.16550779342651,0.499215602874756,0.150380924344063,-0.054282121360302,87.942438948,-101.2846443755,-4.0664433625,-0.612635159420355,0.742756610683979,2.26886085754993
-23.6892700195313,5.98907470703125,-335.769653320313,-29.4876098632813,-12.4359130859375,-398.178100585938,4.06899213790894,-8.80396747589111,-6.69975423812866,-0.23577044904232,0.390283674001694,-0.181218713521957,-1.71561276912689,-5.34452724456787,7.72508525848389,-0.0605402886867523,-0.0132112018764019,0.0343573093414307,0.305734187364578,-4.61720705032349,9.44944858551025,0.780215799808502,-0.567249476909637,-0.0651974305510521,0.114071354269981,-11.6383085250854,-2.18243217468262,0.501285910606384,0.150668054819107,-0.0544294267892838,87.99060205,-101.409739685,-4.067348175,-0.613036817970017,0.742647407412386,2.26534744527183
-23.651123046875,6.0272216796875,-335.845947265625,-29.60205078125,-12.4359130859375,-397.796630859375,4.04022073745728,-8.81105899810791,-6.70520162582397,-0.233987241983414,0.391040325164795,-0.181058183312416,-1.71594154834747,-5.34437465667725,7.72555923461914,-0.0624069236218929,-0.0122071094810963,0.0342934392392635,0.303820908069611,-4.64784574508667,9.43992805480957,0.779275596141815,-0.568216145038605,-0.0637681111693382,0.103422716259956,-11.6225471496582,-2.19935655593872,0.503356218338013,0.150955185294151,-0.0545767322182655,88.038765152,-101.5348349945,-4.0682529875,-0.613438476519679,0.742538204140792,2.26183403299372
-23.49853515625,5.8746337890625,-335.693359375,-29.449462890625,-12.5503540039063,-397.872924804688,4.01144886016846,-8.81814956665039,-6.71064901351929,-0.232204049825668,0.391797006130219,-0.180897638201714,-1.71627044677734,-5.34422159194946,7.72603273391724,-0.0642735585570335,-0.0112030180171132,0.0342295691370964,0.301907628774643,-4.6784839630127,9.4304084777832,0.778335332870483,-0.569182872772217,-0.0623387880623341,0.0927740857005119,-11.6067848205566,-2.21628093719482,0.505426585674286,0.151242315769196,-0.054724033921957,88.086928254,-101.659930304,-4.0691578,-0.613840135069342,0.742429000869199,2.25832062071561
-23.345947265625,5.7220458984375,-335.540771484375,-29.296875,-12.664794921875,-397.94921875,3.98267698287964,-8.82524108886719,-6.7160964012146,-0.230420842766762,0.39255365729332,-0.180737093091011,-1.71659922599792,-5.34406900405884,7.72650671005249,-0.0661401897668839,-0.0101989256218076,0.0341656990349293,0.299994319677353,-4.70912265777588,9.42088890075684,0.777395129203796,-0.570149540901184,-0.0609094649553299,0.0821254551410675,-11.5910234451294,-2.23320531845093,0.507496893405914,0.15152944624424,-0.0548713393509388,88.135091356,-101.7850256135,-4.0700626125,-0.614241793619004,0.742319797597606,2.2548072084375
-23.345947265625,5.950927734375,-335.311889648438,-29.2587280273438,-12.7410888671875,-397.720336914063,3.9539053440094,-8.83233261108398,-6.72154378890991,-0.228637650609016,0.393310338258743,-0.18057656288147,-1.71692800521851,-5.34391641616821,7.72698068618774,-0.0680068284273148,-0.00919483322650194,0.0341018252074718,0.298081040382385,-4.7397608757019,9.41136837005615,0.776454925537109,-0.571116209030151,-0.0594801418483257,0.0714768245816231,-11.5752611160278,-2.25012969970703,0.509567260742188,0.151816576719284,-0.0550186447799206,88.183254458,-101.910120923,-4.070967425,-0.614643452168666,0.742210594326012,2.25129379615939
-23.345947265625,6.1798095703125,-335.0830078125,-29.2205810546875,-12.8173828125,-397.491455078125,3.92513346672058,-8.83942413330078,-6.72699117660522,-0.22685444355011,0.394067019224167,-0.180416017770767,-1.71725678443909,-5.34376335144043,7.72745418548584,-0.0698734596371651,-0.00819074176251888,0.0340379551053047,0.296167761087418,-4.77039957046509,9.40184879302979,0.775514721870422,-0.572082936763763,-0.0580508224666119,0.0608281902968884,-11.5594987869263,-2.26705408096313,0.511637568473816,0.152103707194328,-0.0551659502089024,88.23141756,-102.0352162325,-4.0718722375,-0.615045110718329,0.742101391054419,2.24778038388129
-23.3078002929688,5.98907470703125,-334.77783203125,-29.2587280273438,-12.664794921875,-397.262573242188,3.89636182785034,-8.84651565551758,-6.73243808746338,-0.225071236491203,0.394823670387268,-0.180255472660065,-1.71758556365967,-5.3436107635498,7.72792816162109,-0.0717400908470154,-0.00718664936721325,0.0339740850031376,0.294254451990128,-4.80103778839111,9.39232921600342,0.774574518203735,-0.573049604892731,-0.0566214993596077,0.0501795560121536,-11.543737411499,-2.28397870063782,0.513707876205444,0.152390837669373,-0.0553132556378841,88.279580662,-102.160311542,-4.07277705,-0.615446769267991,0.741992187782826,2.24426697160318
-23.2696533203125,5.79833984375,-334.47265625,-29.296875,-12.51220703125,-397.03369140625,3.86758995056152,-8.85360622406006,-6.73788547515869,-0.223288044333458,0.395580351352692,-0.180094942450523,-1.71791446208954,-5.34345817565918,7.72840213775635,-0.0736067295074463,-0.0061825574375689,0.0339102149009705,0.29234117269516,-4.8316764831543,9.38280868530273,0.773634254932404,-0.574016273021698,-0.0551921762526035,0.0395309254527092,-11.5279750823975,-2.30090308189392,0.515778183937073,0.152677968144417,-0.0554605610668659,88.327743764,-102.2854068515,-4.0736818625,-0.615848427817653,0.741882984511232,2.24075355932507
-23.2315063476563,5.950927734375,-334.320068359375,-29.2587280273438,-12.5885009765625,-396.881103515625,3.83881831169128,-8.86069774627686,-6.743332862854,-0.221504837274551,0.396337002515793,-0.179934397339821,-1.71824324131012,-5.3433051109314,7.72887563705444,-0.0754733607172966,-0.00517846550792456,0.0338463447988033,0.290427893400192,-4.86231470108032,9.37328910827637,0.772694051265717,-0.57498300075531,-0.0537628531455994,0.0288822930306196,-11.5122137069702,-2.31782746315002,0.517848551273346,0.152965098619461,-0.0556078664958477,88.375906866,-102.410502161,-4.074586675,-0.616250086367316,0.741773781239639,2.23724014704696
-23.193359375,6.103515625,-334.16748046875,-29.2205810546875,-12.664794921875,-396.728515625,3.81037569046021,-8.85715484619141,-6.74661827087402,-0.219345927238464,0.395260453224182,-0.180189579725266,-1.71751058101654,-5.34699678421021,7.72712802886963,-0.0770082622766495,-0.0038717279676348,0.0338538214564323,0.289116561412811,-4.89085054397583,9.35545539855957,0.771501839160919,-0.575525045394897,-0.052683100104332,0.0178998000919819,-11.4958372116089,-2.32123494148254,0.519433200359344,0.153915643692017,-0.0557692684233189,88.424069968,-102.5355974705,-4.0754914875,-0.616651744916978,0.741664577968046,2.23372673476886
-23.3840942382813,6.06536865234375,-334.091186523438,-29.3350219726563,-12.8555297851563,-396.728515625,3.78226208686829,-8.84297847747803,-6.74774217605591,-0.216811314225197,0.392350703477859,-0.180860489606857,-1.7157164812088,-5.35453319549561,7.7231593132019,-0.0782114267349243,-0.00226234528236091,0.0339326523244381,0.288407176733017,-4.91728401184082,9.32930660247803,0.770057559013367,-0.57564240694046,-0.051952913403511,0.00658344896510243,-11.4788455963135,-2.3111252784729,0.520532250404358,0.155529618263245,-0.0559447631239891,88.47223307,-102.66069278,-4.0763963,-0.61705340346664,0.741555374696452,2.23021332249075
-23.5748291015625,6.0272216796875,-334.014892578125,-29.449462890625,-13.0462646484375,-396.728515625,3.75414848327637,-8.82880115509033,-6.74886560440063,-0.214276701211929,0.389440953731537,-0.181531384587288,-1.71392238140106,-5.36206960678101,7.71919059753418,-0.0794145837426186,-0.000652962480671704,0.0340114794671535,0.287697792053223,-4.94371747970581,9.3031587600708,0.768613338470459,-0.575759828090668,-0.0512227267026901,-0.00473290262743831,-11.4618539810181,-2.30101561546326,0.521631240844727,0.157143607735634,-0.0561202615499496,88.4717927605,-102.660795593,-4.076477572,-0.616275546818762,0.74107499820037,2.22618901226437
-23.49853515625,6.06536865234375,-333.633422851563,-29.60205078125,-12.9318237304688,-396.499633789063,3.72603511810303,-8.81462383270264,-6.74998950958252,-0.211742088198662,0.386531203985214,-0.18220229446888,-1.71212828159332,-5.36960601806641,7.7152214050293,-0.0806177482008934,0.000956420262809843,0.0340903103351593,0.286988437175751,-4.9701509475708,9.27700996398926,0.767169058322906,-0.57587718963623,-0.0504925437271595,-0.0160492528229952,-11.4448623657227,-2.29090619087219,0.52273029088974,0.158757582306862,-0.0562957599759102,88.471352451,-102.660898406,-4.076558844,-0.615497690170883,0.740594621704287,2.22216470203799
-23.4222412109375,6.103515625,-333.251953125,-29.754638671875,-12.8173828125,-396.270751953125,3.69792151451111,-8.80044746398926,-6.75111293792725,-0.209207475185394,0.383621454238892,-0.182873204350471,-1.71033418178558,-5.37714242935181,7.71125268936157,-0.0818209126591682,0.00256580300629139,0.0341691412031651,0.286279052495956,-4.99658393859863,9.25086212158203,0.765724837779999,-0.575994610786438,-0.0497623570263386,-0.0273656044155359,-11.4278707504272,-2.28079652786255,0.523829281330109,0.16037155687809,-0.0564712546765804,88.4709121415,-102.661001219,-4.076640116,-0.614719833523004,0.740114245208204,2.21814039181161
-23.2696533203125,5.98907470703125,-332.870483398438,-29.5257568359375,-12.9318237304688,-396.041870117188,3.66980791091919,-8.78627014160156,-6.75223636627197,-0.206672862172127,0.380711704492569,-0.183544114232063,-1.70854008197784,-5.38467884063721,7.70728397369385,-0.0830240771174431,0.00417518569156528,0.0342479683458805,0.285569667816162,-5.02301740646362,9.22471332550049,0.764280617237091,-0.576111972332001,-0.0490321703255177,-0.0386819578707218,-11.4108800888062,-2.27068686485291,0.524928331375122,0.161985531449318,-0.056646753102541,88.470471832,-102.661104032,-4.076721388,-0.613941976875125,0.739633868712122,2.21411608158523
-23.1170654296875,5.8746337890625,-332.489013671875,-29.296875,-13.0462646484375,-395.81298828125,3.64169454574585,-8.77209281921387,-6.75336027145386,-0.204138249158859,0.377801954746246,-0.184215024113655,-1.7067459821701,-5.39221525192261,7.70331478118896,-0.0842272415757179,0.00578456837683916,0.0343267992138863,0.28486031293869,-5.04945087432861,9.19856548309326,0.762836337089539,-0.576229393482208,-0.0483019836246967,-0.0499983094632626,-11.3938884735107,-2.26057744026184,0.526027321815491,0.163599506020546,-0.0568222515285015,88.4700315225,-102.661206845,-4.07680266,-0.613164120227246,0.739153492216039,2.21009177135885
-23.193359375,6.06536865234375,-332.33642578125,-29.2587280273438,-12.8936767578125,-395.736694335938,3.61358094215393,-8.75791645050049,-6.75448369979858,-0.201603636145592,0.374892204999924,-0.184885919094086,-1.70495176315308,-5.39975166320801,7.69934606552124,-0.0854303985834122,0.00739395106211305,0.0344056263566017,0.284150928258896,-5.0758843421936,9.17241668701172,0.761392116546631,-0.576346755027771,-0.0475717969238758,-0.061314657330513,-11.3768968582153,-2.2504677772522,0.527126371860504,0.165213495492935,-0.0569977462291718,88.469591213,-102.661309658,-4.076883932,-0.612386263579367,0.738673115719957,2.20606746113247
-23.2696533203125,6.256103515625,-332.183837890625,-29.2205810546875,-12.7410888671875,-395.660400390625,3.58546733856201,-8.74373912811279,-6.75560760498047,-0.199069023132324,0.371982455253601,-0.185556828975677,-1.70315766334534,-5.40728807449341,7.69537734985352,-0.086633563041687,0.00900333374738693,0.0344844572246075,0.283441543579102,-5.10231733322144,9.14626884460449,0.759947836399078,-0.576464176177979,-0.0468416102230549,-0.0726310089230537,-11.3599052429199,-2.24035811424255,0.528225362300873,0.166827470064163,-0.0571732446551323,88.4691509035,-102.661412471,-4.076965204,-0.611608406931488,0.738192739223874,2.20204315090609
-23.2696533203125,6.14166259765625,-331.878662109375,-29.296875,-13.0081176757813,-395.355224609375,3.55735397338867,-8.72956275939941,-6.7567310333252,-0.196534395217896,0.369072675704956,-0.186227738857269,-1.7013635635376,-5.41482448577881,7.69140815734863,-0.0878367274999619,0.0106127168983221,0.0345632880926132,0.28273218870163,-5.12875080108643,9.12012004852295,0.758503615856171,-0.576581537723541,-0.046111423522234,-0.0839473605155945,-11.3429136276245,-2.23024868965149,0.529324412345886,0.168441444635391,-0.0573487393558025,88.468710594,-102.661515284,-4.077046476,-0.61083055028361,0.737712362727791,2.19801884067971
-23.2696533203125,6.0272216796875,-331.573486328125,-29.3731689453125,-13.275146484375,-395.050048828125,3.52924036979675,-8.71538543701172,-6.75785493850708,-0.193999782204628,0.366162925958633,-0.186898648738861,-1.69956946372986,-5.42236089706421,7.68743944168091,-0.0890398919582367,0.0122220991179347,0.0346421152353287,0.282022804021835,-5.15518426895142,9.09397220611572,0.757059335708618,-0.576698958873749,-0.0453812405467033,-0.0952637121081352,-11.3259220123291,-2.22013902664185,0.530423402786255,0.170055419206619,-0.0575242377817631,88.4682702845,-102.661618097,-4.077127748,-0.610052693635731,0.737231986231709,2.19399453045333
-23.193359375,6.21795654296875,-331.192016601563,-29.3731689453125,-13.2369995117188,-395.050048828125,3.50112676620483,-8.70120811462402,-6.75897836685181,-0.19146516919136,0.363253176212311,-0.187569543719292,-1.69777536392212,-5.42989730834961,7.68347072601318,-0.0902430489659309,0.0138314822688699,0.0347209461033344,0.281313419342041,-5.18161773681641,9.06782341003418,0.75561511516571,-0.576816320419312,-0.0446510538458824,-0.106580063700676,-11.308931350708,-2.2100293636322,0.531522452831268,0.171669408679008,-0.0576997362077236,88.467829975,-102.66172091,-4.07720902,-0.609274836987852,0.736751609735626,2.18997022022695
-23.1170654296875,6.40869140625,-330.810546875,-29.3731689453125,-13.1988525390625,-395.050048828125,3.47301340103149,-8.68703174591064,-6.76010227203369,-0.188930556178093,0.360343426465988,-0.188240453600883,-1.69598126411438,-5.43743371963501,7.6795015335083,-0.0914462134242058,0.0154408644884825,0.0347997732460499,0.280604064464569,-5.20805072784424,9.04167556762695,0.754170835018158,-0.576933741569519,-0.0439208671450615,-0.117896415293217,-11.2919397354126,-2.19991993904114,0.532621443271637,0.173283383250237,-0.0578752309083939,88.4673896655,-102.661823723,-4.077290292,-0.608496980339973,0.736271233239543,2.18594591000057
-23.1170654296875,6.3323974609375,-330.581665039063,-29.2205810546875,-13.1988525390625,-394.8974609375,3.44489979743958,-8.67285442352295,-6.76122570037842,-0.186395943164825,0.357433676719666,-0.188911363482475,-1.69418716430664,-5.44497013092041,7.67553281784058,-0.0926493778824806,0.0170502476394176,0.0348786041140556,0.279894679784775,-5.23448419570923,9.01552677154541,0.75272661447525,-0.577051103115082,-0.0431906804442406,-0.129212766885757,-11.2749481201172,-2.18981027603149,0.53372049331665,0.174897357821465,-0.0580507293343544,88.466949356,-102.661926536,-4.077371564,-0.607719123692094,0.735790856743461,2.18192159977419
-23.1170654296875,6.256103515625,-330.352783203125,-29.0679931640625,-13.1988525390625,-394.744873046875,3.41347122192383,-8.63805770874023,-6.75656032562256,-0.183740928769112,0.349441200494766,-0.189717531204224,-1.69875919818878,-5.45089912414551,7.66104221343994,-0.0933082476258278,0.0183576215058565,0.0349574387073517,0.275617659091949,-5.25684356689453,8.9855375289917,0.750801861286163,-0.576789319515228,-0.0418459437787533,-0.139934122562408,-11.2640399932861,-2.17234945297241,0.535258591175079,0.177051156759262,-0.0582693889737129,88.4665090465,-102.662029349,-4.077452836,-0.606941267044215,0.735310480247378,2.17789728954781
-23.0789184570313,6.52313232421875,-329.89501953125,-29.2205810546875,-13.3514404296875,-394.59228515625,3.38204264640808,-8.60326099395752,-6.7518949508667,-0.181085929274559,0.341448694467545,-0.190523698925972,-1.70333135128021,-5.45682811737061,7.64655113220215,-0.093967117369175,0.0196649953722954,0.0350362695753574,0.271340608596802,-5.27920293807983,8.95554828643799,0.748877048492432,-0.57652747631073,-0.0405012033879757,-0.150655478239059,-11.2531318664551,-2.15488886833191,0.536796629428864,0.17920495569706,-0.0584880448877811,88.466068737,-102.662132162,-4.077534108,-0.606163410396337,0.734830103751296,2.17387297932143
-23.040771484375,6.7901611328125,-329.437255859375,-29.3731689453125,-13.5040283203125,-394.439697265625,3.35061407089233,-8.5684642791748,-6.74722957611084,-0.178430914878845,0.333456218242645,-0.19132986664772,-1.70790338516235,-5.46275758743286,7.63206052780151,-0.0946259871125221,0.0209723692387342,0.0351151041686535,0.267063587903976,-5.30156183242798,8.92555904388428,0.746952295303345,-0.576265692710876,-0.0391564667224884,-0.161376819014549,-11.2422246932983,-2.13742804527283,0.538334727287292,0.181358754634857,-0.0587067045271397,88.4656284275,-102.662234975,-4.07761538,-0.605385553748458,0.734349727255213,2.16984866909505
-23.0026245117188,6.67572021484375,-328.9794921875,-29.296875,-13.427734375,-393.98193359375,3.31918549537659,-8.53366756439209,-6.74256420135498,-0.175775915384293,0.325463712215424,-0.192136034369469,-1.71247541904449,-5.46868658065796,7.61756992340088,-0.0952848643064499,0.0222797431051731,0.0351939350366592,0.262786537408829,-5.32392120361328,8.89556980133057,0.745027482509613,-0.576003849506378,-0.0378117300570011,-0.1720981746912,-11.2313165664673,-2.11996746063232,0.539872825145721,0.183512553572655,-0.0589253641664982,88.465188118,-102.662337788,-4.077696652,-0.604607697100579,0.73386935075913,2.16582435886867
-22.9644775390625,6.561279296875,-328.521728515625,-29.2205810546875,-13.3514404296875,-393.524169921875,3.28775668144226,-8.49887180328369,-6.73789882659912,-0.173120900988579,0.317471235990524,-0.192942216992378,-1.71704745292664,-5.47461557388306,7.60307931900024,-0.0959437340497971,0.023587116971612,0.0352727696299553,0.258509516716003,-5.34628057479858,8.86558055877686,0.743102729320526,-0.575742065906525,-0.0364669933915138,-0.182819530367851,-11.2204084396362,-2.10250663757324,0.541410863399506,0.185666352510452,-0.0591440238058567,88.4647478085,-102.662440601,-4.077777924,-0.6038298404527,0.733388974263048,2.16180004864229
-23.0026245117188,6.6375732421875,-328.216552734375,-29.2587280273438,-13.4658813476563,-393.600463867188,3.25632810592651,-8.46407508850098,-6.73323345184326,-0.170465901494026,0.309478759765625,-0.193748384714127,-1.72161960601807,-5.48054456710815,7.58858823776245,-0.0966026037931442,0.0248944908380508,0.035351600497961,0.254232496023178,-5.36863994598389,8.83559131622314,0.741177916526794,-0.575480222702026,-0.0351222530007362,-0.193540886044502,-11.2095003128052,-2.08504605293274,0.542948961257935,0.18782015144825,-0.0593626797199249,88.464307499,-102.662543414,-4.077859196,-0.603051983804822,0.732908597766965,2.15777573841591
-23.040771484375,6.7138671875,-327.911376953125,-29.296875,-13.580322265625,-393.6767578125,3.22489953041077,-8.42927837371826,-6.72856855392456,-0.167810887098312,0.301486253738403,-0.194554552435875,-1.72619163990021,-5.48647403717041,7.57409763336182,-0.0972614735364914,0.0262018647044897,0.0354304350912571,0.24995544552803,-5.39099931716919,8.80560207366943,0.739253163337708,-0.575218439102173,-0.0337775163352489,-0.204262226819992,-11.1985931396484,-2.06758522987366,0.544487059116364,0.189973950386047,-0.0595813393592834,88.4638671895,-102.662646227,-4.077940468,-0.602274127156943,0.732428221270882,2.15375142818953
-22.9644775390625,6.7901611328125,-327.7587890625,-29.2205810546875,-13.6947631835938,-393.295288085938,3.19347095489502,-8.39448165893555,-6.7239031791687,-0.16515588760376,0.293493777513504,-0.195360720157623,-1.73076367378235,-5.49240303039551,7.55960702896118,-0.0979203432798386,0.0275092385709286,0.0355092659592628,0.245678409934044,-5.41335868835449,8.77561283111572,0.737328350543976,-0.574956595897675,-0.0324327796697617,-0.214983582496643,-11.1876850128174,-2.05012464523315,0.546025097370148,0.192127749323845,-0.059799998998642,88.46342688,-102.66274904,-4.07802174,-0.601496270509064,0.7319478447748,2.14972711796315
-22.88818359375,6.866455078125,-327.606201171875,-29.144287109375,-13.8092041015625,-392.913818359375,3.16204237937927,-8.35968494415283,-6.71923780441284,-0.162500873208046,0.285501271486282,-0.196166887879372,-1.73533570766449,-5.49833202362061,7.54511642456055,-0.0985792130231857,0.0288166124373674,0.0355881005525589,0.241401389241219,-5.43571758270264,8.74562358856201,0.735403597354889,-0.574694812297821,-0.0310880411416292,-0.225704938173294,-11.1767768859863,-2.03266382217407,0.547563195228577,0.194281548261642,-0.0600186549127102,88.4631899215,-102.662935371,-4.078071387,-0.600057531557001,0.731432486312356,2.14570296343838
-23.040771484375,6.9427490234375,-327.072143554688,-29.0298461914063,-13.9236450195313,-392.913818359375,3.13061380386353,-8.32488822937012,-6.71457242965698,-0.159845873713493,0.277508795261383,-0.19697305560112,-1.73990786075592,-5.5042610168457,7.53062534332275,-0.0992380827665329,0.0301239863038063,0.0356669351458549,0.237124353647232,-5.45807695388794,8.7156343460083,0.733478844165802,-0.574433028697968,-0.0297433044761419,-0.236426293849945,-11.1658687591553,-2.01520299911499,0.549101293087006,0.19643534719944,-0.0602373145520687,88.462952963,-102.663121702,-4.078121034,-0.598618792604939,0.730917127849912,2.14167880891362
-23.193359375,7.01904296875,-326.5380859375,-28.9154052734375,-14.0380859375,-392.913818359375,3.09918522834778,-8.2900915145874,-6.70990705490112,-0.15719085931778,0.269516319036484,-0.197779223322868,-1.74447989463806,-5.5101900100708,7.51613473892212,-0.0998969599604607,0.0314313583076,0.0357457660138607,0.232847318053246,-5.48043632507324,8.68564510345459,0.73155403137207,-0.574171185493469,-0.0283985659480095,-0.247147649526596,-11.1549606323242,-1.99774241447449,0.55063933134079,0.198589146137238,-0.0604559741914272,88.4627160045,-102.663308033,-4.078170681,-0.597180053652876,0.730401769387469,2.13765465438886
-23.2315063476563,7.171630859375,-326.080322265625,-28.9535522460938,-13.9236450195313,-392.837524414063,3.06775665283203,-8.25529479980469,-6.70524168014526,-0.154535859823227,0.261523813009262,-0.198585391044617,-1.7490519285202,-5.51611948013306,7.50164413452148,-0.100555829703808,0.032738734036684,0.0358246006071568,0.228570282459259,-5.50279569625854,8.65565586090088,0.729629278182983,-0.573909401893616,-0.0270538292825222,-0.257869005203247,-11.1440534591675,-1.98028171062469,0.552177429199219,0.200742945075035,-0.0606746301054955,88.462479046,-102.663494364,-4.078220328,-0.595741314700813,0.729886410925025,2.13363049986409
-23.2696533203125,7.32421875,-325.62255859375,-28.99169921875,-13.8092041015625,-392.76123046875,3.03632807731628,-8.22049808502197,-6.7005763053894,-0.151880845427513,0.253531336784363,-0.199391558766365,-1.75362396240234,-5.52204847335815,7.48715353012085,-0.101214699447155,0.0340461060404778,0.0359034314751625,0.224293246865273,-5.52515506744385,8.62566661834717,0.727704465389252,-0.573647558689117,-0.0257090907543898,-0.268590360879898,-11.1331453323364,-1.9628210067749,0.553715527057648,0.202896744012833,-0.060893289744854,88.4622420875,-102.663680695,-4.078269975,-0.594302575748751,0.729371052462581,2.12960634533933
-23.2696533203125,7.20977783203125,-325.3173828125,-28.9154052734375,-13.9617919921875,-392.4560546875,3.01472616195679,-8.18904113769531,-6.69207286834717,-0.149527117609978,0.245411455631256,-0.199609383940697,-1.76024007797241,-5.52612352371216,7.47217845916748,-0.101393103599548,0.0349250696599483,0.0358907766640186,0.218808501958847,-5.53727340698242,8.60328197479248,0.726205229759216,-0.573298037052155,-0.0240349527448416,-0.276801526546478,-11.1232175827026,-1.95061480998993,0.555870115756989,0.204253882169724,-0.060907393693924,88.462005129,-102.663867026,-4.078319622,-0.592863836796688,0.728855694000137,2.12558219081457
-23.2696533203125,7.0953369140625,-325.01220703125,-28.839111328125,-14.1143798828125,-392.15087890625,3.00295114517212,-8.16092109680176,-6.67973136901855,-0.147474646568298,0.237164214253426,-0.199238851666451,-1.76890015602112,-5.52834510803223,7.45671987533569,-0.101091034710407,0.0353756248950958,0.0357866324484348,0.212116032838821,-5.53915071487427,8.5885009765625,0.725131511688232,-0.572860717773438,-0.0220314152538776,-0.282502561807632,-11.1142702102661,-1.94366323947906,0.558641195297241,0.204814359545708,-0.0607169456779957,88.4617681705,-102.664053357,-4.078369269,-0.591425097844625,0.728340335537694,2.1215580362898
-23.2696533203125,7.20977783203125,-324.554443359375,-28.839111328125,-14.1525268554688,-392.15087890625,2.99117588996887,-8.13280296325684,-6.66738986968994,-0.145422175526619,0.228916972875595,-0.198868304491043,-1.77756023406982,-5.53056621551514,7.44126081466675,-0.100788965821266,0.035826176404953,0.035682488232851,0.205423563718796,-5.54102802276611,8.57371997833252,0.724057793617249,-0.57242339849472,-0.0200278777629137,-0.288203567266464,-11.1053228378296,-1.93671154975891,0.561412334442139,0.205374836921692,-0.0605264976620674,88.461531212,-102.664239688,-4.078418916,-0.589986358892563,0.72782497707525,2.11753388176504
-23.2696533203125,7.32421875,-324.0966796875,-28.839111328125,-14.190673828125,-392.15087890625,2.9794008731842,-8.10468292236328,-6.65504837036133,-0.143369719386101,0.220669731497765,-0.198497772216797,-1.78622031211853,-5.53278779983521,7.42580223083496,-0.100486896932125,0.0362767316401005,0.0355783440172672,0.19873109459877,-5.54290533065796,8.55893993377686,0.722984075546265,-0.571986138820648,-0.0180243384093046,-0.293904602527618,-11.0963745117188,-1.92975997924805,0.564183413982391,0.205935314297676,-0.0603360459208488,88.4612942535,-102.664426019,-4.078468563,-0.5885476199405,0.727309618612806,2.11350972724028
-23.345947265625,7.476806640625,-323.79150390625,-28.7628173828125,-14.495849609375,-391.921997070313,2.96762585639954,-8.07656478881836,-6.64270687103271,-0.141317248344421,0.212422490119934,-0.198127239942551,-1.79488039016724,-5.53500938415527,7.41034364700317,-0.100184828042984,0.036727286875248,0.0354741998016834,0.192038625478745,-5.5447826385498,8.54415893554688,0.721910357475281,-0.571548819541931,-0.0160208009183407,-0.29960560798645,-11.0874271392822,-1.92280840873718,0.566954553127289,0.20649579167366,-0.0601455979049206,88.461057295,-102.66461235,-4.07851821,-0.587108880988437,0.726794260150362,2.10948557271551
-23.4222412109375,7.62939453125,-323.486328125,-28.6865234375,-14.801025390625,-391.693115234375,2.95585083961487,-8.0484447479248,-6.6303653717041,-0.139264777302742,0.204175248742104,-0.197756707668304,-1.80354046821594,-5.53723049163818,7.39488458633423,-0.0998827591538429,0.0371778383851051,0.0353700555860996,0.185346156358719,-5.54666042327881,8.52937793731689,0.720836639404297,-0.571111500263214,-0.0140172624960542,-0.305306643247604,-11.0784797668457,-1.91585671901703,0.569725692272186,0.207056254148483,-0.0599551498889923,88.4608203365,-102.664798681,-4.078567857,-0.585670142036375,0.726278901687919,2.10546141819075
-23.3840942382813,7.476806640625,-323.333740234375,-28.6483764648438,-14.7247314453125,-391.616821289063,2.9440758228302,-8.02032661437988,-6.61802387237549,-0.137212321162224,0.195928007364273,-0.197386175394058,-1.81220054626465,-5.53945207595825,7.37942600250244,-0.0995806902647018,0.0376283936202526,0.0352659113705158,0.178653687238693,-5.54853773117065,8.51459789276123,0.719762921333313,-0.570674240589142,-0.0120137250050902,-0.311007648706436,-11.0695323944092,-1.90890514850616,0.572496771812439,0.207616731524467,-0.0597646981477737,88.460583378,-102.664985012,-4.078617504,-0.584231403084312,0.725763543225475,2.10143726366599
-23.345947265625,7.32421875,-323.18115234375,-28.6102294921875,-14.6484375,-391.54052734375,2.93230056762695,-7.99220705032349,-6.60568189620972,-0.135159850120544,0.187680765986443,-0.197015628218651,-1.82086062431335,-5.54167318344116,7.3639669418335,-0.0992786213755608,0.0380789451301098,0.0351617708802223,0.171961203217506,-5.5504150390625,8.49981689453125,0.718689262866974,-0.570236921310425,-0.0100101865828037,-0.31670868396759,-11.0605850219727,-1.9019535779953,0.575267910957336,0.208177208900452,-0.0595742501318455,88.4603464195,-102.665171343,-4.078667151,-0.58279266413225,0.725248184763031,2.09741310914123
-23.345947265625,7.476806640625,-322.494506835938,-28.4576416015625,-14.7628784179688,-391.387939453125,2.92052555084229,-7.96408796310425,-6.5933403968811,-0.133107379078865,0.179433524608612,-0.196645095944405,-1.82952070236206,-5.54389476776123,7.34850835800171,-0.0989765524864197,0.0385295003652573,0.0350576266646385,0.165268734097481,-5.55229234695435,8.48503589630127,0.71761554479599,-0.569799602031708,-0.00800664816051722,-0.322409689426422,-11.0516376495361,-1.89500188827515,0.578038990497589,0.208737686276436,-0.0593838021159172,88.460109461,-102.665357674,-4.078716798,-0.581353925180187,0.724732826300588,2.09338895461646
-23.345947265625,7.62939453125,-321.807861328125,-28.3050537109375,-14.8773193359375,-391.2353515625,2.90875053405762,-7.93596887588501,-6.58099889755249,-0.131054922938347,0.17118626832962,-0.196274563670158,-1.83818078041077,-5.5461163520813,7.33304977416992,-0.0986744835972786,0.0389800556004047,0.0349534824490547,0.158576264977455,-5.55416965484619,8.47025585174561,0.716541826725006,-0.569362342357635,-0.00600311020389199,-0.328110724687576,-11.0426902770996,-1.88805031776428,0.580810129642487,0.20929816365242,-0.0591933503746986,88.4598725025,-102.665544005,-4.078766445,-0.579915186228124,0.724217467838144,2.0893648000917
-23.345947265625,7.66754150390625,-321.578979492188,-28.38134765625,-14.95361328125,-390.777587890625,2.89697551727295,-7.90784978866577,-6.56865739822388,-0.129002451896667,0.16293902695179,-0.195904031395912,-1.84684085845947,-5.54833745956421,7.31759071350098,-0.0983724147081375,0.0394306071102619,0.0348493382334709,0.15188379585743,-5.55604696273804,8.45547485351563,0.715468108654022,-0.568925023078918,-0.00399957224726677,-0.333811730146408,-11.0337419509888,-1.88109874725342,0.583581209182739,0.209858641028404,-0.0590029023587704,88.459635544,-102.665730336,-4.078816092,-0.578476447276062,0.7237021093757,2.08534064556694
-23.345947265625,7.7056884765625,-321.35009765625,-28.4576416015625,-15.0299072265625,-390.31982421875,2.8852002620697,-7.87973070144653,-6.55631589889526,-0.126949980854988,0.154691785573959,-0.195533484220505,-1.85550093650818,-5.55055904388428,7.30213212966919,-0.0980703458189964,0.0398811623454094,0.0347451940178871,0.145191326737404,-5.55792474746704,8.44069385528564,0.714394390583038,-0.568487703800201,-0.0019960340578109,-0.339512765407562,-11.0247945785522,-1.87414717674255,0.586352348327637,0.210419103503227,-0.0588124543428421,88.4593985855,-102.665916667,-4.078865739,-0.577037708323999,0.723186750913256,2.08131649104217
-23.3840942382813,7.781982421875,-320.73974609375,-28.3432006835938,-15.1443481445313,-390.548706054688,2.87342524528503,-7.85161161422729,-6.54397439956665,-0.124897517263889,0.146444544196129,-0.195162951946259,-1.86416101455688,-5.55278015136719,7.28667306900024,-0.0977682769298553,0.0403317138552666,0.0346410498023033,0.138498857617378,-5.55980205535889,8.42591381072998,0.713320672512054,-0.568050444126129,7.50397657611757e-06,-0.345213770866394,-11.0158472061157,-1.8671954870224,0.589123427867889,0.210979580879211,-0.0586220026016235,88.459161627,-102.666102998,-4.078915386,-0.575598969371936,0.722671392450813,2.07729233651741
-23.4222412109375,7.8582763671875,-320.12939453125,-28.228759765625,-15.2587890625,-390.777587890625,2.86165022850037,-7.82349252700806,-6.53163290023804,-0.122845053672791,0.138197302818298,-0.194792419672012,-1.87282109260559,-5.55500173568726,7.27121448516846,-0.0974662080407143,0.040782269090414,0.0345369055867195,0.131806388497353,-5.56167936325073,8.4111328125,0.712246954441071,-0.567613124847412,0.00201104208827019,-0.350914806127548,-11.0068998336792,-1.86024391651154,0.591894567012787,0.211540058255196,-0.0584315545856953,88.4589246685,-102.666289329,-4.078965033,-0.574160230419874,0.722156033988369,2.07326818199265
-23.49853515625,8.0108642578125,-319.976806640625,-28.1143188476563,-15.3350830078125,-390.472412109375,2.88808274269104,-7.77972841262817,-6.49603986740112,-0.121745988726616,0.13029633462429,-0.192802131175995,-1.88615953922272,-5.56026268005371,7.25768947601318,-0.0963044762611389,0.0393110141158104,0.033586360514164,0.134866192936897,-5.55174016952515,8.41182327270508,0.712007582187653,-0.566164255142212,0.00328561174683273,-0.345566272735596,-11.0010509490967,-1.86484944820404,0.59435909986496,0.212045833468437,-0.0575673095881939,88.45868771,-102.66647566,-4.07901468,-0.572721491467811,0.721640675525925,2.06924402746788
-23.5748291015625,8.1634521484375,-319.82421875,-27.9998779296875,-15.411376953125,-390.167236328125,2.91451525688171,-7.73596477508545,-6.46044683456421,-0.120646916329861,0.122395366430283,-0.190811827778816,-1.89949798583984,-5.56552314758301,7.24416446685791,-0.0951427519321442,0.0378397591412067,0.0326358117163181,0.137925997376442,-5.54180145263672,8.41251468658447,0.71176815032959,-0.564715445041656,0.00456018140539527,-0.340217769145966,-10.9952020645142,-1.86945497989655,0.596823573112488,0.212551593780518,-0.0567030645906925,88.459692701,-102.6703462715,-4.078481256,-0.571821934931047,0.72099152134466,2.06575491726928
-23.5366821289063,8.04901123046875,-319.442749023438,-28.1906127929688,-15.5258178710938,-390.243530273438,2.94094777107239,-7.69220066070557,-6.42485380172729,-0.119547851383686,0.114494398236275,-0.188821539282799,-1.91283643245697,-5.57078409194946,7.23063898086548,-0.0939810201525688,0.0363685041666031,0.0316852666437626,0.140985801815987,-5.53186225891113,8.41320514678955,0.711528778076172,-0.563266575336456,0.00583475129678845,-0.334869235754013,-10.989354133606,-1.87406051158905,0.599288105964661,0.213057368993759,-0.0558388195931911,88.460697692,-102.674216883,-4.077947832,-0.570922378394282,0.720342367163395,2.06226580707068
-23.49853515625,7.9345703125,-319.061279296875,-28.38134765625,-15.6402587890625,-390.31982421875,2.96738052368164,-7.64843654632568,-6.38926124572754,-0.118448786437511,0.106593430042267,-0.186831250786781,-1.9261748790741,-5.57604455947876,7.21711397171021,-0.0928192883729935,0.0348972491919994,0.030734721571207,0.144045606255531,-5.52192354202271,8.41389560699463,0.711289405822754,-0.561817705631256,0.00710932118818164,-0.329520732164383,-10.9835052490234,-1.87866592407227,0.601752638816833,0.21356312930584,-0.0549745783209801,88.461702683,-102.6780874945,-4.077414408,-0.570022821857517,0.719693212982129,2.05877669687208
-23.4603881835938,8.12530517578125,-318.603515625,-28.4194946289063,-15.7928466796875,-390.090942382813,2.99381303787231,-7.6046724319458,-6.35366821289063,-0.117349721491337,0.098692461848259,-0.184840962290764,-1.93951344490051,-5.58130550384521,7.20358896255493,-0.0916575640439987,0.0334259904921055,0.0297841746360064,0.147105410695076,-5.51198434829712,8.41458702087402,0.711049973964691,-0.560368895530701,0.00838389061391354,-0.32417219877243,-10.9776563644409,-1.88327145576477,0.604217112064362,0.214068904519081,-0.0541103333234787,88.462707674,-102.681958106,-4.076880984,-0.569123265320752,0.719044058800864,2.05528758667348
-23.4222412109375,8.3160400390625,-318.145751953125,-28.4576416015625,-15.9454345703125,-389.862060546875,3.02024555206299,-7.56090879440308,-6.31807518005371,-0.116250649094582,0.0907914936542511,-0.182850658893585,-1.95285189151764,-5.58656644821167,7.19006395339966,-0.0904958322644234,0.0319547355175018,0.0288336277008057,0.150165215134621,-5.50204563140869,8.4152774810791,0.710810601711273,-0.5589200258255,0.00965846050530672,-0.3188236951828,-10.9718074798584,-1.88787698745728,0.606681644916534,0.214574664831161,-0.0532460883259773,88.463712665,-102.6858287175,-4.07634756,-0.568223708783988,0.718394904619599,2.05179847647487
-23.4222412109375,8.23974609375,-318.069458007813,-28.3432006835938,-15.869140625,-389.633178710938,3.04667806625366,-7.51714468002319,-6.2824821472168,-0.115151584148407,0.0828905254602432,-0.180860370397568,-1.96619033813477,-5.59182691574097,7.17653846740723,-0.089334100484848,0.0304834805428982,0.0278830826282501,0.153225004673004,-5.49210643768311,8.4159688949585,0.71057116985321,-0.557471215724945,0.0109330303966999,-0.313475161790848,-10.9659585952759,-1.89248251914978,0.609146118164063,0.215080440044403,-0.052381843328476,88.464717656,-102.689699329,-4.075814136,-0.567324152247223,0.717745750438333,2.04830936627627
-23.4222412109375,8.1634521484375,-317.9931640625,-28.228759765625,-15.7928466796875,-389.404296875,3.07311058044434,-7.47338056564331,-6.24688911437988,-0.114052519202232,0.0749895572662354,-0.17887008190155,-1.97952878475189,-5.59708786010742,7.16301345825195,-0.0881723761558533,0.0290122255682945,0.0269325356930494,0.156284809112549,-5.48216772079468,8.41665935516357,0.710331797599792,-0.556022346019745,0.0122076002880931,-0.308126658201218,-10.9601097106934,-1.89708805084229,0.611610651016235,0.215586200356483,-0.0515175983309746,88.465722647,-102.6935699405,-4.075280712,-0.566424595710458,0.717096596257068,2.04482025607767
-23.49853515625,8.27789306640625,-317.306518554688,-28.1524658203125,-16.021728515625,-389.785766601563,3.09954309463501,-7.42961692810059,-6.21129608154297,-0.112953446805477,0.0670885890722275,-0.176879778504372,-1.99286723136902,-5.60234832763672,7.14948844909668,-0.0870106443762779,0.0275409705936909,0.0259819906204939,0.159344613552094,-5.47222852706909,8.41734981536865,0.710092425346375,-0.554573476314545,0.0134821692481637,-0.302778124809265,-10.9542617797852,-1.90169358253479,0.614075183868408,0.216091975569725,-0.0506533533334732,88.466727638,-102.697440552,-4.074747288,-0.565525039173693,0.716447442075802,2.04133114587907
-23.5748291015625,8.392333984375,-316.619873046875,-28.076171875,-16.2506103515625,-390.167236328125,3.12597560882568,-7.3858528137207,-6.17570304870605,-0.111854381859303,0.0591876208782196,-0.174889490008354,-2.00620579719543,-5.60760927200317,7.13596343994141,-0.0858489125967026,0.0260697156190872,0.0250314436852932,0.162404417991638,-5.46228933334351,8.41804122924805,0.709852993488312,-0.553124666213989,0.0147567391395569,-0.297429621219635,-10.9484128952026,-1.90629911422729,0.616539657115936,0.216597750782967,-0.0497891083359718,88.467732629,-102.7013111635,-4.074213864,-0.564625482636929,0.715798287894537,2.03784203568047
-23.5366821289063,8.392333984375,-316.543579101563,-28.1143188476563,-16.2887573242188,-389.938354492188,3.15240836143494,-7.34208869934082,-6.1401104927063,-0.110755316913128,0.0512866526842117,-0.172899201512337,-2.01954412460327,-5.61287021636963,7.12243843078613,-0.0846871882677078,0.0245984606444836,0.0240808967500925,0.165464222431183,-5.45235061645508,8.41873168945313,0.709613621234894,-0.551675796508789,0.0160313080996275,-0.292081087827682,-10.9425640106201,-1.91090452671051,0.619004189968109,0.217103511095047,-0.0489248670637608,88.46873762,-102.705181775,-4.07368044,-0.563725926100164,0.715149133713272,2.03435292548187
-23.49853515625,8.392333984375,-316.46728515625,-28.1524658203125,-16.326904296875,-389.70947265625,3.17884087562561,-7.2983250617981,-6.10451745986938,-0.109656244516373,0.0433856844902039,-0.170908898115158,-2.03288269042969,-5.61813068389893,7.1089129447937,-0.0835254564881325,0.0231272038072348,0.023130351677537,0.168524026870728,-5.44241142272949,8.4194221496582,0.709374248981476,-0.550226926803589,0.0173058789223433,-0.286732584238052,-10.9367151260376,-1.91551005840302,0.621468722820282,0.217609286308289,-0.0480606220662594,88.469742611,-102.7090523865,-4.073147016,-0.562826369563399,0.714499979532007,2.03086381528327
-23.3840942382813,8.27789306640625,-316.238403320313,-28.228759765625,-16.4031982421875,-389.70947265625,3.20527338981628,-7.25456094741821,-6.06892442703247,-0.108557179570198,0.035484716296196,-0.168918609619141,-2.04622101783752,-5.62339162826538,7.09538793563843,-0.0823637247085571,0.0216559488326311,0.0221798047423363,0.171583831310272,-5.43247270584106,8.4201135635376,0.709134817123413,-0.548778116703033,0.0185804478824139,-0.2813840508461,-10.9308662414551,-1.92011559009552,0.62393319606781,0.218115046620369,-0.047196377068758,88.470747602,-102.712922998,-4.072613592,-0.561926813026634,0.713850825350741,2.02737470508466
-23.2696533203125,8.1634521484375,-316.009521484375,-28.3050537109375,-16.4794921875,-389.70947265625,3.23873400688171,-7.21804428100586,-6.04447078704834,-0.108092494308949,0.0273183081299067,-0.166649535298347,-2.05535912513733,-5.62674427032471,7.08631706237793,-0.0813872590661049,0.0201789084821939,0.021265784278512,0.189712136983871,-5.40683221817017,8.4210376739502,0.709311127662659,-0.547064602375031,0.0183883663266897,-0.275454133749008,-10.9262828826904,-1.92445600032806,0.626003563404083,0.218347817659378,-0.0464348308742046,88.471752593,-102.7167936095,-4.072080168,-0.56102725648987,0.713201671169476,2.02388559488606
-23.3840942382813,8.087158203125,-315.5517578125,-28.3432006835938,-16.5939331054688,-389.785766601563,3.27922248840332,-7.18877506256104,-6.03115701675415,-0.108262181282043,0.0188864599913359,-0.16410169005394,-2.06029677391052,-5.62818908691406,7.08170080184937,-0.0805960595607758,0.0186960846185684,0.0203882865607738,0.222908943891525,-5.36549091339111,8.422194480896,0.709903180599213,-0.54508638381958,0.0167296342551708,-0.268942832946777,-10.9229640960693,-1.92853116989136,0.627679705619812,0.218307569622993,-0.045775979757309,88.472757584,-102.720664221,-4.071546744,-0.560127699953105,0.71255251698821,2.02039648468746
-23.49853515625,8.0108642578125,-315.093994140625,-28.38134765625,-16.7083740234375,-389.862060546875,3.31971096992493,-7.15950584411621,-6.01784324645996,-0.108431868255138,0.0104546109214425,-0.161553829908371,-2.06523442268372,-5.62963390350342,7.07708406448364,-0.0798048600554466,0.0172132588922977,0.0195107888430357,0.256105750799179,-5.3241491317749,8.42335224151611,0.710495233535767,-0.54310816526413,0.0150709021836519,-0.262431502342224,-10.9196443557739,-1.93260633945465,0.629355847835541,0.218267321586609,-0.0451171323657036,88.473762575,-102.7245348325,-4.07101332,-0.55922814341634,0.711903362806945,2.01690737448886
-23.5748291015625,8.20159912109375,-314.712524414063,-28.3050537109375,-16.78466796875,-389.556884765625,3.36019945144653,-7.13023662567139,-6.00452947616577,-0.108601555228233,0.00202276231721044,-0.159005984663963,-2.07017207145691,-5.63107919692993,7.07246732711792,-0.0790136605501175,0.0157304350286722,0.0186332929879427,0.289302557706833,-5.28280782699585,8.42451000213623,0.711087286472321,-0.541129946708679,0.013412170112133,-0.255920201539993,-10.9163255691528,-1.93668150901794,0.631032049655914,0.218227088451385,-0.0444582812488079,88.474767566,-102.728405444,-4.070479896,-0.558328586879576,0.71125420862568,2.01341826429026
-23.651123046875,8.392333984375,-314.3310546875,-28.228759765625,-16.8609619140625,-389.251708984375,3.40068793296814,-7.10096740722656,-5.99121522903442,-0.108771242201328,-0.00640908628702164,-0.156458139419556,-2.0751097202301,-5.63252401351929,7.06785106658936,-0.0782224610447884,0.0142476093024015,0.0177557952702045,0.322499364614487,-5.24146604537964,8.42566680908203,0.711679339408875,-0.539151787757874,0.0117534371092916,-0.249408885836601,-10.9130067825317,-1.94075667858124,0.632708191871643,0.218186840415001,-0.0437994338572025,88.475772557,-102.7322760555,-4.069946472,-0.557429030342811,0.710605054444415,2.00992915409166
-23.49853515625,8.392333984375,-314.3310546875,-28.1906127929688,-17.0135498046875,-389.251708984375,3.44117641448975,-7.07169818878174,-5.97790145874023,-0.108940936625004,-0.0148409344255924,-0.153910279273987,-2.0800473690033,-5.63396883010864,7.06323432922363,-0.0774312615394592,0.0127647845074534,0.0168782975524664,0.355696171522141,-5.20012474060059,8.42682456970215,0.712271392345428,-0.537173569202423,0.0100947050377727,-0.242897570133209,-10.9096870422363,-1.94483184814453,0.634384334087372,0.218146592378616,-0.0431405827403069,88.476777548,-102.736146667,-4.069413048,-0.556529473806046,0.709955900263149,2.00644004389306
-23.345947265625,8.392333984375,-314.3310546875,-28.1524658203125,-17.1661376953125,-389.251708984375,3.48166489601135,-7.04242897033691,-5.96458768844604,-0.109110623598099,-0.0232727825641632,-0.151362434029579,-2.08498501777649,-5.635413646698,7.05861759185791,-0.0766400620341301,0.0112819597125053,0.0160008016973734,0.388892978429794,-5.15878295898438,8.42798233032227,0.712863445281982,-0.535195350646973,0.00843597296625376,-0.236386254429817,-10.9063682556152,-1.94890701770782,0.636060535907745,0.218106359243393,-0.0424817353487015,88.477782539,-102.7400172785,-4.068879624,-0.555629917269281,0.709306746081884,2.00295093369445
-23.4222412109375,8.4686279296875,-314.483642578125,-28.1524658203125,-17.1279907226563,-389.328002929688,3.52215337753296,-7.01315975189209,-5.95127391815186,-0.109280310571194,-0.031704630702734,-0.14881457388401,-2.0899224281311,-5.63685846328735,7.05400133132935,-0.075848862528801,0.00979913491755724,0.0151233039796352,0.422089815139771,-5.11744165420532,8.42913913726807,0.713455498218536,-0.533217132091522,0.00677723996341228,-0.229874938726425,-10.9030494689941,-1.95298218727112,0.637736678123474,0.218066111207008,-0.0418228842318058,88.47878753,-102.74388789,-4.0683462,-0.554730360732517,0.708657591900619,1.99946182349585
-23.49853515625,8.544921875,-314.63623046875,-28.1524658203125,-17.08984375,-389.404296875,3.56264185905457,-6.98389053344727,-5.93795967102051,-0.109449997544289,-0.0401364788413048,-0.146266728639603,-2.0948600769043,-5.63830327987671,7.04938459396362,-0.0750576630234718,0.00831631012260914,0.0142458071932197,0.455286622047424,-5.07609987258911,8.43029689788818,0.71404755115509,-0.531238973140717,0.00511850789189339,-0.223363623023033,-10.8997297286987,-1.95705735683441,0.639412820339203,0.218025863170624,-0.0411640368402004,88.478819897,-102.7442280595,-4.0684239055,-0.554090199154099,0.70807832650818,1.99697739053619
-23.5748291015625,8.58306884765625,-314.178466796875,-28.2669067382813,-17.3187255859375,-389.480590820313,3.60313034057617,-6.95462131500244,-5.92464590072632,-0.109619684517384,-0.0485683307051659,-0.143718883395195,-2.09979772567749,-5.63974809646606,7.04476833343506,-0.0742664560675621,0.00683348486199975,0.0133683094754815,0.488483428955078,-5.03475856781006,8.43145370483398,0.714639544487,-0.529260754585266,0.0034597753547132,-0.216852307319641,-10.8964109420776,-1.96113252639771,0.641089022159576,0.2179856300354,-0.0405051857233047,88.478852264,-102.744568229,-4.068501611,-0.553450037575682,0.707499061115741,1.99449295757652
-23.651123046875,8.6212158203125,-313.720703125,-28.38134765625,-17.547607421875,-389.556884765625,3.64361882209778,-6.92535209655762,-5.91133213043213,-0.109789371490479,-0.0570001788437366,-0.141171023249626,-2.10473537445068,-5.64119338989258,7.04015159606934,-0.073475256562233,0.00535066006705165,0.0124908126890659,0.521680235862732,-4.99341678619385,8.4326114654541,0.715231597423553,-0.527282536029816,0.00180104293394834,-0.210340991616249,-10.8930921554565,-1.965207695961,0.642765164375305,0.217945381999016,-0.0398463383316994,88.478884631,-102.7449083985,-4.0685793165,-0.552809875997264,0.706919795723302,1.99200852461685
-23.49853515625,8.544921875,-313.568115234375,-28.3432006835938,-17.6620483398438,-389.633178710938,3.68410730361938,-6.89608287811279,-5.89801836013794,-0.109959065914154,-0.0654320269823074,-0.138623178005219,-2.10967302322388,-5.64263820648193,7.03553485870361,-0.0726840570569038,0.0038678350392729,0.0116133159026504,0.554877042770386,-4.95207548141479,8.43376922607422,0.715823650360107,-0.525304317474365,0.000142310498631559,-0.203829675912857,-10.8897733688354,-1.96928286552429,0.644441306591034,0.217905133962631,-0.0391874872148037,88.478916998,-102.745248568,-4.068657022,-0.552169714418846,0.706340530330863,1.98952409165718
-23.345947265625,8.4686279296875,-313.41552734375,-28.3050537109375,-17.7764892578125,-389.70947265625,3.72459578514099,-6.86681365966797,-5.88470411300659,-0.110128752887249,-0.0738638713955879,-0.13607531785965,-2.11461067199707,-5.64408302307129,7.03091859817505,-0.0718928575515747,0.00238501001149416,0.0107358181849122,0.58807384967804,-4.91073369979858,8.43492603302002,0.716415703296661,-0.52332615852356,-0.00151642190758139,-0.197318360209465,-10.88645362854,-1.97335803508759,0.646117508411407,0.217864900827408,-0.0385286398231983,88.478949365,-102.7455887375,-4.0687347275,-0.551529552840429,0.705761264938424,1.98703965869752
-23.345947265625,8.4686279296875,-313.262939453125,-28.1524658203125,-17.852783203125,-389.480590820313,3.7650842666626,-6.83754444122314,-5.8713903427124,-0.110298439860344,-0.082295723259449,-0.133527472615242,-2.11954832077026,-5.64552783966064,7.02630186080933,-0.0711016580462456,0.000902185216546059,0.00985832139849663,0.621270656585693,-4.86939239501953,8.43608379364014,0.717007756233215,-0.521347939968109,-0.00317515432834625,-0.190807044506073,-10.8831348419189,-1.97743320465088,0.647793650627136,0.217824652791023,-0.0378697887063026,88.478981732,-102.745928907,-4.068812433,-0.550889391262011,0.705181999545985,1.98455522573785
-23.345947265625,8.4686279296875,-313.1103515625,-27.9998779296875,-17.9290771484375,-389.251708984375,3.79239439964294,-6.84075260162354,-5.8601131439209,-0.111015379428864,-0.0844845175743103,-0.130438134074211,-2.11262083053589,-5.641685962677,7.02938747406006,-0.0696171671152115,-0.00141376606188715,0.00839913263916969,0.671470999717712,-4.81361770629883,8.43643856048584,0.716149389743805,-0.518749415874481,-0.0090342927724123,-0.182581901550293,-10.8827667236328,-1.99516940116882,0.649169445037842,0.216551348567009,-0.0373789593577385,88.479014099,-102.7462690765,-4.0688901385,-0.550249229683594,0.704602734153547,1.98207079277818
-23.4603881835938,8.58306884765625,-312.881469726563,-28.1906127929688,-18.1198120117188,-389.480590820313,3.81970453262329,-6.84396123886108,-5.84883594512939,-0.111732326447964,-0.086673304438591,-0.12734879553318,-2.10569334030151,-5.63784408569336,7.03247308731079,-0.0681326761841774,-0.00372971734032035,0.00693994341418147,0.721671342849731,-4.75784301757813,8.43679332733154,0.71529096364975,-0.516150891780853,-0.0148934321478009,-0.174356773495674,-10.882399559021,-2.01290559768677,0.650545299053192,0.215278044342995,-0.0368881300091743,88.479046466,-102.746609246,-4.068967844,-0.549609068105176,0.704023468761108,1.97958635981851
-23.5748291015625,8.697509765625,-312.652587890625,-28.38134765625,-18.310546875,-389.70947265625,3.84701442718506,-6.84716939926147,-5.83755874633789,-0.112449266016483,-0.0888620987534523,-0.124259449541569,-2.09876585006714,-5.63400220870972,7.03555917739868,-0.0666481778025627,-0.0060456688515842,0.00548075465485454,0.77187168598175,-4.70206832885742,8.43714809417725,0.714432597160339,-0.51355242729187,-0.0207525715231895,-0.166131630539894,-10.8820314407349,-2.03064179420471,0.651921093463898,0.21400474011898,-0.0363972969353199,88.479078833,-102.7469494155,-4.0690455495,-0.548968906526758,0.703444203368669,1.97710192685885
-23.5366821289063,8.697509765625,-312.5,-28.3050537109375,-18.61572265625,-390.0146484375,3.87432456016541,-6.85037755966187,-5.82628154754639,-0.113166213035583,-0.091050885617733,-0.121170103549957,-2.09183835983276,-5.63016033172607,7.03864479064941,-0.0651636868715286,-0.00836161989718676,0.00402156542986631,0.82207202911377,-4.64629316329956,8.43750286102295,0.713574230670929,-0.510953903198242,-0.0266117099672556,-0.157906502485275,-10.8816633224487,-2.04837799072266,0.653296947479248,0.212731435894966,-0.0359064675867558,88.4791112,-102.747289585,-4.069123255,-0.548328744948341,0.70286493797623,1.97461749389918
-23.49853515625,8.697509765625,-312.347412109375,-28.228759765625,-18.9208984375,-390.31982421875,3.90163469314575,-6.85358572006226,-5.81500434875488,-0.113883152604103,-0.0932396799325943,-0.118080765008926,-2.08491086959839,-5.62631893157959,7.04173040390015,-0.0636791959404945,-0.0106775714084506,0.00256237667053938,0.872272372245789,-4.59051847457886,8.43785762786865,0.712715804576874,-0.508355379104614,-0.0324708484113216,-0.149681359529495,-10.8812952041626,-2.0661141872406,0.654672741889954,0.211458131670952,-0.0354156382381916,88.479143567,-102.7476297545,-4.0692009605,-0.547688583369923,0.702285672583791,1.97213306093951
-23.345947265625,8.544921875,-312.423706054688,-28.1906127929688,-18.9208984375,-390.31982421875,3.9289448261261,-6.8567943572998,-5.80372714996338,-0.114600099623203,-0.0954284742474556,-0.114991419017315,-2.07798337936401,-5.62247705459595,7.04481601715088,-0.0621947050094604,-0.0129935229197145,0.00110318756196648,0.922472715377808,-4.53474378585815,8.43821239471436,0.711857438087463,-0.505756855010986,-0.0383299887180328,-0.141456231474876,-10.8809280395508,-2.08385038375854,0.656048595905304,0.210184827446938,-0.0349248088896275,88.479175934,-102.747969924,-4.069278666,-0.547048421791506,0.701706407191352,1.96964862797984
-23.193359375,8.392333984375,-312.5,-28.1524658203125,-18.9208984375,-390.31982421875,3.95625495910645,-6.8600025177002,-5.79244947433472,-0.115317039191723,-0.0976172611117363,-0.111902080476284,-2.07105588912964,-5.6186351776123,7.04790163040161,-0.0607102103531361,-0.0153094734996557,-0.000356001371983439,0.972672998905182,-4.47896909713745,8.43856620788574,0.710999071598053,-0.503158390522003,-0.0441891252994537,-0.133231088519096,-10.8805599212646,-2.10158658027649,0.65742439031601,0.208911538124084,-0.0344339795410633,88.479208301,-102.7483100935,-4.0693563715,-0.546408260213088,0.701127141798913,1.96716419502018
-23.2315063476563,8.43048095703125,-312.347412109375,-28.228759765625,-19.0353393554688,-390.31982421875,3.98356509208679,-6.86321067810059,-5.78117227554321,-0.116033986210823,-0.0998060554265976,-0.108812734484673,-2.06412839889526,-5.61479330062866,7.05098724365234,-0.059225719422102,-0.0176254250109196,-0.00181519030593336,1.02287340164185,-4.42319440841675,8.43892097473145,0.710140645503998,-0.500559866428375,-0.0500482656061649,-0.125005960464478,-10.8801918029785,-2.11932277679443,0.65880024433136,0.20763823390007,-0.0339431501924992,88.479240668,-102.748650263,-4.069434077,-0.54576809863467,0.700547876406474,1.96467976206051
-23.2696533203125,8.4686279296875,-312.19482421875,-28.3050537109375,-19.1497802734375,-390.31982421875,4.01087522506714,-6.86641931533813,-5.76989507675171,-0.116750925779343,-0.101994842290878,-0.105723395943642,-2.05720090866089,-5.61095142364502,7.05407333374023,-0.0577412284910679,-0.0199413765221834,-0.00327437929809093,1.07307374477386,-4.36741971969604,8.43927574157715,0.709282279014587,-0.497961342334747,-0.0559074021875858,-0.116780824959278,-10.8798246383667,-2.13705897331238,0.660176038742065,0.206364929676056,-0.0334523171186447,88.479273035,-102.7489904325,-4.0695117825,-0.545127937056253,0.699968611014036,1.96219532910084
-23.1552124023438,8.50677490234375,-311.965942382813,-28.4194946289063,-19.1879272460938,-390.396118164063,4.03818511962891,-6.86962747573853,-5.75861787796021,-0.117467865347862,-0.10418363660574,-0.102634057402611,-2.05027341842651,-5.60710954666138,7.05715894699097,-0.0562567338347435,-0.0222573280334473,-0.00473356805741787,1.12327408790588,-4.31164503097534,8.43963050842285,0.708423912525177,-0.495362818241119,-0.061766542494297,-0.108555689454079,-10.8794565200806,-2.15479516983032,0.661551833152771,0.205091625452042,-0.0329614877700806,88.479305402,-102.749330602,-4.069589488,-0.544487775477835,0.699389345621597,1.95971089614117
-23.040771484375,8.544921875,-311.737060546875,-28.533935546875,-19.22607421875,-390.472412109375,4.06549501419067,-6.87283563613892,-5.7473406791687,-0.118184812366962,-0.106372430920601,-0.0995447114109993,-2.04334592819214,-5.60326766967773,7.0602445602417,-0.0547722429037094,-0.0245732795447111,-0.00619275728240609,1.1734744310379,-4.25586986541748,8.43998527526855,0.707565486431122,-0.492764323949814,-0.0676256790757179,-0.100330553948879,-10.8790884017944,-2.17253136634827,0.662927687168121,0.203818321228027,-0.0324706584215164,88.479337769,-102.7496707715,-4.0696671935,-0.543847613899418,0.698810080229158,1.95722646318151
-23.2315063476563,8.43048095703125,-311.58447265625,-28.4576416015625,-19.3023681640625,-390.472412109375,4.0928053855896,-6.87604427337646,-5.7360634803772,-0.118901751935482,-0.108561217784882,-0.0964553728699684,-2.03641843795776,-5.59942579269409,7.06333017349243,-0.0532877519726753,-0.026889231055975,-0.00765194604173303,1.22367477416992,-4.20009517669678,8.44034004211426,0.706707119941711,-0.490165799856186,-0.0734848231077194,-0.0921054184436798,-10.8787212371826,-2.19026756286621,0.664303481578827,0.202545017004013,-0.0319798290729523,88.479370136,-102.750010941,-4.069744899,-0.543207452321,0.698230814836719,1.95474203022184
-23.4222412109375,8.3160400390625,-311.431884765625,-28.38134765625,-19.378662109375,-390.472412109375,4.12011528015137,-6.87925243377686,-5.72478628158569,-0.119618698954582,-0.110750012099743,-0.0933660268783569,-2.02949094772339,-5.59558391571045,7.06641578674316,-0.0518032573163509,-0.0292051825672388,-0.00911113526672125,1.27387511730194,-4.14432048797607,8.44069480895996,0.705848753452301,-0.48756730556488,-0.0793439596891403,-0.0838802829384804,-10.8783531188965,-2.20800375938416,0.665679335594177,0.201271712779999,-0.0314889997243881,88.479402503,-102.7503511105,-4.0698226045,-0.542567290742583,0.69765154944428,1.95225759726217
-23.2696533203125,8.43048095703125,-311.431884765625,-28.3432006835938,-19.4168090820313,-390.396118164063,4.1500997543335,-6.88443326950073,-5.71697664260864,-0.120188355445862,-0.110782332718372,-0.0901443660259247,-2.02398300170898,-5.59337568283081,7.06902933120728,-0.0503768473863602,-0.0312674306333065,-0.0105464654043317,1.31757891178131,-4.09250545501709,8.45133972167969,0.70532888174057,-0.485589861869812,-0.0858855694532394,-0.0772549584507942,-10.8790321350098,-2.23266935348511,0.666579902172089,0.200182199478149,-0.0312205478549004,88.47943487,-102.75069128,-4.06990031,-0.541927129164165,0.697072284051841,1.9497731643025
-23.1170654296875,8.544921875,-311.431884765625,-28.3050537109375,-19.4549560546875,-390.31982421875,4.18275880813599,-6.8915867805481,-5.71263408660889,-0.120610728859901,-0.10865817964077,-0.0867903828620911,-2.01989459991455,-5.59280061721802,7.07117080688477,-0.0490085184574127,-0.0330759771168232,-0.0119579378515482,1.35478615760803,-4.04465055465698,8.47227478027344,0.705147504806519,-0.484233528375626,-0.0931096524000168,-0.0722294449806213,-10.8807592391968,-2.26426410675049,0.667005181312561,0.199276462197304,-0.0311744771897793,88.479696924,-102.75110068,-4.069947685,-0.541939044247008,0.696939161342449,1.94860272286292
-23.1552124023438,8.392333984375,-311.431884765625,-28.38134765625,-19.53125,-390.625,4.21541738510132,-6.89874076843262,-5.70829153060913,-0.121033102273941,-0.106534034013748,-0.0834363996982574,-2.01580595970154,-5.59222555160522,7.0733118057251,-0.0476401895284653,-0.0348845236003399,-0.0133694093674421,1.39199352264404,-3.99679517745972,8.49320983886719,0.704966187477112,-0.482877194881439,-0.100333735346794,-0.0672039315104485,-10.8824853897095,-2.29585886001587,0.667430460453033,0.198370724916458,-0.0311284083873034,88.479958978,-102.75151008,-4.06999506,-0.54195095932985,0.696806038633058,1.94743228142334
-23.193359375,8.23974609375,-311.431884765625,-28.4576416015625,-19.6075439453125,-390.93017578125,4.24807643890381,-6.90589427947998,-5.70394897460938,-0.121455483138561,-0.104409880936146,-0.0800824239850044,-2.0117175579071,-5.59165000915527,7.07545328140259,-0.0462718643248081,-0.0366930663585663,-0.0147808818146586,1.42920088768005,-3.94894003868103,8.51414489746094,0.70478481054306,-0.481520861387253,-0.107557825744152,-0.0621784180402756,-10.8842124938965,-2.32745385169983,0.667855799198151,0.197464987635612,-0.0310823377221823,88.480221032,-102.75191948,-4.070042435,-0.541962874412693,0.696672915923666,1.94626183998375
-23.193359375,8.23974609375,-311.508178710938,-28.3432006835938,-19.7982788085938,-390.93017578125,4.2807354927063,-6.91304779052734,-5.69960641860962,-0.121877856552601,-0.102285735309124,-0.0767284408211708,-2.00762915611267,-5.59107494354248,7.07759475708008,-0.0449035353958607,-0.038501612842083,-0.0161923542618752,1.46640813350677,-3.90108489990234,8.53507995605469,0.704603433609009,-0.480164527893066,-0.114781908690929,-0.0571529045701027,-10.8859386444092,-2.35904860496521,0.668281078338623,0.196559250354767,-0.0310362670570612,88.480483086,-102.75232888,-4.07008981,-0.541974789495536,0.696539793214274,1.94509139854417
-23.193359375,8.23974609375,-311.58447265625,-28.228759765625,-19.989013671875,-390.93017578125,4.31339406967163,-6.92020130157471,-5.69526433944702,-0.12230022996664,-0.100161582231522,-0.0733744576573372,-2.00354075431824,-5.59049987792969,7.07973575592041,-0.0435352064669132,-0.0403101593255997,-0.0176038257777691,1.50361549854279,-3.85322976112366,8.55601501464844,0.704422116279602,-0.478808164596558,-0.122005991637707,-0.0521273910999298,-10.8876657485962,-2.39064335823059,0.668706357479095,0.195653513073921,-0.0309901982545853,88.48074514,-102.75273828,-4.070137185,-0.541986704578379,0.696406670504882,1.94392095710458
-22.9644775390625,8.12530517578125,-311.431884765625,-28.1906127929688,-19.9508666992188,-391.082763671875,4.34605312347412,-6.92735481262207,-5.69092178344727,-0.12272260338068,-0.0980374366044998,-0.0700204744935036,-1.99945223331451,-5.58992481231689,7.0818772315979,-0.0421668775379658,-0.0421187058091164,-0.019015297293663,1.5408228635788,-3.80537462234497,8.57695007324219,0.704240739345551,-0.477451831102371,-0.129230067133904,-0.0471018776297569,-10.8893918991089,-2.42223811149597,0.669131696224213,0.194747775793076,-0.0309441275894642,88.481007194,-102.75314768,-4.07018456,-0.541998619661221,0.69627354779549,1.942750515665
-22.735595703125,8.0108642578125,-311.279296875,-28.1524658203125,-19.9127197265625,-391.2353515625,4.37871170043945,-6.93450880050659,-5.68657922744751,-0.12314497679472,-0.0959132835268974,-0.06666649132967,-1.99536371231079,-5.5893497467041,7.08401823043823,-0.0407985486090183,-0.0439272522926331,-0.020426768809557,1.57803010940552,-3.75751948356628,8.59788417816162,0.704059422016144,-0.476095497608185,-0.136454164981842,-0.0420763678848743,-10.8911190032959,-2.45383286476135,0.669556975364685,0.19384203851223,-0.0308980569243431,88.481269248,-102.75355708,-4.070231935,-0.542010534744064,0.696140425086099,1.94158007422541
-22.6593017578125,8.1634521484375,-311.279296875,-28.3050537109375,-20.0653076171875,-391.311645507813,4.41137075424194,-6.94166231155396,-5.68223667144775,-0.123567350208759,-0.0937891378998756,-0.0633125081658363,-1.99127531051636,-5.58877468109131,7.08615970611572,-0.0394302196800709,-0.0457357987761497,-0.021838242188096,1.61523747444153,-3.7096643447876,8.61881923675537,0.703878045082092,-0.474739164113998,-0.143678247928619,-0.0370508544147015,-10.8928451538086,-2.48542761802673,0.669982254505157,0.192936301231384,-0.0308519881218672,88.481531302,-102.75396648,-4.07027931,-0.542022449826907,0.696007302376707,1.94040963278583
-22.5830078125,8.3160400390625,-311.279296875,-28.4576416015625,-20.2178955078125,-391.387939453125,4.44402980804443,-6.94881582260132,-5.677894115448,-0.123989723622799,-0.0916649848222733,-0.059958528727293,-1.98718678951263,-5.58819961547852,7.08830118179321,-0.0380618907511234,-0.0475443452596664,-0.02324971370399,1.65244472026825,-3.66180920600891,8.63975429534912,0.703696668148041,-0.473382830619812,-0.150902330875397,-0.0320253409445286,-10.8945722579956,-2.51702237129211,0.670407593250275,0.1920305788517,-0.0308059174567461,88.481793356,-102.75437588,-4.070326685,-0.54203436490975,0.695874179667315,1.93923919134624
-22.5067138671875,8.1634521484375,-311.126708984375,-28.3050537109375,-20.2560424804688,-391.387939453125,4.47668838500977,-6.95596933364868,-5.67355155944824,-0.124412104487419,-0.0895408391952515,-0.0566045455634594,-1.9830983877182,-5.58762407302856,7.09044218063354,-0.0366935655474663,-0.0493528880178928,-0.0246611852198839,1.68965208530426,-3.61395406723022,8.66068935394287,0.703515350818634,-0.472026497125626,-0.158126413822174,-0.0269998293370008,-10.8962984085083,-2.54861736297607,0.670832872390747,0.191124841570854,-0.030759846791625,88.48205541,-102.75478528,-4.07037406,-0.542046279992592,0.695741056957923,1.93806874990666
-22.430419921875,8.0108642578125,-310.97412109375,-28.1524658203125,-20.294189453125,-391.387939453125,4.50934743881226,-6.9631233215332,-5.66920948028564,-0.124834477901459,-0.0874166861176491,-0.0532505623996258,-1.97900986671448,-5.58704900741577,7.09258365631104,-0.0353252366185188,-0.0511614345014095,-0.0260726567357779,1.72685945034027,-3.56609892845154,8.68162441253662,0.703333973884583,-0.470670133829117,-0.165350496768951,-0.021974315866828,-10.8980255126953,-2.58021211624146,0.671258151531219,0.190219104290009,-0.0307137761265039,88.482317464,-102.75519468,-4.070421435,-0.542058195075435,0.695607934248531,1.93689830846707
-22.4685668945313,8.0108642578125,-311.050415039063,-28.076171875,-20.3323364257813,-391.464233398438,4.54200601577759,-6.97027683258057,-5.66486692428589,-0.125256851315498,-0.0852925404906273,-0.0498965829610825,-1.97492146492004,-5.58647394180298,7.09472465515137,-0.0339569076895714,-0.0529699809849262,-0.0274841301143169,1.76406669616699,-3.51824378967285,8.70255947113037,0.703152656555176,-0.46931380033493,-0.172574579715729,-0.0169488042593002,-10.899751663208,-2.61180686950684,0.671683490276337,0.189313367009163,-0.030667707324028,88.482579518,-102.75560408,-4.07046881,-0.542070110158278,0.695474811539139,1.93572786702749
-22.5067138671875,8.0108642578125,-311.126708984375,-27.9998779296875,-20.3704833984375,-391.54052734375,4.57466506958008,-6.97743034362793,-5.66052436828613,-0.125679224729538,-0.0831683874130249,-0.0465425997972488,-1.97083294391632,-5.58589887619019,7.09686613082886,-0.0325885787606239,-0.0547785274684429,-0.0288956016302109,1.801274061203,-3.47038865089417,8.72349452972412,0.702971279621124,-0.467957466840744,-0.179798662662506,-0.0119232907891273,-10.901478767395,-2.64340162277222,0.672108769416809,0.188407629728317,-0.0306216366589069,88.482841572,-102.75601348,-4.070516185,-0.54208202524112,0.695341688829747,1.9345574255879
-22.430419921875,8.04901123046875,-311.355590820313,-27.9998779296875,-20.3704833984375,-391.2353515625,4.60025644302368,-6.98675346374512,-5.67713642120361,-0.126360490918159,-0.0799644738435745,-0.043762668967247,-1.96478271484375,-5.58551073074341,7.10048007965088,-0.0316931791603565,-0.0562332086265087,-0.030113784596324,1.80866086483002,-3.44317817687988,8.74935436248779,0.703555881977081,-0.466523557901382,-0.18481257557869,-0.00911920703947544,-10.9036073684692,-2.66189193725586,0.671595573425293,0.187088251113892,-0.0305175054818392,88.483103626,-102.75642288,-4.07056356,-0.542093940323963,0.695208566120356,1.93338698414832
-22.3541259765625,8.087158203125,-311.58447265625,-27.9998779296875,-20.3704833984375,-390.93017578125,4.62584781646729,-6.99607610702515,-5.69374847412109,-0.12704174220562,-0.0767605677247047,-0.0409827344119549,-1.95873236656189,-5.58512258529663,7.10409450531006,-0.0307977832853794,-0.0576878897845745,-0.0313319675624371,1.81604766845703,-3.4159677028656,8.77521419525146,0.704140424728394,-0.465089678764343,-0.189826488494873,-0.00631512328982353,-10.9057350158691,-2.6803822517395,0.671082377433777,0.185768872499466,-0.0304133743047714,88.48336568,-102.75683228,-4.070610935,-0.542105855406806,0.695075443410964,1.93221654270873
-22.3159790039063,8.20159912109375,-311.58447265625,-28.3050537109375,-20.3704833984375,-390.31982421875,4.65143966674805,-7.00539922714233,-5.71036052703857,-0.127723008394241,-0.0735566541552544,-0.038202803581953,-1.95268213748932,-5.5847339630127,7.10770845413208,-0.0299023855477571,-0.0591425709426403,-0.032550148665905,1.82343459129333,-3.38875699043274,8.80107402801514,0.704725027084351,-0.463655769824982,-0.194840401411057,-0.00351103930734098,-10.9078636169434,-2.69887256622314,0.670569181442261,0.184449508786201,-0.0303092431277037,88.483627734,-102.75724168,-4.07065831,-0.542117770489649,0.694942320701572,1.93104610126915
-22.27783203125,8.3160400390625,-311.58447265625,-28.6102294921875,-20.3704833984375,-389.70947265625,4.67703104019165,-7.01472187042236,-5.72697257995605,-0.128404259681702,-0.070352740585804,-0.0354228690266609,-1.94663190841675,-5.58434581756592,7.11132287979126,-0.0290069878101349,-0.0605972521007061,-0.0337683297693729,1.83082139492035,-3.36154651641846,8.82693386077881,0.705309629440308,-0.46222186088562,-0.19985431432724,-0.00070695549948141,-10.9099922180176,-2.71736288070679,0.670055985450745,0.183130130171776,-0.0302051119506359,88.483889788,-102.75765108,-4.070705685,-0.542129685572492,0.69480919799218,1.92987565982957
-22.2396850585938,8.20159912109375,-311.813354492188,-28.8772583007813,-20.2560424804688,-388.7939453125,4.70262241363525,-7.02404499053955,-5.74358463287354,-0.129085525870323,-0.0671488344669342,-0.0326429381966591,-1.94058167934418,-5.58395767211914,7.11493682861328,-0.0281115900725126,-0.0620519332587719,-0.0349865145981312,1.83820819854736,-3.33433604240417,8.85279369354248,0.705894231796265,-0.460787981748581,-0.204868227243423,0.00209712819196284,-10.9121198654175,-2.73585319519043,0.669542789459229,0.18181075155735,-0.0301009807735682,88.484151842,-102.75806048,-4.07075306,-0.542141600655334,0.694676075282788,1.92870521838998
-22.2015380859375,8.087158203125,-312.042236328125,-29.144287109375,-20.1416015625,-387.87841796875,4.72821378707886,-7.03336763381958,-5.76019668579102,-0.129766777157784,-0.0639449208974838,-0.0298630055040121,-1.93453133106232,-5.58356952667236,7.1185507774353,-0.0272161923348904,-0.063506618142128,-0.0362046957015991,1.84559500217438,-3.30712556838989,8.87865352630615,0.706478774547577,-0.459354072809219,-0.209882140159607,0.00490121217444539,-10.9142484664917,-2.75434350967407,0.669029593467712,0.180491372942924,-0.0299968495965004,88.484413896,-102.75846988,-4.070800435,-0.542153515738177,0.694542952573396,1.9275347769504
-22.3922729492188,8.23974609375,-312.347412109375,-29.0298461914063,-20.1797485351563,-387.420654296875,4.75380516052246,-7.04269075393677,-5.77680826187134,-0.130448043346405,-0.0607410110533237,-0.0270830728113651,-1.92848110198975,-5.58318090438843,7.12216520309448,-0.0263207945972681,-0.0649612993001938,-0.0374228768050671,1.85298180580139,-3.27991509437561,8.90451240539551,0.707063376903534,-0.45792019367218,-0.214896038174629,0.0077052959240973,-10.9163761138916,-2.77283382415771,0.668516337871552,0.17917200922966,-0.0298927184194326,88.48467595,-102.75887928,-4.07084781,-0.54216543082102,0.694409829864005,1.92636433551081
-22.5830078125,8.392333984375,-312.652587890625,-28.9154052734375,-20.2178955078125,-386.962890625,4.77939653396606,-7.0520133972168,-5.79342031478882,-0.131129294633865,-0.0575370974838734,-0.0243031401187181,-1.92243087291718,-5.58279275894165,7.1257791519165,-0.0254253968596458,-0.0664159804582596,-0.0386410616338253,1.86036860942841,-3.25270462036133,8.93037223815918,0.707647979259491,-0.456486284732819,-0.219909951090813,0.0105093801394105,-10.9185047149658,-2.79132413864136,0.668003141880035,0.177852630615234,-0.0297885872423649,88.569952328,-102.880826449,-4.077621107,-0.542235028263902,0.693989542229331,1.92654656847108
-22.27783203125,8.23974609375,-312.576293945313,-28.1906127929688,-20.3323364257813,-388.107299804688,4.80498838424683,-7.06133651733398,-5.8100323677063,-0.131810560822487,-0.0543331876397133,-0.0215232074260712,-1.9163806438446,-5.58240461349487,7.12939357757568,-0.0245299991220236,-0.0678706616163254,-0.0398592427372932,1.86775553226471,-3.22549390792847,8.95623207092285,0.708232522010803,-0.455052375793457,-0.224923864006996,0.0133134638890624,-10.92063331604,-2.809814453125,0.667489945888519,0.176533252000809,-0.0296844560652971,88.655228706,-103.002773618,-4.084394404,-0.542304625706784,0.693569254594658,1.92672880143134
-21.97265625,8.087158203125,-312.5,-27.4658203125,-20.44677734375,-389.251708984375,4.83057975769043,-7.07065963745117,-5.82664442062378,-0.132491812109947,-0.0511292777955532,-0.0187432747334242,-1.91033029556274,-5.5820164680481,7.13300752639771,-0.0236346013844013,-0.0693253427743912,-0.0410774238407612,1.87514233589172,-3.19828343391418,8.98209190368652,0.70881712436676,-0.453618496656418,-0.22993777692318,0.0161175467073917,-10.9227609634399,-2.82830476760864,0.666976749897003,0.175213873386383,-0.0295803248882294,88.740505084,-103.124720787,-4.091167701,-0.542374223149667,0.693148966959984,1.92691103439161
-21.97265625,8.12530517578125,-312.423706054688,-26.2069702148438,-21.05712890625,-389.938354492188,4.85617113113403,-7.0799822807312,-5.84325647354126,-0.133173078298569,-0.0479253642261028,-0.0159633420407772,-1.90428006649017,-5.58162832260132,7.13662147521973,-0.0227392036467791,-0.070780023932457,-0.0422956086695194,1.88252913951874,-3.1710729598999,9.0079517364502,0.709401726722717,-0.452184587717056,-0.234951689839363,0.0189216304570436,-10.9248895645142,-2.84679508209229,0.666463553905487,0.173894494771957,-0.0294761937111616,88.825781462,-103.246667956,-4.097940998,-0.542443820592549,0.69272867932531,1.92709326735187
-21.97265625,8.1634521484375,-312.347412109375,-24.9481201171875,-21.66748046875,-390.625,4.88176250457764,-7.08930540084839,-5.85986852645874,-0.133854329586029,-0.0447214543819427,-0.0131834102794528,-1.8982298374176,-5.58123970031738,7.14023590087891,-0.0218438059091568,-0.0722347050905228,-0.0435137897729874,1.88991594314575,-3.14386248588562,9.03381156921387,0.70998626947403,-0.450750678777695,-0.239965602755547,0.0217257142066956,-10.9270181655884,-2.86528539657593,0.665950357913971,0.172575131058693,-0.0293720625340939,88.91105784,-103.368615125,-4.104714295,-0.542513418035431,0.692308391690637,1.92727550031213
-21.8582153320313,8.1634521484375,-311.8896484375,-24.6810913085938,-22.3922729492188,-391.311645507813,4.90735387802124,-7.09862804412842,-5.87648057937622,-0.134535595774651,-0.0415175445377827,-0.0104034775868058,-1.89217960834503,-5.58085155487061,7.14384984970093,-0.0209484081715345,-0.0736893862485886,-0.0447319708764553,1.89730274677277,-3.11665201187134,9.05967140197754,0.710570871829987,-0.449316799640656,-0.24497951567173,0.0245297979563475,-10.9291458129883,-2.88377571105957,0.665437161922455,0.171255752444267,-0.0292679313570261,88.996334218,-103.490562294,-4.111487592,-0.542583015478313,0.691888104055963,1.9274577332724
-21.7437744140625,8.1634521484375,-311.431884765625,-24.4140625,-23.1170654296875,-391.998291015625,4.92793273925781,-7.11652755737305,-5.88933324813843,-0.135361850261688,-0.0375893078744411,-0.00777380354702473,-1.883549451828,-5.58002853393555,7.15203857421875,-0.0203809980303049,-0.0746078118681908,-0.0456883423030376,1.89605689048767,-3.09808826446533,9.08111667633057,0.710333585739136,-0.44692724943161,-0.24883097410202,0.0251152254641056,-10.9345674514771,-2.88978433609009,0.664429426193237,0.169511750340462,-0.02904555760324,89.081610596,-103.612509463,-4.118260889,-0.542652612921196,0.69146781642129,1.92763996623266
-21.8582153320313,8.04901123046875,-311.58447265625,-25.0244140625,-23.9181518554688,-391.2353515625,4.94349813461304,-7.14300346374512,-5.89842700958252,-0.136333107948303,-0.0329367481172085,-0.00529438816010952,-1.8723396062851,-5.57877016067505,7.16480112075806,-0.0201415754854679,-0.0749899819493294,-0.0463829003274441,1.88617837429047,-3.0881712436676,9.09814834594727,0.709274470806122,-0.443582028150558,-0.251519978046417,0.0234819930046797,-10.9432811737061,-2.88331127166748,0.662927150726318,0.167343139648438,-0.0287049375474453,89.166886974,-103.734456632,-4.125034186,-0.542722210364078,0.691047528786616,1.92782219919293
-21.97265625,7.9345703125,-311.737060546875,-25.634765625,-24.71923828125,-390.472412109375,4.95906400680542,-7.16947889328003,-5.90752077102661,-0.137304365634918,-0.028284190222621,-0.00281497300602496,-1.86112976074219,-5.57751226425171,7.17756414413452,-0.0199021548032761,-0.075372152030468,-0.0470774583518505,1.87629985809326,-3.07825422286987,9.11517906188965,0.708215355873108,-0.440236836671829,-0.254209011793137,0.0218487605452538,-10.9519948959351,-2.87683844566345,0.661424815654755,0.165174514055252,-0.0283643193542957,89.252163352,-103.856403801,-4.131807483,-0.54279180780696,0.690627241151942,1.92800443215319
-22.0489501953125,8.04901123046875,-311.965942382813,-26.7791748046875,-24.8336791992188,-390.31982421875,4.97462940216064,-7.1959547996521,-5.9166145324707,-0.138275623321533,-0.0236316323280334,-0.000335557881044224,-1.84991991519928,-5.57625389099121,7.19032669067383,-0.0196627341210842,-0.075754314661026,-0.0477720163762569,1.86642134189606,-3.06833720207214,9.13221073150635,0.707156181335449,-0.436891615390778,-0.256898015737534,0.0202155280858278,-10.9607086181641,-2.87036538124084,0.659922540187836,0.163005888462067,-0.028023699298501,89.33743973,-103.97835097,-4.13858078,-0.542861405249842,0.690206953517269,1.92818666511346
-22.125244140625,8.1634521484375,-312.19482421875,-27.923583984375,-24.9481201171875,-390.167236328125,4.99019527435303,-7.22243070602417,-5.92570829391479,-0.139246881008148,-0.0189790744334459,0.00214385730214417,-1.83871006965637,-5.57499551773071,7.20308971405029,-0.0194233115762472,-0.0761364847421646,-0.0484665744006634,1.85654270648956,-3.05842041969299,9.14924144744873,0.706097066402435,-0.433546423912048,-0.259587019681931,0.0185822974890471,-10.9694223403931,-2.86389231681824,0.658420264720917,0.160837277770042,-0.0276830811053514,89.422716108,-104.100298139,-4.145354077,-0.542931002692725,0.689786665882595,1.92836889807372
-22.2396850585938,8.20159912109375,-312.652587890625,-28.6102294921875,-24.6810913085938,-390.93017578125,5.00576066970825,-7.24890661239624,-5.93480205535889,-0.140218138694763,-0.0143265156075358,0.00462327245622873,-1.82750022411346,-5.57373762130737,7.2158522605896,-0.0191838908940554,-0.0765186548233032,-0.0491611324250698,1.84666419029236,-3.04850339889526,9.16627216339111,0.705037951469421,-0.430201202630997,-0.262276023626328,0.0169490650296211,-10.9781360626221,-2.85741949081421,0.656917929649353,0.158668652176857,-0.0273424610495567,89.507992486,-104.222245308,-4.152127374,-0.543000600135607,0.689366378247922,1.92855113103399
-22.3541259765625,8.23974609375,-313.1103515625,-29.296875,-24.4140625,-391.693115234375,5.02132654190063,-7.27538251876831,-5.94389581680298,-0.141189396381378,-0.00967395678162575,0.00710268784314394,-1.81629037857056,-5.57247924804688,7.22861528396606,-0.0189444702118635,-0.0769008249044418,-0.0498556904494762,1.83678567409515,-3.03858637809753,9.18330383300781,0.703978776931763,-0.426856011152267,-0.264965027570724,0.0153158325701952,-10.9868497848511,-2.8509464263916,0.655415654182434,0.156500026583672,-0.0270018428564072,89.593268864,-104.344192477,-4.158900671,-0.543070197578489,0.688946090613248,1.92873336399425
-22.2396850585938,8.12530517578125,-313.644409179688,-28.99169921875,-23.49853515625,-392.4560546875,5.03689193725586,-7.30185794830322,-5.95298957824707,-0.142160668969154,-0.00502139795571566,0.00958210323005915,-1.80508053302765,-5.57122135162354,7.24137783050537,-0.0187050476670265,-0.0772829949855804,-0.0505502447485924,1.82690715789795,-3.0286693572998,9.2003345489502,0.702919661998749,-0.423510789871216,-0.267654061317444,0.0136826010420918,-10.9955635070801,-2.84447336196899,0.653913378715515,0.154331415891647,-0.0266612228006124,89.678545242,-104.466139646,-4.165673968,-0.543139795021371,0.688525802978575,1.92891559695452
-22.125244140625,8.0108642578125,-314.178466796875,-28.6865234375,-22.5830078125,-393.218994140625,5.05245780944824,-7.32833385467529,-5.96208333969116,-0.143131926655769,-0.000368839188013226,0.0120615186169744,-1.79387068748474,-5.56996297836304,7.25414085388184,-0.0184656269848347,-0.0776651650667191,-0.0512448027729988,1.81702852249146,-3.01875257492065,9.21736621856689,0.701860547065735,-0.420165598392487,-0.270343065261841,0.0120493685826659,-11.0042772293091,-2.83800053596497,0.652411043643951,0.152162790298462,-0.0263206046074629,89.76382162,-104.588086815,-4.172447265,-0.543209392464254,0.688105515343901,1.92909782991478
-22.125244140625,7.89642333984375,-313.873291015625,-27.6947021484375,-21.3623046875,-393.142700195313,5.06802320480347,-7.35480976104736,-5.97117710113525,-0.144103184342384,0.00428371923044324,0.0145409340038896,-1.78266084194183,-5.56870460510254,7.26690340042114,-0.0182262044399977,-0.0780473351478577,-0.0519393607974052,1.80715000629425,-3.00883555412292,9.23439693450928,0.700801372528076,-0.416820377111435,-0.273032069206238,0.0104161370545626,-11.0129919052124,-2.83152747154236,0.650908768177032,0.149994179606438,-0.0259799845516682,89.849097998,-104.710033984,-4.179220562,-0.543278989907136,0.687685227709228,1.92928006287505
-22.125244140625,7.781982421875,-313.568115234375,-26.702880859375,-20.1416015625,-393.06640625,5.08358907699585,-7.38128566741943,-5.98027086257935,-0.145074442028999,0.00893627852201462,0.0170203484594822,-1.77145099639893,-5.5674467086792,7.27966642379761,-0.0179867837578058,-0.0784294977784157,-0.0526339188218117,1.79727149009705,-2.9989185333252,9.25142860412598,0.699742257595062,-0.413475185632706,-0.275721073150635,0.00878290459513664,-11.0217056274414,-2.82505440711975,0.649406492710114,0.147825554013252,-0.0256393663585186,89.934374376,-104.831981153,-4.185993859,-0.543348587350018,0.687264940074554,1.92946229583531
-21.66748046875,7.8582763671875,-313.644409179688,-25.93994140625,-19.4168090820313,-391.845703125,5.09915447235107,-7.40776109695435,-5.98936462402344,-0.146045699715614,0.0135888364166021,0.0194997638463974,-1.76024115085602,-5.5661883354187,7.29242897033691,-0.017747363075614,-0.0788116678595543,-0.0533284768462181,1.78739297389984,-2.98900151252747,9.26845932006836,0.698683142662048,-0.410129964351654,-0.278410106897354,0.00714967306703329,-11.0304193496704,-2.81858134269714,0.647904217243195,0.145656928420067,-0.0252987463027239,90.019650754,-104.953928322,-4.192767156,-0.543418184792901,0.68684465243988,1.92964452879558
-21.209716796875,7.9345703125,-313.720703125,-25.177001953125,-18.6920166015625,-390.625,5.11472034454346,-7.43423700332642,-5.99845838546753,-0.147016957402229,0.0182413961738348,0.0219791792333126,-1.74903130531311,-5.56493043899536,7.30519199371338,-0.017507940530777,-0.0791938379406929,-0.0540230348706245,1.77751433849335,-2.97908473014832,9.28549098968506,0.69762396812439,-0.406784772872925,-0.281099110841751,0.00551644107326865,-11.0391330718994,-2.81210851669312,0.646401882171631,0.143488317728043,-0.0249581281095743,90.104927132,-105.075875491,-4.199540453,-0.543487782235783,0.686424364805207,1.92982676175584
-21.1334228515625,7.89642333984375,-313.41552734375,-25.2532958984375,-17.7001953125,-389.633178710938,5.13028573989868,-7.46071290969849,-6.00755214691162,-0.147988215088844,0.0228939540684223,0.0244585946202278,-1.7378214597702,-5.56367206573486,7.31795454025269,-0.0172685198485851,-0.0795760080218315,-0.054717592895031,1.76763582229614,-2.96916770935059,9.30252170562744,0.696564853191376,-0.403439551591873,-0.283788114786148,0.00388320907950401,-11.0478467941284,-2.80563545227051,0.644899606704712,0.141319692134857,-0.0246175080537796,90.19020351,-105.19782266,-4.20631375,-0.543557379678665,0.686004077170533,1.93000899471611
-21.05712890625,7.8582763671875,-313.1103515625,-25.32958984375,-16.7083740234375,-388.641357421875,5.12345838546753,-7.49439573287964,-6.01808643341064,-0.148403167724609,0.0270853657275438,0.0261705350130796,-1.73199272155762,-5.55566740036011,7.32909059524536,-0.0177995525300503,-0.0790449753403664,-0.0549034960567951,1.74855542182922,-2.98116827011108,9.30965518951416,0.692731738090515,-0.400186657905579,-0.285934418439865,0.000771230435930192,-11.0565671920776,-2.80611801147461,0.644324064254761,0.138832777738571,-0.0240403898060322,90.1897845,-105.198055703,-4.206298021,-0.544149131719491,0.68593253682148,1.93131978293921
-21.05712890625,8.0108642578125,-313.262939453125,-26.0162353515625,-16.5939331054688,-388.48876953125,5.11663103103638,-7.52807855606079,-6.02862024307251,-0.148818105459213,0.0312767773866653,0.0278824772685766,-1.72616410255432,-5.54766321182251,7.34022617340088,-0.0183305852115154,-0.0785139426589012,-0.0550893992185593,1.7294750213623,-2.99316883087158,9.31678867340088,0.68889856338501,-0.396933794021606,-0.288080722093582,-0.00234074820764363,-11.0652866363525,-2.80660057067871,0.64374852180481,0.136345848441124,-0.0234632734209299,90.18936549,-105.198288746,-4.206282292,-0.544740883760316,0.685860996472426,1.93263057116231
-21.05712890625,8.1634521484375,-313.41552734375,-26.702880859375,-16.4794921875,-388.336181640625,5.10980319976807,-7.5617618560791,-6.03915452957153,-0.149233058094978,0.0354681871831417,0.0295944176614285,-1.72033536434174,-5.53965854644775,7.35136222839355,-0.0188616197556257,-0.0779829099774361,-0.0552752986550331,1.71039474010468,-3.00516939163208,9.32392311096191,0.685065448284149,-0.393680900335312,-0.290227025747299,-0.00545272696763277,-11.0740070343018,-2.80708336830139,0.643172979354858,0.133858934044838,-0.0228861551731825,90.18894648,-105.198521789,-4.206266563,-0.545332635801141,0.685789456123372,1.93394135938541
-21.1334228515625,8.1634521484375,-313.873291015625,-27.8091430664063,-16.7465209960938,-388.7939453125,5.10297584533691,-7.59544467926025,-6.04968881607056,-0.149648010730743,0.0396595969796181,0.0313063599169254,-1.71450674533844,-5.53165435791016,7.36249828338623,-0.0193926524370909,-0.0774518772959709,-0.0554612018167973,1.69131433963776,-3.017169713974,9.33105659484863,0.681232333183289,-0.39042803645134,-0.292373299598694,-0.00856470596045256,-11.082727432251,-2.80756592750549,0.642597377300262,0.131372019648552,-0.0223090387880802,90.18852747,-105.198754832,-4.206250834,-0.545924387841967,0.685717915774319,1.93525214760851
-21.209716796875,8.1634521484375,-314.3310546875,-28.9154052734375,-17.0135498046875,-389.251708984375,5.09614849090576,-7.62912750244141,-6.06022310256958,-0.150062948465347,0.0438510105013847,0.0330183021724224,-1.70867800712585,-5.5236496925354,7.37363386154175,-0.019923685118556,-0.0769208446145058,-0.0556471049785614,1.67223393917084,-3.0291702747345,9.33819007873535,0.677399218082428,-0.387175142765045,-0.294519603252411,-0.0116766840219498,-11.0914468765259,-2.80804848670959,0.642021834850311,0.128885090351105,-0.0217319205403328,90.18810846,-105.198987875,-4.206235105,-0.546516139882793,0.685646375425265,1.93656293583161
-21.3241577148438,8.04901123046875,-314.63623046875,-29.3731689453125,-17.7001953125,-390.548706054688,5.08932113647461,-7.66281032562256,-6.07075691223145,-0.150477901101112,0.0480424202978611,0.0347302407026291,-1.70284926891327,-5.51564502716064,7.38476991653442,-0.0204547178000212,-0.0763898119330406,-0.0558330081403255,1.65315353870392,-3.041170835495,9.34532356262207,0.673566043376923,-0.383922249078751,-0.296665906906128,-0.0147886630147696,-11.1001672744751,-2.8085310459137,0.64144629240036,0.126398175954819,-0.0211548041552305,90.18768945,-105.199220918,-4.206219376,-0.547107891923618,0.685574835076212,1.93787372405471
-21.4385986328125,7.9345703125,-314.94140625,-29.8309326171875,-18.3868408203125,-391.845703125,5.0824933052063,-7.69649362564087,-6.08129119873047,-0.150892853736877,0.0522338300943375,0.0364421829581261,-1.69702064990997,-5.50764083862305,7.39590549468994,-0.0209857523441315,-0.0758587718009949,-0.0560189113020897,1.63407325744629,-3.05317139625549,9.35245800018311,0.669732928276062,-0.380669385194778,-0.298812210559845,-0.0179006420075893,-11.10888671875,-2.80901384353638,0.640870749950409,0.123911254107952,-0.0205776859074831,90.18727044,-105.199453961,-4.206203647,-0.547699643964443,0.685503294727158,1.93918451227781
-21.4767456054688,7.7056884765625,-314.94140625,-29.4113159179688,-19.7601318359375,-393.142700195313,5.07566595077515,-7.73017644882202,-6.09182548522949,-0.151307791471481,0.0564252436161041,0.038154125213623,-1.69119191169739,-5.49963617324829,7.40704154968262,-0.0215167850255966,-0.0753277391195297,-0.0562048144638538,1.61499285697937,-3.06517195701599,9.35959148406982,0.665899813175201,-0.377416491508484,-0.300958514213562,-0.0210126210004091,-11.1176071166992,-2.80949640274048,0.640295207500458,0.121424332261086,-0.0200005695223808,90.18685143,-105.199687004,-4.206187918,-0.548291396005269,0.685431754378104,1.94049530050091
-21.514892578125,7.476806640625,-314.94140625,-28.99169921875,-21.1334228515625,-394.439697265625,5.06883859634399,-7.76385927200317,-6.10235929489136,-0.151722744107246,0.0606166534125805,0.0398660637438297,-1.68536329269409,-5.49163198471069,7.41817760467529,-0.0220478177070618,-0.0747967064380646,-0.0563907139003277,1.59591245651245,-3.07717251777649,9.36672496795654,0.662066698074341,-0.374163627624512,-0.303104817867279,-0.0241245981305838,-11.1263275146484,-2.80997896194458,0.639719665050507,0.118937410414219,-0.0194234512746334,90.18643242,-105.199920047,-4.206172189,-0.548883148046094,0.685360214029051,1.94180608872401
-21.66748046875,7.476806640625,-314.559936523438,-28.1143188476563,-21.9345092773438,-394.744873046875,5.06201124191284,-7.79754209518433,-6.11289358139038,-0.152137696743011,0.0648080632090569,0.0415780059993267,-1.67953455448151,-5.48362731933594,7.42931318283081,-0.0225788503885269,-0.0742656737565994,-0.0565766170620918,1.57683205604553,-3.08917307853699,9.37385845184326,0.658233523368835,-0.370910733938217,-0.305251121520996,-0.0272365771234035,-11.1350469589233,-2.81046152114868,0.639144122600555,0.116450496017933,-0.018846333026886,90.18601341,-105.20015309,-4.20615646,-0.54947490008692,0.685288673679997,1.94311687694711
-21.820068359375,7.476806640625,-314.178466796875,-27.2369384765625,-22.735595703125,-395.050048828125,5.05518388748169,-7.83122491836548,-6.1234278678894,-0.152552634477615,0.0689994767308235,0.0432899482548237,-1.67370581626892,-5.47562265396118,7.44044923782349,-0.0231098830699921,-0.0737346410751343,-0.056762520223856,1.55775165557861,-3.10117340087891,9.38099193572998,0.654400408267975,-0.367657840251923,-0.307397395372391,-0.0303485561162233,-11.1437673568726,-2.81094408035278,0.638568520545959,0.113963574171066,-0.0182692166417837,90.1855944,-105.200386133,-4.206140731,-0.550066652127745,0.685217133330944,1.94442766517021
-21.514892578125,7.4005126953125,-313.873291015625,-26.6647338867188,-23.4222412109375,-394.668579101563,5.04835605621338,-7.86490821838379,-6.13396167755127,-0.15296758711338,0.0731908828020096,0.0450018867850304,-1.66787719726563,-5.46761846542358,7.45158529281616,-0.0236409176141024,-0.0732036083936691,-0.0569484233856201,1.53867137432098,-3.1131739616394,9.38812637329102,0.650567293167114,-0.36440497636795,-0.309543699026108,-0.0334605351090431,-11.1524877548218,-2.81142687797546,0.637992978096008,0.1114766523242,-0.0176920983940363,90.18517539,-105.200619176,-4.206125002,-0.550658404168571,0.68514559298189,1.94573845339331
-21.209716796875,7.32421875,-313.568115234375,-26.092529296875,-24.10888671875,-394.287109375,5.04152870178223,-7.89859104156494,-6.14449596405029,-0.153382539749146,0.0773822963237762,0.0467138290405273,-1.66204845905304,-5.45961380004883,7.46272087097168,-0.0241719502955675,-0.072672575712204,-0.0571343265473843,1.51959097385406,-3.1251745223999,9.39525985717773,0.646734178066254,-0.361152082681656,-0.311690002679825,-0.0365725122392178,-11.1612071990967,-2.81190943717957,0.637417435646057,0.108989730477333,-0.017114982008934,90.18475638,-105.200852219,-4.206109273,-0.551250156209396,0.685074052632837,1.94704924161641
-20.751953125,7.13348388671875,-313.949584960938,-26.2069702148438,-24.4140625,-393.447875976563,5.02391052246094,-7.92865610122681,-6.15551853179932,-0.15318988263607,0.0809608697891235,0.0483491718769073,-1.65855538845062,-5.45119476318359,7.46845245361328,-0.0250971224159002,-0.0722047910094261,-0.0572057068347931,1.49574589729309,-3.14809656143188,9.3951358795166,0.642814874649048,-0.358323901891708,-0.313187003135681,-0.0421941541135311,-11.1689605712891,-2.81866908073425,0.638139605522156,0.106850907206535,-0.0164196286350489,90.18433737,-105.201085262,-4.206093544,-0.551841908250222,0.685002512283783,1.94836002983951
-20.294189453125,6.9427490234375,-314.3310546875,-26.3214111328125,-24.71923828125,-392.608642578125,4.99550104141235,-7.95510339736938,-6.16702890396118,-0.152389630675316,0.0839265957474709,0.0499079190194607,-1.65739774703979,-5.44236135482788,7.46878004074097,-0.0264164339751005,-0.0718002468347549,-0.0571625679731369,1.46713626384735,-3.18193984031677,9.3877534866333,0.638809442520142,-0.355920374393463,-0.314034730195999,-0.0503254607319832,-11.1757459640503,-2.83170604705811,0.640159547328949,0.105060175061226,-0.0156060373410583,90.18391836,-105.201318305,-4.206077815,-0.552433660291047,0.684930971934729,1.94967081806261
-20.2560424804688,6.82830810546875,-314.94140625,-27.008056640625,-24.3377685546875,-392.074584960938,4.96709203720093,-7.98155069351196,-6.17853975296021,-0.151589378714561,0.0868923217058182,0.051466666162014,-1.65624010562897,-5.43352746963501,7.46910762786865,-0.0277357455343008,-0.0713957026600838,-0.0571194253861904,1.43852663040161,-3.21578335762024,9.38037109375,0.63480406999588,-0.353516846895218,-0.314882457256317,-0.058456763625145,-11.1825323104858,-2.84474301338196,0.642179489135742,0.103269442915916,-0.0147924479097128,90.18349935,-105.201551348,-4.206062086,-0.553025412331873,0.684859431585676,1.95098160628571
-20.2178955078125,6.7138671875,-315.5517578125,-27.6947021484375,-23.956298828125,-391.54052734375,4.93868255615234,-8.00799751281738,-6.19005012512207,-0.150789141654968,0.0898580476641655,0.0530254133045673,-1.65508246421814,-5.4246940612793,7.46943473815918,-0.0290550570935011,-0.0709911584854126,-0.0570762865245342,1.40991699695587,-3.24962663650513,9.3729887008667,0.630798637866974,-0.351113319396973,-0.315730184316635,-0.0665880665183067,-11.1893177032471,-2.85777974128723,0.644199430942535,0.101478710770607,-0.0139788575470448,90.18308034,-105.201784391,-4.206046357,-0.553617164372698,0.684787891236622,1.95229239450881
-20.44677734375,6.67572021484375,-315.933227539063,-28.4194946289063,-23.5366821289063,-391.693115234375,4.91027307510376,-8.03444480895996,-6.20156097412109,-0.149988889694214,0.0928237736225128,0.0545841604471207,-1.6539249420166,-5.41586017608643,7.46976232528687,-0.0303743686527014,-0.0705866143107414,-0.057033147662878,1.38130736351013,-3.28347015380859,9.3656063079834,0.626793205738068,-0.348709791898727,-0.316577911376953,-0.0747193768620491,-11.1961040496826,-2.87081670761108,0.646219372749329,0.0996879786252975,-0.0131652671843767,90.18266133,-105.202017434,-4.206030628,-0.554208916413524,0.684716350887569,1.95360318273191
-20.6756591796875,6.6375732421875,-316.314697265625,-29.144287109375,-23.1170654296875,-391.845703125,4.88186407089233,-8.06089210510254,-6.21307134628296,-0.149188637733459,0.0957894995808601,0.056142907589674,-1.65276730060577,-5.40702629089355,7.47008991241455,-0.0316936783492565,-0.0701820701360703,-0.0569900088012218,1.35269773006439,-3.31731367111206,9.35822486877441,0.622787833213806,-0.346306264400482,-0.317425638437271,-0.0828506797552109,-11.2028894424438,-2.88385367393494,0.648239314556122,0.0978972464799881,-0.0123516777530313,90.18224232,-105.202250477,-4.206014899,-0.554800668454349,0.684644810538515,1.95491397095501
-21.0189819335938,6.82830810546875,-316.162109375,-29.4876098632813,-22.3159790039063,-391.998291015625,4.85345458984375,-8.08733940124512,-6.22458219528198,-0.148388385772705,0.0987552255392075,0.0577016547322273,-1.65160965919495,-5.39819288253784,7.47041702270508,-0.0330129899084568,-0.0697775259613991,-0.0569468699395657,1.32408809661865,-3.35115694999695,9.35084247589111,0.6187824010849,-0.343902736902237,-0.318273365497589,-0.0909819826483727,-11.2096757888794,-2.89689040184021,0.650259256362915,0.0961065143346786,-0.0115380873903632,90.18182331,-105.20248352,-4.20599917,-0.555392420495175,0.684573270189461,1.95622475917811
-21.3623046875,7.01904296875,-316.009521484375,-29.8309326171875,-21.514892578125,-392.15087890625,4.82504558563232,-8.1137866973877,-6.23609256744385,-0.147588133811951,0.101720951497555,0.0592604018747807,-1.65045201778412,-5.38935899734497,7.47074460983276,-0.0343323014676571,-0.0693729817867279,-0.0569037273526192,1.29547846317291,-3.38500046730042,9.34346008300781,0.614776968955994,-0.341499209403992,-0.319121092557907,-0.0991132855415344,-11.2164611816406,-2.90992736816406,0.652279198169708,0.0943157821893692,-0.0107244970276952,90.180161025,-105.207255918,-4.2047052765,-0.555140630677049,0.683954639835001,1.95840425463199
-21.4385986328125,6.9427490234375,-315.5517578125,-29.4113159179688,-20.4086303710938,-392.303466796875,4.79663610458374,-8.14023399353027,-6.24760341644287,-0.146787881851196,0.104686677455902,0.060819149017334,-1.64929449558258,-5.38052558898926,7.47107219696045,-0.0356516130268574,-0.0689684376120567,-0.056860588490963,1.26686882972717,-3.4188437461853,9.33607769012451,0.610771596431732,-0.339095681905746,-0.319968819618225,-0.107244595885277,-11.2232475280762,-2.92296433448792,0.654299139976501,0.0925250500440598,-0.00991090759634972,90.17849874,-105.212028316,-4.203411383,-0.554888840858924,0.683336009480541,1.96058375008587
-21.514892578125,6.866455078125,-315.093994140625,-28.99169921875,-19.3023681640625,-392.4560546875,4.76822662353516,-8.16668128967285,-6.25911378860474,-0.145987629890442,0.107652403414249,0.062377892434597,-1.64813685417175,-5.37169170379639,7.47139930725098,-0.0369709245860577,-0.0685639008879662,-0.0568174496293068,1.23825907707214,-3.45268726348877,9.32869529724121,0.606766164302826,-0.336692184209824,-0.320816516876221,-0.115375898778439,-11.2300329208374,-2.93600106239319,0.656319081783295,0.0907343178987503,-0.00909731723368168,90.176836455,-105.216800714,-4.2021174895,-0.554637051040799,0.682717379126082,1.96276324553975
-21.4385986328125,7.0953369140625,-315.017700195313,-27.8472900390625,-18.8064575195313,-392.532348632813,4.73981761932373,-8.19312858581543,-6.27062463760376,-0.145187392830849,0.110618129372597,0.0639366433024406,-1.64697921276093,-5.36285829544067,7.47172689437866,-0.0382902361452579,-0.068159356713295,-0.0567743107676506,1.2096494436264,-3.48653054237366,9.32131290435791,0.60276073217392,-0.334288656711578,-0.321664243936539,-0.1235072016716,-11.2368192672729,-2.94903802871704,0.658339023590088,0.0889435857534409,-0.00828372687101364,90.17517417,-105.221573112,-4.200823596,-0.554385261222673,0.682098748771622,1.96494274099363
-21.3623046875,7.32421875,-314.94140625,-26.702880859375,-18.310546875,-392.608642578125,4.71140813827515,-8.21957588195801,-6.28213500976563,-0.144387140870094,0.113583855330944,0.0654953867197037,-1.6458215713501,-5.3540244102478,7.47205448150635,-0.0396095477044582,-0.0677548125386238,-0.0567311681807041,1.18103981018066,-3.52037405967712,9.31393146514893,0.598755300045013,-0.331885129213333,-0.322511970996857,-0.131638512015343,-11.2436046600342,-2.96207499504089,0.660358965396881,0.0871528536081314,-0.00747013697400689,90.173511885,-105.22634551,-4.1995297025,-0.554133471404548,0.681480118417162,1.96712223644751
-20.8282470703125,7.43865966796875,-314.559936523438,-26.1306762695313,-17.9290771484375,-392.379760742188,4.68299913406372,-8.24602317810059,-6.29364585876465,-0.14358688890934,0.116549581289291,0.0670541375875473,-1.64466404914856,-5.34519100189209,7.47238159179688,-0.0409288592636585,-0.0673502683639526,-0.0566880293190479,1.15243017673492,-3.55421733856201,9.30654907226563,0.594749927520752,-0.329481601715088,-0.323359698057175,-0.139769807457924,-11.2503910064697,-2.97511172294617,0.662378907203674,0.085362121462822,-0.00665654661133885,90.1718496,-105.231117908,-4.198235809,-0.553881681586422,0.680861488062702,1.96930173190139
-20.294189453125,7.5531005859375,-314.178466796875,-25.5584716796875,-17.547607421875,-392.15087890625,4.65458965301514,-8.27247047424316,-6.30515623092651,-0.142786636948586,0.119515307247639,0.0686128810048103,-1.64350640773773,-5.33635711669922,7.47270917892456,-0.0422481708228588,-0.0669457241892815,-0.0566448904573917,1.12382054328918,-3.58806085586548,9.29916667938232,0.590744495391846,-0.327078074216843,-0.324207425117493,-0.147901117801666,-11.257176399231,-2.98814868927002,0.664398849010468,0.0835713893175125,-0.0058429567143321,90.170187315,-105.235890306,-4.1969419155,-0.553629891768297,0.680242857708242,1.97148122735528
-20.1797485351563,7.5531005859375,-314.3310546875,-25.6729125976563,-17.5094604492188,-391.769409179688,4.6207799911499,-8.2793025970459,-6.31623220443726,-0.1410121768713,0.11853651702404,0.0699455663561821,-1.64754199981689,-5.33662509918213,7.47598838806152,-0.0436849817633629,-0.0660815387964249,-0.0563831068575382,1.09515714645386,-3.62974095344543,9.28652477264404,0.589077174663544,-0.32548063993454,-0.324192523956299,-0.159398645162582,-11.2580728530884,-2.99771857261658,0.66640830039978,0.0822996869683266,-0.00473187584429979,90.16852503,-105.240662704,-4.195648022,-0.553378101950172,0.679624227353782,1.97366072280916
-20.0653076171875,7.5531005859375,-314.483642578125,-25.787353515625,-17.4713134765625,-391.387939453125,4.58696985244751,-8.28613567352295,-6.32730770111084,-0.139237701892853,0.117557719349861,0.0712782591581345,-1.65157759189606,-5.33689308166504,7.47926807403564,-0.0451217889785767,-0.0652173608541489,-0.0561213232576847,1.06649386882782,-3.67142128944397,9.27388286590576,0.587409913539886,-0.323883205652237,-0.324177652597427,-0.17089618742466,-11.2589693069458,-3.00728869438171,0.668417692184448,0.08102797716856,-0.00362079474143684,90.166862745,-105.245435102,-4.1943541285,-0.553126312132047,0.679005596999322,1.97584021826304
-19.83642578125,7.5531005859375,-314.788818359375,-26.397705078125,-17.9290771484375,-391.464233398438,4.55316019058228,-8.29296779632568,-6.33838367462158,-0.137463241815567,0.116578929126263,0.0726109445095062,-1.65561330318451,-5.33716106414795,7.48254728317261,-0.0465585999190807,-0.0643531754612923,-0.0558595396578312,1.03783047199249,-3.71310138702393,9.26124095916748,0.585742592811584,-0.322285771369934,-0.324162751436234,-0.182393714785576,-11.2598657608032,-3.01685857772827,0.670427143573761,0.0797562748193741,-0.00250971363857388,90.16520046,-105.2502075,-4.193060235,-0.552874522313921,0.678386966644862,1.97801971371692
-19.6075439453125,7.5531005859375,-315.093994140625,-27.008056640625,-18.3868408203125,-391.54052734375,4.51935052871704,-8.29979991912842,-6.34945964813232,-0.135688781738281,0.115600131452084,0.0739436373114586,-1.65964889526367,-5.3374285697937,7.48582696914673,-0.0479954108595848,-0.0634889900684357,-0.0555977523326874,1.00916719436646,-3.75478148460388,9.2485990524292,0.584075331687927,-0.320688337087631,-0.324147880077362,-0.193891242146492,-11.260763168335,-3.02642846107483,0.672436594963074,0.0784845724701881,-0.00139863265212625,90.163538175,-105.254979898,-4.1917663415,-0.552622732495796,0.677768336290402,1.9801992091708
-19.7601318359375,7.59124755859375,-315.475463867188,-27.5421142578125,-18.9971923828125,-391.693115234375,4.48554039001465,-8.30663299560547,-6.36053562164307,-0.133914321660995,0.114621341228485,0.0752763226628304,-1.66368448734283,-5.33769655227661,7.48910617828369,-0.0494322180747986,-0.0626248046755791,-0.0553359687328339,0.980503797531128,-3.79646158218384,9.23595714569092,0.582408010959625,-0.319090932607651,-0.324132978916168,-0.205388784408569,-11.2616596221924,-3.03599834442139,0.674446046352386,0.0772128701210022,-0.00028755166567862,90.16187589,-105.259752296,-4.190472448,-0.552370942677671,0.677149705935942,1.98237870462468
-19.9127197265625,7.62939453125,-315.85693359375,-28.076171875,-19.6075439453125,-391.845703125,4.45173072814941,-8.3134651184082,-6.37161111831665,-0.132139846682549,0.113642551004887,0.0766090154647827,-1.667720079422,-5.33796453475952,7.49238538742065,-0.0508690290153027,-0.0617606230080128,-0.0550741851329803,0.951840460300446,-3.83814191818237,9.22331523895264,0.580740690231323,-0.317493498325348,-0.324118107557297,-0.216886311769485,-11.2625560760498,-3.04556846618652,0.676455438137054,0.0759411603212357,0.000823529320769012,90.160213605,-105.264524694,-4.1891785545,-0.552119152859545,0.676531075581482,1.98455820007856
-19.989013671875,7.32421875,-316.162109375,-28.1524658203125,-20.2560424804688,-391.845703125,4.41792058944702,-8.32029819488525,-6.38268709182739,-0.130365386605263,0.112663753330708,0.0779417008161545,-1.67175567150116,-5.33823251724243,7.49566507339478,-0.0523058399558067,-0.0608964413404465,-0.0548124015331268,0.923177123069763,-3.87982201576233,9.21067237854004,0.579073429107666,-0.315896064043045,-0.324103206396103,-0.228383854031563,-11.2634525299072,-3.05513834953308,0.678464889526367,0.0746694579720497,0.00193461030721664,90.15855132,-105.269297092,-4.187884661,-0.55186736304142,0.675912445227022,1.98673769553244
-20.0653076171875,7.01904296875,-316.46728515625,-28.228759765625,-20.904541015625,-391.845703125,4.38411092758179,-8.32713031768799,-6.39376306533813,-0.128590926527977,0.111684963107109,0.0792743936181068,-1.67579126358032,-5.33850049972534,7.49894428253174,-0.0537426471710205,-0.0600322559475899,-0.0545506179332733,0.894513785839081,-3.92150211334229,9.19803047180176,0.577406108379364,-0.314298629760742,-0.324088335037231,-0.239881381392479,-11.2643489837646,-3.06470823287964,0.68047434091568,0.0733977556228638,0.0030456914100796,90.156889035,-105.27406949,-4.1865907675,-0.551615573223295,0.675293814872562,1.98891719098632
-20.3704833984375,7.0953369140625,-316.162109375,-27.77099609375,-21.7056274414063,-391.616821289063,4.35030126571655,-8.33396244049072,-6.40483856201172,-0.12681645154953,0.11070616543293,0.0806070789694786,-1.67982697486877,-5.33876848220825,7.50222396850586,-0.0551794581115246,-0.0591680742800236,-0.0542888343334198,0.865850448608398,-3.96318221092224,9.18538856506348,0.575738847255707,-0.312701195478439,-0.324073433876038,-0.251378923654556,-11.2652454376221,-3.0742781162262,0.682483792304993,0.0721260532736778,0.00415677251294255,90.15522675,-105.278841888,-4.185296874,-0.551363783405169,0.674675184518102,1.9910966864402
-20.6756591796875,7.171630859375,-315.85693359375,-27.313232421875,-22.5067138671875,-391.387939453125,4.31649112701416,-8.34079551696777,-6.41591453552246,-0.125041991472244,0.109727375209332,0.0819397643208504,-1.68386256694794,-5.33903646469116,7.50550317764282,-0.0566162690520287,-0.058303888887167,-0.0540270507335663,0.837187111377716,-4.0048623085022,9.1727466583252,0.574071526527405,-0.311103761196136,-0.324058532714844,-0.262876451015472,-11.2661418914795,-3.08384823799133,0.684493184089661,0.0708543434739113,0.00526785338297486,90.153564465,-105.283614286,-4.1840029805,-0.551111993587044,0.674056554163642,1.99327618189408
-20.6756591796875,6.9427490234375,-315.5517578125,-26.8173217773438,-22.9263305664063,-391.693115234375,4.28268146514893,-8.34762763977051,-6.4269905090332,-0.123267523944378,0.108748584985733,0.0832724571228027,-1.6878981590271,-5.33930397033691,7.50878238677979,-0.0580530762672424,-0.0574397072196007,-0.0537652634084225,0.808523774147034,-4.04654264450073,9.16010475158691,0.572404205799103,-0.309506326913834,-0.324043661355972,-0.274373978376389,-11.2670392990112,-3.09341812133789,0.686502635478973,0.0695826411247253,0.00637893425300717,90.15190218,-105.288386684,-4.182709087,-0.550860203768919,0.673437923809183,1.99545567734796
-20.6756591796875,6.7138671875,-315.24658203125,-26.3214111328125,-23.345947265625,-391.998291015625,4.24887180328369,-8.35445976257324,-6.43806600570679,-0.121493063867092,0.107769787311554,0.0846051424741745,-1.69193375110626,-5.33957195281982,7.51206207275391,-0.0594898872077465,-0.0565755218267441,-0.053503479808569,0.779860436916351,-4.08822298049927,9.14746284484863,0.570736944675446,-0.307908892631531,-0.324028760194778,-0.285871505737305,-11.2679357528687,-3.10298800468445,0.688512086868286,0.0683109387755394,0.00749001558870077,90.150239895,-105.293159082,-4.1814151935,-0.550608413950793,0.672819293454722,1.99763517280184
-20.6756591796875,6.6375732421875,-314.865112304688,-25.8255004882813,-23.4222412109375,-392.227172851563,4.2150616645813,-8.36129283905029,-6.44914197921753,-0.119718596339226,0.106790997087955,0.0859378352761269,-1.69596934318542,-5.33983993530273,7.51534128189087,-0.0609266981482506,-0.0557113401591778,-0.0532416962087154,0.751197099685669,-4.12990283966064,9.13482093811035,0.569069623947144,-0.306311458349228,-0.324013888835907,-0.297369033098221,-11.2688322067261,-3.11255788803101,0.690521538257599,0.0670392364263535,0.00860109645873308,90.14857761,-105.29793148,-4.1801213,-0.550356624132668,0.672200663100262,1.99981466825572
-20.6756591796875,6.561279296875,-314.483642578125,-25.32958984375,-23.49853515625,-392.4560546875,4.17866230010986,-8.35846138000488,-6.46141242980957,-0.117541089653969,0.104423061013222,0.0869908854365349,-1.69721758365631,-5.34358787536621,7.51383924484253,-0.0621106363832951,-0.054705873131752,-0.0529226548969746,0.725187540054321,-4.16941738128662,9.11809730529785,0.568455398082733,-0.304162979125977,-0.323317795991898,-0.308873116970062,-11.2718067169189,-3.11850070953369,0.691487550735474,0.0661780536174774,0.00980884023010731,90.148447845,-105.298296202,-4.180199635,-0.549549053364636,0.672027827159332,2.00283480232443
-20.3323364257813,6.561279296875,-314.407348632813,-25.177001953125,-23.4222412109375,-392.837524414063,4.13967323303223,-8.34596729278564,-6.47487735748291,-0.11496052891016,0.100665993988514,0.0877643004059792,-1.69567823410034,-5.3508152961731,7.50755500793457,-0.0630417093634605,-0.0535591244697571,-0.0525463558733463,0.701831758022308,-4.2067666053772,9.09729099273682,0.56889420747757,-0.301463425159454,-0.32194048166275,-0.320383697748184,-11.2768592834473,-3.12081599235535,0.691410183906555,0.0657273977994919,0.0111132469028234,90.14831808,-105.298660924,-4.18027797,-0.548741482596605,0.671854991218402,2.00585493639315
-19.989013671875,6.561279296875,-314.3310546875,-25.0244140625,-23.345947265625,-393.218994140625,4.10068464279175,-8.33347225189209,-6.48834180831909,-0.112379968166351,0.0969089269638062,0.0885377079248428,-1.69413888454437,-5.35804319381714,7.50127077102661,-0.0639727860689163,-0.0524123795330524,-0.0521700531244278,0.67847603559494,-4.24411582946777,9.07648468017578,0.569332957267761,-0.298763871192932,-0.320563197135925,-0.331894308328629,-11.2819128036499,-3.12313151359558,0.691332817077637,0.0652767419815063,0.0124176535755396,90.148188315,-105.299025646,-4.180356305,-0.547933911828574,0.671682155277472,2.00887507046187
-19.989013671875,6.67572021484375,-314.483642578125,-25.3677368164063,-22.88818359375,-393.447875976563,4.06169557571411,-8.32097816467285,-6.50180673599243,-0.109799407422543,0.0931518599390984,0.0893111228942871,-1.69259965419769,-5.36527061462402,7.49498653411865,-0.0649038553237915,-0.0512656308710575,-0.0517937541007996,0.655120253562927,-4.28146505355835,9.05567836761475,0.569771766662598,-0.296064287424088,-0.319185882806778,-0.343404918909073,-11.2869653701782,-3.12544679641724,0.691255450248718,0.0648260861635208,0.0137220593169332,90.14805855,-105.299390368,-4.18043464,-0.547126341060542,0.671509319336541,2.01189520453059
-19.989013671875,6.7901611328125,-314.63623046875,-25.7110595703125,-22.430419921875,-393.6767578125,4.02270650863647,-8.3084831237793,-6.51527166366577,-0.107218854129314,0.0893947929143906,0.0900845378637314,-1.69106030464172,-5.37249851226807,7.48870229721069,-0.0658349320292473,-0.0501188822090626,-0.0514174550771713,0.631764531135559,-4.31881427764893,9.03487205505371,0.570210576057434,-0.293364733457565,-0.317808568477631,-0.354915499687195,-11.2920179367065,-3.12776231765747,0.6911780834198,0.0643754303455353,0.0150264659896493,90.147928785,-105.29975509,-4.180512975,-0.546318770292511,0.671336483395611,2.01491533859931
-20.0271606445313,6.866455078125,-314.788818359375,-26.092529296875,-22.0108032226563,-393.753051757813,3.98371767997742,-8.29598808288574,-6.52873611450195,-0.104638293385506,0.0856377258896828,0.0908579528331757,-1.68952095508575,-5.37972593307495,7.48241853713989,-0.0667660012841225,-0.0489721372723579,-0.0510411560535431,0.608408749103546,-4.3561635017395,9.01406669616699,0.570649325847626,-0.290665179491043,-0.316431283950806,-0.366426110267639,-11.2970705032349,-3.13007783889771,0.691100716590881,0.0639247745275497,0.016330873593688,90.14779902,-105.300119812,-4.18059131,-0.545511199524479,0.671163647454681,2.01793547266802
-20.0653076171875,6.9427490234375,-314.94140625,-26.4739990234375,-21.5911865234375,-393.829345703125,3.94472885131836,-8.2834939956665,-6.54220104217529,-0.102057732641697,0.081880658864975,0.0916313678026199,-1.68798172473907,-5.38695383071899,7.47613430023193,-0.0676970779895782,-0.047825388610363,-0.0506648570299149,0.585053026676178,-4.39351272583008,8.99326038360596,0.571088135242462,-0.287965625524521,-0.315053969621658,-0.377936720848083,-11.3021230697632,-3.13239312171936,0.691023349761963,0.0634741187095642,0.0176352802664042,90.147669255,-105.300484534,-4.180669645,-0.544703628756448,0.67099081151375,2.02095560673674
-20.1416015625,7.2479248046875,-315.24658203125,-26.702880859375,-21.0952758789063,-393.753051757813,3.90573978424072,-8.27099895477295,-6.55566596984863,-0.0994771718978882,0.0781235843896866,0.0924047753214836,-1.68644237518311,-5.39418125152588,7.46985006332397,-0.0686281472444534,-0.0466786399483681,-0.0502885542809963,0.561697244644165,-4.43086194992065,8.97245407104492,0.571526944637299,-0.285266071557999,-0.313676685094833,-0.389447301626205,-11.3071765899658,-3.13470864295959,0.6909459233284,0.0630234628915787,0.0189396850764751,90.14753949,-105.300849256,-4.18074798,-0.543896057988417,0.67081797557282,2.02397574080546
-20.2178955078125,7.5531005859375,-315.5517578125,-26.9317626953125,-20.599365234375,-393.6767578125,3.86675095558167,-8.25850486755371,-6.56913042068481,-0.09689661860466,0.0743665173649788,0.0931781902909279,-1.68490302562714,-5.40140914916992,7.46356582641602,-0.0695592239499092,-0.0455318950116634,-0.0499122552573681,0.538341522216797,-4.46821117401123,8.95164775848389,0.57196569442749,-0.282566517591476,-0.312299370765686,-0.40095791220665,-11.3122291564941,-3.13702392578125,0.690868556499481,0.0625728070735931,0.0202440917491913,90.147409725,-105.301213978,-4.180826315,-0.543088487220385,0.67064513963189,2.02699587487418
-20.44677734375,7.7056884765625,-315.399169921875,-26.8173217773438,-20.2178955078125,-393.447875976563,3.82776212692261,-8.24600982666016,-6.58259534835815,-0.0943160578608513,0.070609450340271,0.0939516052603722,-1.68336379528046,-5.40863656997681,7.45728158950806,-0.0704902932047844,-0.0443851463496685,-0.0495359562337399,0.514985740184784,-4.50555992126465,8.93084144592285,0.572404503822327,-0.279866963624954,-0.310922056436539,-0.412468492984772,-11.3172817230225,-3.13933944702148,0.690791189670563,0.0621221549808979,0.0215484984219074,90.14727996,-105.3015787,-4.18090465,-0.542280916452354,0.670472303690959,2.03001600894289
-20.6756591796875,7.8582763671875,-315.24658203125,-26.702880859375,-19.83642578125,-393.218994140625,3.78877305984497,-8.23351573944092,-6.59606027603149,-0.0917354971170425,0.0668523833155632,0.0947250202298164,-1.68182444572449,-5.41586446762085,7.4509973526001,-0.0714213699102402,-0.0432383976876736,-0.0491596572101116,0.491629987955093,-4.54290914535522,8.91003513336182,0.572843313217163,-0.27716737985611,-0.309544771909714,-0.423979103565216,-11.3223342895508,-3.14165472984314,0.690713822841644,0.0616714991629124,0.0228529050946236,90.147150195,-105.301943422,-4.180982985,-0.541473345684322,0.670299467750029,2.03303614301161
-20.599365234375,8.087158203125,-314.712524414063,-26.1306762695313,-19.8745727539063,-392.913818359375,3.74978423118591,-8.22102069854736,-6.60952520370483,-0.0891549363732338,0.0630953162908554,0.0954984277486801,-1.68028509616852,-5.42309188842773,7.4447135925293,-0.0723524391651154,-0.0420916490256786,-0.0487833544611931,0.468274235725403,-4.5802583694458,8.8892297744751,0.573282122612,-0.274467825889587,-0.308167457580566,-0.43548971414566,-11.3273878097534,-3.14397025108337,0.690636456012726,0.0612208433449268,0.0241573117673397,90.14702043,-105.302308144,-4.18106132,-0.540665774916291,0.670126631809099,2.03605627708033
-20.5230712890625,8.3160400390625,-314.178466796875,-25.5584716796875,-19.9127197265625,-392.608642578125,3.71079516410828,-8.20852661132813,-6.62298965454102,-0.0865743830800056,0.0593382455408573,0.0962718427181244,-1.67874586582184,-5.43031978607178,7.43842935562134,-0.0732835158705711,-0.040944904088974,-0.0484070554375648,0.444918483495712,-4.61760759353638,8.86842346191406,0.573720872402191,-0.271768271923065,-0.306790173053741,-0.447000294923782,-11.3324403762817,-3.14628553390503,0.690559089183807,0.0607701875269413,0.0254617184400558,90.146890665,-105.302672866,-4.181139655,-0.53985820414826,0.669953795868169,2.03907641114905
-19.989013671875,8.12530517578125,-313.720703125,-25.2151489257813,-20.1797485351563,-392.837524414063,3.67180633544922,-8.19603157043457,-6.63645458221436,-0.0839938223361969,0.0555811785161495,0.0970452576875687,-1.67720651626587,-5.43754720687866,7.43214511871338,-0.0742145851254463,-0.0397981554269791,-0.0480307564139366,0.421562731266022,-4.65495681762695,8.84761714935303,0.574159681797028,-0.269068717956543,-0.305412858724594,-0.458510905504227,-11.3374929428101,-3.14860105514526,0.690481722354889,0.0603195317089558,0.026766125112772,90.1467609,-105.303037588,-4.18121799,-0.539050633380228,0.669780959927238,2.04209654521776
-19.4549560546875,7.9345703125,-313.262939453125,-24.871826171875,-20.44677734375,-393.06640625,3.6253342628479,-8.16866016387939,-6.65859985351563,-0.0822104290127754,0.0522999800741673,0.0973100140690804,-1.68683004379272,-5.44523668289185,7.41762924194336,-0.0739052221179008,-0.0395913980901241,-0.0477585606276989,0.406979888677597,-4.66937923431396,8.83773231506348,0.576307475566864,-0.266604095697403,-0.304166406393051,-0.461355268955231,-11.3425855636597,-3.14985918998718,0.690338909626007,0.0603269673883915,0.0274964403361082,90.146631135,-105.30340231,-4.181296325,-0.538243062612197,0.669608123986308,2.04511667928648
-19.4168090820313,8.04901123046875,-313.339233398438,-24.8336791992188,-20.8663940429688,-393.37158203125,3.57886219024658,-8.1412878036499,-6.68074464797974,-0.0804270356893539,0.0490187853574753,0.0975747779011726,-1.69645357131958,-5.45292615890503,7.40311336517334,-0.0735958516597748,-0.0393846407532692,-0.0474863685667515,0.392397046089172,-4.68380165100098,8.82784748077393,0.578455209732056,-0.264139503240585,-0.302919983863831,-0.464199632406235,-11.3476791381836,-3.1511173248291,0.69019615650177,0.0603343993425369,0.0282267555594444,90.14650137,-105.303767032,-4.18137466,-0.537435491844166,0.669435288045378,2.0481368133552
-19.378662109375,8.1634521484375,-313.41552734375,-24.7955322265625,-21.2860107421875,-393.6767578125,3.53239035606384,-8.11391639709473,-6.70288991928101,-0.0786436423659325,0.045737586915493,0.0978395342826843,-1.70607709884644,-5.46061611175537,7.38859796524048,-0.0732864886522293,-0.0391778834164143,-0.0472141727805138,0.37781423330307,-4.69822406768799,8.81796264648438,0.580603003501892,-0.261674880981445,-0.301673531532288,-0.467043995857239,-11.3527717590332,-3.15237545967102,0.690053343772888,0.0603418350219727,0.0289570726454258,90.146371605,-105.304131754,-4.181452995,-0.536627921076134,0.669262452104447,2.05115694742392
-19.3023681640625,8.0108642578125,-313.873291015625,-24.8336791992188,-21.7056274414063,-393.98193359375,3.48591828346252,-8.08654403686523,-6.72503519058228,-0.076860249042511,0.042456392198801,0.0981042981147766,-1.71570074558258,-5.46830558776855,7.37408208847046,-0.0729771181941032,-0.0389711260795593,-0.0469419807195663,0.363231390714645,-4.71264600753784,8.80807781219482,0.582750797271729,-0.259210258722305,-0.300427109003067,-0.469888359308243,-11.3578643798828,-3.15363359451294,0.689910531044006,0.0603492707014084,0.029687387868762,90.14624184,-105.304496476,-4.18153133,-0.535820350308103,0.669089616163517,2.05417708149263
-19.22607421875,7.8582763671875,-314.3310546875,-24.871826171875,-22.125244140625,-394.287109375,3.43944621086121,-8.05917263031006,-6.74717998504639,-0.0750768557190895,0.0391751937568188,0.0983690544962883,-1.72532427310944,-5.47599506378174,7.35956621170044,-0.0726677551865578,-0.0387643687427044,-0.0466697849333286,0.348648548126221,-4.72706842422485,8.79819297790527,0.584898591041565,-0.256745636463165,-0.299180656671524,-0.472732692956924,-11.3629579544067,-3.15489196777344,0.689767718315125,0.0603567063808441,0.0304177030920982,90.146112075,-105.304861198,-4.181609665,-0.535012779540071,0.668916780222587,2.05719721556135
-19.683837890625,7.74383544921875,-313.949584960938,-25.1007080078125,-22.5067138671875,-394.134521484375,3.39297413825989,-8.03180027008057,-6.76932525634766,-0.073293462395668,0.0358939990401268,0.0986338108778,-1.73494780063629,-5.48368453979492,7.34505033493042,-0.0723583847284317,-0.0385576114058495,-0.0463975928723812,0.334065705537796,-4.74149084091187,8.78830814361572,0.587046325206757,-0.254281044006348,-0.297934234142303,-0.475577056407928,-11.3680505752563,-3.15615010261536,0.689624965190887,0.0603641383349895,0.0311480183154345,90.14598231,-105.30522592,-4.181688,-0.53420520877204,0.668743944281656,2.06021734963007
-20.1416015625,7.62939453125,-313.568115234375,-25.32958984375,-22.88818359375,-393.98193359375,3.34650230407715,-8.00442886352539,-6.79147005081177,-0.0715100690722466,0.0326128005981445,0.0988985747098923,-1.74457132816315,-5.49137449264526,7.33053493499756,-0.0720490217208862,-0.0383508540689945,-0.0461253970861435,0.319482892751694,-4.75591325759888,8.77842330932617,0.589194118976593,-0.251816421747208,-0.29668778181076,-0.478421419858932,-11.3731441497803,-3.15740823745728,0.689482152462006,0.0603715740144253,0.0318783335387707,90.146058247,-105.305588988,-4.181737405,-0.533244380859999,0.668731460948771,2.06429220550284
-20.4086303710938,7.66754150390625,-313.491821289063,-25.2532958984375,-23.0789184570313,-393.6767578125,3.30003023147583,-7.97705698013306,-6.81361532211304,-0.0697266757488251,0.0293316040188074,0.099163331091404,-1.75419485569,-5.49906396865845,7.31601905822754,-0.0717396512627602,-0.0381440967321396,-0.0458532050251961,0.304900050163269,-4.77033567428589,8.76853847503662,0.591341912746429,-0.249351799488068,-0.29544135928154,-0.481265783309937,-11.3782367706299,-3.15866637229919,0.689339339733124,0.060379009693861,0.032608650624752,90.146134184,-105.305952056,-4.18178681,-0.532283552947959,0.668718977615886,2.0683670613756
-20.6756591796875,7.7056884765625,-313.41552734375,-25.177001953125,-23.2696533203125,-393.37158203125,3.25355815887451,-7.94968509674072,-6.83576059341431,-0.0679432824254036,0.0260504074394703,0.0994280949234962,-1.76381838321686,-5.50675344467163,7.30150318145752,-0.0714302882552147,-0.0379373393952847,-0.0455810092389584,0.290317207574844,-4.7847580909729,8.75865364074707,0.593489646911621,-0.246887192130089,-0.294194906949997,-0.484110146760941,-11.3833293914795,-3.15992450714111,0.689196586608887,0.0603864416480064,0.0333389639854431,90.146210121,-105.306315124,-4.181836215,-0.531322725035918,0.668706494283,2.07244191724837
-20.751953125,7.7056884765625,-313.568115234375,-25.0625610351563,-23.2696533203125,-393.295288085938,3.20708608627319,-7.92231321334839,-6.85790538787842,-0.0661598891019821,0.0227692108601332,0.0996928513050079,-1.77344191074371,-5.51444292068481,7.2869873046875,-0.0711209252476692,-0.0377305820584297,-0.0453088171780109,0.27573436498642,-4.79918050765991,8.74876880645752,0.595637440681458,-0.244422569870949,-0.292948454618454,-0.486954510211945,-11.3884229660034,-3.16118264198303,0.689053773880005,0.0603938773274422,0.0340692810714245,90.146286058,-105.306678192,-4.18188562,-0.530361897123877,0.668694010950115,2.07651677312114
-20.8282470703125,7.7056884765625,-313.720703125,-24.9481201171875,-23.2696533203125,-393.218994140625,3.16061401367188,-7.89494132995605,-6.88005065917969,-0.0643764957785606,0.0194880142807961,0.0999576076865196,-1.78306555747986,-5.522132396698,7.27247142791748,-0.0708115547895432,-0.0375238247215748,-0.0450366213917732,0.261151522397995,-4.81360244750977,8.73888397216797,0.597785234451294,-0.24195796251297,-0.291702032089233,-0.489798873662949,-11.393515586853,-3.16244077682495,0.688910961151123,0.0604013130068779,0.0347995981574059,90.146361995,-105.30704126,-4.181935025,-0.529401069211837,0.66868152761723,2.08059162899391
-20.5230712890625,7.781982421875,-313.491821289063,-24.566650390625,-23.1552124023438,-393.295288085938,3.11414217948914,-7.86756944656372,-6.90219593048096,-0.0625931024551392,0.0162068177014589,0.100222371518612,-1.79268908500671,-5.52982234954834,7.25795602798462,-0.0705021917819977,-0.0373170673847198,-0.0447644293308258,0.246568694710732,-4.82802486419678,8.72899913787842,0.599932968616486,-0.23949334025383,-0.29045557975769,-0.492643237113953,-11.3986082077026,-3.16369891166687,0.688768208026886,0.0604087449610233,0.0355299115180969,90.146437932,-105.307404328,-4.18198443,-0.528440241299796,0.668669044284344,2.08466648486668
-20.2178955078125,7.8582763671875,-313.262939453125,-24.1851806640625,-23.040771484375,-393.37158203125,3.06767010688782,-7.84019756317139,-6.92434072494507,-0.060809712857008,0.0129256201907992,0.100487127900124,-1.80231261253357,-5.53751182556152,7.2434401512146,-0.0701928213238716,-0.0371103100478649,-0.0444922335445881,0.231985867023468,-4.84244728088379,8.71911430358887,0.602080762386322,-0.237028732895851,-0.28920915722847,-0.495487600564957,-11.4037017822266,-3.16495704650879,0.688625395298004,0.0604161806404591,0.0362602286040783,90.146513869,-105.307767396,-4.182033835,-0.527479413387755,0.668656560951459,2.08874134073945
-19.989013671875,8.0108642578125,-313.034057617188,-24.10888671875,-22.6593017578125,-393.6767578125,3.02004098892212,-7.8115348815918,-6.94175100326538,-0.0585593283176422,0.00814078375697136,0.100576378405094,-1.80768990516663,-5.54782438278198,7.23245477676392,-0.0694484114646912,-0.0381135083734989,-0.0441769137978554,0.220956802368164,-4.84975910186768,8.71705627441406,0.604171991348267,-0.235690057277679,-0.28782069683075,-0.496401160955429,-11.4093770980835,-3.16396331787109,0.688858866691589,0.0608556866645813,0.0362914837896824,90.146589806,-105.308130464,-4.18208324,-0.526518585475715,0.668644077618574,2.09281619661221
-19.7601318359375,8.1634521484375,-312.80517578125,-24.0325927734375,-22.27783203125,-393.98193359375,2.97125458717346,-7.78158044815063,-6.95442628860474,-0.0558419562876225,0.00185230793431401,0.100490115582943,-1.80882108211517,-5.56076049804688,7.22499942779541,-0.0682689473032951,-0.0403266549110413,-0.0438184626400471,0.213481515645981,-4.84995985031128,8.722825050354,0.606206715106964,-0.235477343201637,-0.286290228366852,-0.495383977890015,-11.4156341552734,-3.16071772575378,0.689468681812286,0.06172726303339,0.0356236808001995,90.146665743,-105.308493532,-4.182132645,-0.525557757563674,0.668631594285689,2.09689105248498
-19.7219848632813,8.20159912109375,-312.728881835938,-23.8037109375,-21.820068359375,-394.210815429688,2.92246842384338,-7.75162601470947,-6.96710157394409,-0.0531245805323124,-0.00443616835400462,0.100403852760792,-1.80995225906372,-5.57369661331177,7.2175440788269,-0.0670894831418991,-0.0425398051738739,-0.0434600114822388,0.206006228923798,-4.85016059875488,8.72859382629395,0.608241438865662,-0.235264614224434,-0.284759730100632,-0.494366765022278,-11.4218912124634,-3.15747213363647,0.690078496932983,0.0625988394021988,0.0349558740854263,90.14674168,-105.3088566,-4.18218205,-0.524596929651633,0.668619110952803,2.10096590835775
-19.683837890625,8.23974609375,-312.652587890625,-23.5748291015625,-21.3623046875,-394.439697265625,2.87368202209473,-7.72167158126831,-6.97977685928345,-0.0504072085022926,-0.010724644176662,0.100317589938641,-1.81108343601227,-5.58663272857666,7.2100887298584,-0.0659100264310837,-0.0447529554367065,-0.0431015640497208,0.198530957102776,-4.85036134719849,8.73436260223389,0.610276162624359,-0.235051900148392,-0.283229261636734,-0.493349581956863,-11.4281482696533,-3.15422654151917,0.69068831205368,0.0634704157710075,0.0342880710959435,90.146817617,-105.309219668,-4.182231455,-0.523636101739593,0.668606627619918,2.10504076423052
-19.6456909179688,8.58306884765625,-312.881469726563,-23.651123046875,-21.0952758789063,-394.744873046875,2.82489562034607,-7.69171714782715,-6.9924521446228,-0.0476898327469826,-0.017013119533658,0.100231327116489,-1.81221461296082,-5.59956884384155,7.20263338088989,-0.0647305622696877,-0.0469661019742489,-0.0427431128919125,0.191055670380592,-4.85056257247925,8.74013042449951,0.612310826778412,-0.23483918607235,-0.281698793172836,-0.492332369089127,-11.4344053268433,-3.15098071098328,0.691298127174377,0.0643419921398163,0.0336202681064606,90.146893554,-105.309582736,-4.18228086,-0.522675273827552,0.668594144287033,2.10911562010329
-19.6075439453125,8.9263916015625,-313.1103515625,-23.7274169921875,-20.8282470703125,-395.050048828125,2.77610945701599,-7.66176271438599,-7.00512742996216,-0.0449724569916725,-0.0233015958219767,0.100145064294338,-1.81334578990936,-5.61250448226929,7.19517850875854,-0.0635510981082916,-0.0491792522370815,-0.0423846617341042,0.183580383658409,-4.85076332092285,8.74589920043945,0.614345550537109,-0.234626457095146,-0.280168294906616,-0.49131515622139,-11.4406623840332,-3.14773511886597,0.691907942295074,0.065213568508625,0.0329524651169777,90.146969491,-105.309945804,-4.182330265,-0.521714445915511,0.668581660954147,2.11319047597606
-19.8745727539063,9.0789794921875,-313.262939453125,-23.8418579101563,-20.6756591796875,-395.050048828125,2.72732305526733,-7.63180828094482,-7.01780271530151,-0.0422550849616528,-0.0295900721102953,0.100058801472187,-1.81447696685791,-5.62544059753418,7.18772315979004,-0.0623716376721859,-0.0513924024999142,-0.0420262143015862,0.176105096936226,-4.85096406936646,8.75166797637939,0.616380274295807,-0.234413743019104,-0.278637826442719,-0.490297973155975,-11.4469194412231,-3.14448952674866,0.692517757415771,0.0660851448774338,0.0322846621274948,90.147045428,-105.310308872,-4.18237967,-0.520753618003471,0.668569177621262,2.11726533184883
-20.1416015625,9.2315673828125,-313.41552734375,-23.956298828125,-20.5230712890625,-395.050048828125,2.67853689193726,-7.60185384750366,-7.03047752380371,-0.0395377092063427,-0.0358785465359688,0.0999725386500359,-1.81560814380646,-5.63837671279907,7.18026781082153,-0.0611921735107899,-0.0536055490374565,-0.0416677631437778,0.168629810214043,-4.85116481781006,8.75743675231934,0.618414998054504,-0.234201014041901,-0.277107357978821,-0.489280760288239,-11.4531764984131,-3.14124393463135,0.693127572536469,0.0669567286968231,0.0316168554127216,90.147121365,-105.31067194,-4.182429075,-0.51979279009143,0.668556694288377,2.12134018772159
-20.294189453125,9.26971435546875,-313.262939453125,-24.0325927734375,-20.5230712890625,-394.515991210938,2.6297504901886,-7.5718994140625,-7.04315280914307,-0.0368203371763229,-0.0421670228242874,0.0998862758278847,-1.816739320755,-5.65131282806396,7.17281246185303,-0.0600127130746841,-0.0558186993002892,-0.0413093119859695,0.161154523491859,-4.85136604309082,8.76320457458496,0.620449662208557,-0.233988299965858,-0.275576859712601,-0.488263577222824,-11.459433555603,-3.13799810409546,0.693737387657166,0.0678283050656319,0.0309490524232388,90.147197302,-105.311035008,-4.18247848,-0.51883196217939,0.668544210955492,2.12541504359436
-20.44677734375,9.307861328125,-313.1103515625,-24.10888671875,-20.5230712890625,-393.98193359375,2.58096408843994,-7.5419454574585,-7.05582809448242,-0.0341029614210129,-0.048455499112606,0.0998000130057335,-1.81787037849426,-5.66424894332886,7.16535711288452,-0.0588332526385784,-0.0580318458378315,-0.0409508645534515,0.153679236769676,-4.85156679153442,8.7689733505249,0.622484385967255,-0.233775585889816,-0.274046391248703,-0.487246364355087,-11.4656915664673,-3.13475251197815,0.694347143173218,0.0686998814344406,0.0302812494337559,90.147273239,-105.311398076,-4.182527885,-0.517871134267349,0.668531727622606,2.12948989946713
-20.294189453125,9.19342041015625,-312.957763671875,-24.2233276367188,-20.7901000976563,-394.134521484375,2.53217792510986,-7.51199102401733,-7.06850337982178,-0.0313855893909931,-0.0547439754009247,0.0997137501835823,-1.81900155544281,-5.67718505859375,7.15790176391602,-0.0576537884771824,-0.0602449961006641,-0.0405924133956432,0.146203964948654,-4.85176753997803,8.77474212646484,0.624519109725952,-0.233562856912613,-0.272515922784805,-0.486229181289673,-11.4719486236572,-3.13150691986084,0.694956958293915,0.0695714578032494,0.0296134445816278,90.147349176,-105.311761144,-4.18257729,-0.516910306355308,0.668519244289721,2.1335647553399
-20.1416015625,9.0789794921875,-312.80517578125,-24.3377685546875,-21.05712890625,-394.287109375,2.48339152336121,-7.48203659057617,-7.08117866516113,-0.0286682136356831,-0.0610324516892433,0.0996274873614311,-1.82013273239136,-5.69012069702148,7.15044689178467,-0.0564743280410767,-0.0624581463634968,-0.0402339622378349,0.138728678226471,-4.85196828842163,8.78051090240479,0.62655383348465,-0.233350142836571,-0.270985454320908,-0.485211968421936,-11.4782056808472,-3.12826132774353,0.695566773414612,0.0704430341720581,0.028945641592145,90.147425113,-105.312124212,-4.182626695,-0.515949478443268,0.668506760956836,2.13763961121267
-20.1034545898438,9.0789794921875,-312.652587890625,-24.0707397460938,-21.1715698242188,-394.287109375,2.43460536003113,-7.45208215713501,-7.09385395050049,-0.0259508397430182,-0.067320927977562,0.0995412245392799,-1.8212639093399,-5.70305681228638,7.14299154281616,-0.0552948638796806,-0.0646712929010391,-0.0398755148053169,0.131253391504288,-4.85216951370239,8.78627872467041,0.628588497638702,-0.233137413859367,-0.269454956054688,-0.484194785356522,-11.4844627380371,-3.12501549720764,0.696176588535309,0.0713146105408669,0.0282778367400169,90.14750105,-105.31248728,-4.1826761,-0.514988650531227,0.66849427762395,2.14171446708544
-20.0653076171875,9.0789794921875,-312.5,-23.8037109375,-21.2860107421875,-394.287109375,2.38581895828247,-7.42212772369385,-7.10652923583984,-0.0232334658503532,-0.0736094042658806,0.0994549617171288,-1.82239508628845,-5.71599292755127,7.13553619384766,-0.0541154034435749,-0.0668844431638718,-0.0395170636475086,0.123778104782104,-4.852370262146,8.79204750061035,0.6306232213974,-0.232924699783325,-0.26792448759079,-0.483177572488785,-11.4907197952271,-3.12176990509033,0.696786403656006,0.0721861869096756,0.0276100337505341,90.147739652,-105.312952346,-4.1827163715,-0.514459482348689,0.668656039387259,2.14705127146488
-19.8745727539063,9.0789794921875,-312.19482421875,-23.6892700195313,-21.7437744140625,-394.363403320313,2.36485695838928,-7.40028953552246,-7.10066032409668,-0.020463839173317,-0.080191358923912,0.099175326526165,-1.83116209506989,-5.71599340438843,7.12892389297485,-0.052348330616951,-0.070271335542202,-0.040220595896244,0.127626106142998,-4.83652257919312,8.80346488952637,0.629710018634796,-0.23649001121521,-0.264988303184509,-0.475447744131088,-11.4988307952881,-3.12237215042114,0.698611438274384,0.0735338032245636,0.0262192841619253,90.147978254,-105.313417412,-4.182756643,-0.513930314166151,0.668817801150569,2.15238807584433
-19.683837890625,9.0789794921875,-311.8896484375,-23.5748291015625,-22.2015380859375,-394.439697265625,2.34389472007751,-7.37845087051392,-7.09479093551636,-0.0176942106336355,-0.0867733135819435,0.0988956913352013,-1.83992922306061,-5.71599388122559,7.12231159210205,-0.0505812615156174,-0.0736582279205322,-0.0409241244196892,0.131474107503891,-4.82067441940308,8.81488227844238,0.628796815872192,-0.240055322647095,-0.262052118778229,-0.467717915773392,-11.5069427490234,-3.12297439575195,0.700436532497406,0.0748814195394516,0.0248285345733166,90.148216856,-105.313882478,-4.1827969145,-0.513401145983614,0.668979562913878,2.15772488022378
-19.5693969726563,8.7738037109375,-312.118530273438,-23.2315063476563,-22.4685668945313,-394.744873046875,2.32293272018433,-7.35661268234253,-7.08892202377319,-0.0149245830252767,-0.093355268239975,0.0986160561442375,-1.84869623184204,-5.71599388122559,7.11569929122925,-0.0488141886889935,-0.0770451277494431,-0.0416276566684246,0.135322108864784,-4.8048267364502,8.8262996673584,0.627883553504944,-0.243620634078979,-0.259115934371948,-0.459988087415695,-11.5150537490845,-3.12357640266418,0.702261567115784,0.0762290358543396,0.0234377849847078,90.148455458,-105.314347544,-4.182837186,-0.512871977801076,0.669141324677187,2.16306168460323
-19.4549560546875,8.4686279296875,-312.347412109375,-22.88818359375,-22.735595703125,-395.050048828125,2.30197048187256,-7.33477449417114,-7.08305311203003,-0.0121549554169178,-0.0999372228980064,0.0983364135026932,-1.85746324062347,-5.71599435806274,7.10908699035645,-0.0470471195876598,-0.0804320201277733,-0.0423311851918697,0.139170110225677,-4.78897905349731,8.83771800994873,0.62697035074234,-0.247185960412025,-0.25617977976799,-0.452258259057999,-11.5231657028198,-3.124178647995,0.704086661338806,0.0775766521692276,0.0220470353960991,90.14869406,-105.31481261,-4.1828774575,-0.512342809618538,0.669303086440496,2.16839848898268
-19.6075439453125,8.58306884765625,-312.271118164063,-22.88818359375,-22.88818359375,-395.126342773438,2.28100848197937,-7.31293630599976,-7.07718420028687,-0.00938532873988152,-0.106519170105457,0.0980567783117294,-1.8662303686142,-5.7159948348999,7.10247468948364,-0.0452800467610359,-0.0838189125061035,-0.0430347174406052,0.143018111586571,-4.77313137054443,8.84913539886475,0.626057147979736,-0.250751256942749,-0.25324359536171,-0.444528430700302,-11.5312767028809,-3.12478089332581,0.705911695957184,0.0789242684841156,0.0206562858074903,90.148932662,-105.315277676,-4.182917729,-0.511813641436,0.669464848203805,2.17373529336213
-19.7601318359375,8.697509765625,-312.19482421875,-22.88818359375,-23.040771484375,-395.20263671875,2.2600462436676,-7.29109764099121,-7.07131481170654,-0.00661570066586137,-0.113101124763489,0.0977771431207657,-1.87499737739563,-5.71599531173706,7.09586238861084,-0.043512973934412,-0.0872058048844337,-0.0437382496893406,0.146866112947464,-4.75728321075439,8.86055278778076,0.625143945217133,-0.254316568374634,-0.250307410955429,-0.436798602342606,-11.5393886566162,-3.12538313865662,0.707736730575562,0.0802718847990036,0.0192655362188816,90.149171264,-105.315742742,-4.1829580005,-0.511284473253462,0.669626609967114,2.17907209774158
-20.0271606445313,8.85009765625,-312.652587890625,-22.9644775390625,-23.0026245117188,-395.126342773438,2.23908424377441,-7.26925945281982,-7.06544589996338,-0.00384607329033315,-0.11968307942152,0.0974975079298019,-1.88376438617706,-5.71599578857422,7.08925008773804,-0.0417459048330784,-0.090592697262764,-0.0444417782127857,0.150714114308357,-4.74143552780151,8.87197017669678,0.624230742454529,-0.257881909608841,-0.247371226549149,-0.429068773984909,-11.5474996566772,-3.12598514556885,0.709561824798584,0.0816195085644722,0.0178747866302729,90.149409866,-105.316207808,-4.182998272,-0.510755305070925,0.669788371730423,2.18440890212102
-20.294189453125,9.002685546875,-313.1103515625,-23.040771484375,-22.9644775390625,-395.050048828125,2.21812200546265,-7.24742126464844,-7.05957698822021,-0.00107644579838961,-0.126265034079552,0.0972178727388382,-1.89253151416779,-5.71599626541138,7.08263778686523,-0.0399788320064545,-0.0939795896410942,-0.0451453104615211,0.15456211566925,-4.72558784484863,8.88338756561279,0.623317539691925,-0.261447221040726,-0.244435042142868,-0.421338945627213,-11.5556116104126,-3.12658739089966,0.711386859416962,0.0829671248793602,0.0164840370416641,90.149648468,-105.316672874,-4.1830385435,-0.510226136888387,0.669950133493732,2.18974570650047
-20.5612182617188,9.0789794921875,-313.1103515625,-23.0789184570313,-22.8118896484375,-394.973754882813,2.19716000556946,-7.22558259963989,-7.05370759963989,0.00169318169355392,-0.132846981287003,0.0969382375478745,-1.90129852294922,-5.71599626541138,7.07602548599243,-0.0382117629051208,-0.097366489470005,-0.0458488389849663,0.158410117030144,-4.70974016189575,8.89480495452881,0.622404277324677,-0.26501253247261,-0.241498872637749,-0.413609117269516,-11.5637226104736,-3.12718963623047,0.713211953639984,0.0843147411942482,0.0150932865217328,90.14988707,-105.31713794,-4.183078815,-0.509696968705849,0.670111895257041,2.19508251087992
-20.8282470703125,9.1552734375,-313.1103515625,-23.1170654296875,-22.6593017578125,-394.8974609375,2.17619776725769,-7.20374441146851,-7.04783868789673,0.00446280930191278,-0.139428943395615,0.0966586023569107,-1.91006553173065,-5.71599674224854,7.06941318511963,-0.0364446900784969,-0.100753381848335,-0.0465523712337017,0.162258118391037,-4.69389200210571,8.90622234344482,0.621491074562073,-0.268577843904495,-0.238562688231468,-0.405879288911819,-11.571834564209,-3.12779188156128,0.715036988258362,0.0856623575091362,0.0137025369331241,90.150125672,-105.317603006,-4.1831190865,-0.509167800523312,0.67027365702035,2.20041931525937
-20.751953125,9.26971435546875,-313.034057617188,-23.1552124023438,-22.5067138671875,-394.744873046875,2.1552357673645,-7.18190622329712,-7.04196977615356,0.00723243691027164,-0.146010890603065,0.0963789597153664,-1.91883265972137,-5.71599721908569,7.06280088424683,-0.034677617251873,-0.104140274226665,-0.0472559034824371,0.16610611975193,-4.67804431915283,8.91764068603516,0.620577871799469,-0.27214315533638,-0.235626503825188,-0.398149460554123,-11.57994556427,-3.12839412689209,0.71686202287674,0.0870099738240242,0.0123117873445153,90.150364274,-105.318068072,-4.183159358,-0.508638632340774,0.670435418783659,2.20575611963882
-20.6756591796875,9.3841552734375,-312.957763671875,-23.193359375,-22.3541259765625,-394.59228515625,2.13427352905273,-7.16006755828857,-7.03610038757324,0.0100020645186305,-0.152592852711678,0.0960993245244026,-1.92759966850281,-5.71599769592285,7.05618858337402,-0.0329105481505394,-0.107527166604996,-0.0479594320058823,0.169954121112823,-4.66219663619995,8.92905807495117,0.619664669036865,-0.275708466768265,-0.232690334320068,-0.390419632196426,-11.5880575180054,-3.12899613380432,0.718687117099762,0.0883575901389122,0.0109210377559066,90.150602876,-105.318533138,-4.1831996295,-0.508109464158236,0.670597180546968,2.21109292401827
-20.3704833984375,9.49859619140625,-312.881469726563,-23.1170654296875,-22.125244140625,-395.050048828125,2.11331152915955,-7.13822937011719,-7.03023147583008,0.0127716921269894,-0.159174799919128,0.0958196893334389,-1.93636667728424,-5.71599817276001,7.04957628250122,-0.0311434771865606,-0.110914058983326,-0.0486629642546177,0.173802122473717,-4.64634895324707,8.94047546386719,0.618751466274261,-0.27927377820015,-0.229754149913788,-0.38268980383873,-11.5961685180664,-3.12959837913513,0.72051215171814,0.0897052064538002,0.00953028816729784,90.150841478,-105.318998204,-4.183239901,-0.507580295975698,0.670758942310277,2.21642972839772
-20.0653076171875,9.613037109375,-312.80517578125,-23.040771484375,-21.8963623046875,-395.5078125,2.10248255729675,-7.12647390365601,-7.02448606491089,0.0152526926249266,-0.166237741708755,0.0955222100019455,-1.94595682621002,-5.71126317977905,7.04807376861572,-0.0296493787318468,-0.113923825323582,-0.0494356527924538,0.180604800581932,-4.62561225891113,8.95166492462158,0.615476250648499,-0.283242106437683,-0.225776866078377,-0.370195150375366,-11.6037950515747,-3.13562822341919,0.722488939762115,0.0912104547023773,0.00808602478355169,90.15108008,-105.31946327,-4.1832801725,-0.507051127793161,0.670920704073586,2.22176653277717
-19.989013671875,9.8419189453125,-312.80517578125,-22.735595703125,-21.6293334960938,-395.736694335938,2.10178661346436,-7.12480068206787,-7.01886463165283,0.0174450688064098,-0.173781678080559,0.0952068865299225,-1.95636999607086,-5.7017936706543,7.05168104171753,-0.0284282565116882,-0.116556458175182,-0.0502775013446808,0.190362185239792,-4.59998750686646,8.96262741088867,0.609839141368866,-0.287613481283188,-0.220758482813835,-0.352935671806335,-11.6109352111816,-3.14708542823792,0.7246173620224,0.092873327434063,0.00658824667334557,90.151318682,-105.319928336,-4.183320444,-0.506521959610623,0.671082465836895,2.22710333715661
-19.9127197265625,10.07080078125,-312.80517578125,-22.430419921875,-21.3623046875,-395.965576171875,2.10109066963196,-7.12312793731689,-7.01324319839478,0.019637443125248,-0.181325599551201,0.0948915705084801,-1.96678328514099,-5.69232416152954,7.05528831481934,-0.0272071324288845,-0.119189091026783,-0.0511193498969078,0.200119569897652,-4.57436275482178,8.97358894348145,0.604201972484589,-0.291984856128693,-0.215740099549294,-0.335676193237305,-11.6180763244629,-3.15854263305664,0.726745784282684,0.0945362076163292,0.00509046856313944,90.151557284,-105.320393402,-4.1833607155,-0.505992791428085,0.671244227600204,2.23244014153606
-19.7982788085938,10.1852416992188,-312.652587890625,-21.97265625,-21.3623046875,-396.347045898438,2.10039472579956,-7.12145519256592,-7.00762176513672,0.0218298174440861,-0.188869535923004,0.0945762470364571,-1.97719645500183,-5.68285465240479,7.05889558792114,-0.0259860083460808,-0.121821723878384,-0.0519611984491348,0.209876954555511,-4.5487380027771,8.98455142974854,0.598564803600311,-0.296356230974197,-0.210721716284752,-0.318416714668274,-11.6252164840698,-3.16999983787537,0.728874206542969,0.0961990877985954,0.00359269068576396,90.151795886,-105.320858468,-4.183400987,-0.505463623245547,0.671405989363513,2.23777694591551
-19.683837890625,10.2996826171875,-312.5,-21.514892578125,-21.3623046875,-396.728515625,2.09969878196716,-7.11978197097778,-7.00200033187866,0.0240221936255693,-0.196413472294807,0.0942609235644341,-1.98760962486267,-5.67338466644287,7.06250286102295,-0.0247648861259222,-0.124454356729984,-0.0528030470013618,0.219634339213371,-4.52311325073242,8.99551296234131,0.592927694320679,-0.300727605819702,-0.20570333302021,-0.301157236099243,-11.6323575973511,-3.18145728111267,0.731002628803253,0.0978619605302811,0.00209491257555783,90.152034488,-105.321323534,-4.1834412585,-0.504934455063009,0.671567751126822,2.24311375029496
-19.8745727539063,10.2996826171875,-312.576293945313,-21.6293334960938,-21.5530395507813,-396.652221679688,2.09900283813477,-7.11810922622681,-6.99637889862061,0.0262145679444075,-0.20395739376545,0.0939456075429916,-1.99802279472351,-5.66391515731812,7.06611013412476,-0.0235437620431185,-0.127086982131004,-0.0536448955535889,0.229391723871231,-4.49748802185059,9.00647449493408,0.587290525436401,-0.305098950862885,-0.200684949755669,-0.283897787332535,-11.6394987106323,-3.1929144859314,0.733131051063538,0.0995248407125473,0.000597134698182344,90.15227309,-105.3217886,-4.18348153,-0.504405286880472,0.671729512890131,2.24845055467441
-20.0653076171875,10.2996826171875,-312.652587890625,-21.7437744140625,-21.7437744140625,-396.575927734375,2.09830689430237,-7.11643648147583,-6.99075746536255,0.0284069422632456,-0.211501330137253,0.0936302840709686,-2.00843596458435,-5.65444564819336,7.06971740722656,-0.0223226379603148,-0.129719614982605,-0.0544867441058159,0.239149108529091,-4.47186326980591,9.01743698120117,0.581653356552124,-0.309470325708389,-0.195666566491127,-0.266638308763504,-11.6466388702393,-3.20437169075012,0.735259473323822,0.101187720894814,-0.0009006432374008,90.1527105605,-105.322395931,-4.183498915,-0.505875120993396,0.671666478295414,2.2550015093297
-20.2178955078125,10.0326538085938,-313.1103515625,-21.97265625,-22.125244140625,-396.728515625,2.09761095046997,-7.1147632598877,-6.98513603210449,0.0305993184447289,-0.219045251607895,0.0933149605989456,-2.01884913444519,-5.6449761390686,7.07332468032837,-0.0211015157401562,-0.132352247834206,-0.0553285926580429,0.248906493186951,-4.44623851776123,9.02839851379395,0.576016247272491,-0.313841700553894,-0.190648168325424,-0.249378830194473,-11.6537799835205,-3.21582889556885,0.737387895584106,0.102850593626499,-0.00239842105656862,90.153148031,-105.323003262,-4.1835163,-0.50734495510632,0.671603443700697,2.26155246398499
-20.3704833984375,9.765625,-313.568115234375,-22.2015380859375,-22.5067138671875,-396.881103515625,2.09691500663757,-7.11309051513672,-6.97951459884644,0.032791692763567,-0.226589187979698,0.0929996445775032,-2.02926230430603,-5.63550615310669,7.07693195343018,-0.0198803916573524,-0.134984880685806,-0.0561704412102699,0.258663892745972,-4.42061376571655,9.03936100006104,0.570379078388214,-0.318213075399399,-0.185629785060883,-0.232119351625443,-11.6609201431274,-3.22728633880615,0.739516317844391,0.104513473808765,-0.00389619916677475,90.1535855015,-105.323610593,-4.183533685,-0.508814789219244,0.67154040910598,2.26810341864029
-20.4849243164063,9.6893310546875,-313.568115234375,-22.5067138671875,-22.8500366210938,-396.804809570313,2.09621930122375,-7.11141729354858,-6.97389268875122,0.0349840670824051,-0.234133124351501,0.0926843211054802,-2.03967571258545,-5.62603664398193,7.08053874969482,-0.0186592694371939,-0.137617513537407,-0.0570122897624969,0.26842126250267,-4.39498901367188,9.05032253265381,0.564741969108582,-0.322584450244904,-0.180611401796341,-0.214859873056412,-11.6680612564087,-3.23874354362488,0.741644740104675,0.106176346540451,-0.00539397681131959,90.154022972,-105.324217924,-4.18355107,-0.510284623332169,0.671477374511262,2.27465437329558
-20.599365234375,9.613037109375,-313.568115234375,-22.8118896484375,-23.193359375,-396.728515625,2.09552335739136,-7.10974454879761,-6.96827125549316,0.0371764414012432,-0.241677045822144,0.0923689976334572,-2.05008888244629,-5.61656713485718,7.08414602279663,-0.0174381453543901,-0.140250146389008,-0.057854138314724,0.278178662061691,-4.3693642616272,9.0612850189209,0.559104800224304,-0.326955825090408,-0.175593018531799,-0.197600394487381,-11.6752014160156,-3.2502007484436,0.74377316236496,0.107839226722717,-0.00689175492152572,90.1544604425,-105.324825255,-4.183568455,-0.511754457445093,0.671414339916545,2.28120532795087
-20.599365234375,9.307861328125,-313.796997070313,-22.8118896484375,-23.3840942382813,-396.575927734375,2.09482741355896,-7.10807180404663,-6.96264982223511,0.0393688194453716,-0.249220982193947,0.0920536741614342,-2.06050205230713,-5.60709762573242,7.08775329589844,-0.0162170212715864,-0.142882779240608,-0.058695986866951,0.28793603181839,-4.34373903274536,9.07224655151367,0.553467631340027,-0.331327170133591,-0.170574635267258,-0.180340930819511,-11.6823425292969,-3.26165795326233,0.745901584625244,0.109502106904984,-0.00838953256607056,90.154897913,-105.325432586,-4.18358584,-0.513224291558017,0.671351305321828,2.28775628260616
-20.599365234375,9.002685546875,-314.02587890625,-22.8118896484375,-23.5748291015625,-396.42333984375,2.09413146972656,-7.1063985824585,-6.95702838897705,0.0415611937642097,-0.25676491856575,0.0917383581399918,-2.07091522216797,-5.59762763977051,7.09136056900024,-0.0149958981201053,-0.145515412092209,-0.059537835419178,0.297693431377411,-4.31811428070068,9.08320903778076,0.547830522060394,-0.335698544979095,-0.165556252002716,-0.163081452250481,-11.6894826889038,-3.27311539649963,0.748030006885529,0.111164979636669,-0.00988731067627668,90.1553353835,-105.326039917,-4.183603225,-0.514694125670941,0.67128827072711,2.29430723726146
-20.294189453125,9.04083251953125,-313.720703125,-22.5830078125,-23.9181518554688,-396.881103515625,2.09343552589417,-7.10472583770752,-6.95140695571899,0.0437535680830479,-0.264308840036392,0.0914230346679688,-2.08132839202881,-5.58815813064575,7.09496784210205,-0.0137747749686241,-0.14814804494381,-0.060379683971405,0.307450801134109,-4.29248952865601,9.09417057037354,0.542193353176117,-0.3400699198246,-0.160537868738174,-0.14582197368145,-11.6966238021851,-3.28457260131836,0.750158429145813,0.112827859818935,-0.0113850887864828,90.155772854,-105.326647248,-4.18362061,-0.516163959783865,0.671225236132393,2.30085819191675
-19.989013671875,9.0789794921875,-313.41552734375,-22.3541259765625,-24.261474609375,-397.3388671875,2.11383366584778,-7.11568117141724,-6.94605302810669,0.0451933592557907,-0.270057588815689,0.0917175337672234,-2.08769297599792,-5.58649158477783,7.09896326065063,-0.0118962181732059,-0.151549682021141,-0.0620827302336693,0.309860110282898,-4.26078796386719,9.10563468933105,0.535901725292206,-0.341844379901886,-0.15587343275547,-0.119454108178616,-11.7077531814575,-3.29930925369263,0.751433134078979,0.1147450953722,-0.0122120790183544,90.1562103245,-105.327254579,-4.183637995,-0.517633793896789,0.671162201537676,2.30740914657204
-20.1034545898438,8.88824462890625,-313.644409179688,-22.2396850585938,-24.6047973632813,-397.64404296875,2.13423180580139,-7.12663650512695,-6.94069910049438,0.0466331504285336,-0.275806337594986,0.0920120254158974,-2.09405732154846,-5.58482503890991,7.10295867919922,-0.0100176613777876,-0.154951319098473,-0.0637857764959335,0.312269449234009,-4.22908592224121,9.11709880828857,0.529610097408295,-0.343618869781494,-0.151208996772766,-0.0930862426757813,-11.71888256073,-3.31404566764832,0.752707839012146,0.116662330925465,-0.013039069250226,90.156647795,-105.32786191,-4.18365538,-0.519103628009713,0.671099166942958,2.31396010122733
-20.2178955078125,8.697509765625,-313.873291015625,-22.125244140625,-24.9481201171875,-397.94921875,2.15463018417358,-7.13759183883667,-6.93534517288208,0.0480729416012764,-0.281555086374283,0.092306524515152,-2.10042190551758,-5.58315849304199,7.1069540977478,-0.00813910458236933,-0.158352956175804,-0.0654888153076172,0.314678758382797,-4.19738435745239,9.12856292724609,0.523318469524384,-0.34539332985878,-0.146544545888901,-0.0667183846235275,-11.7300119400024,-3.32878232002258,0.753982484340668,0.118579566478729,-0.0138660594820976,90.1570852655,-105.328469241,-4.183672765,-0.520573462122638,0.671036132348241,2.32051105588262
-20.1797485351563,8.697509765625,-314.178466796875,-21.8963623046875,-24.7955322265625,-398.5595703125,2.1750283241272,-7.14854717254639,-6.92999124526978,0.0495127327740192,-0.28730383515358,0.092601016163826,-2.10678625106812,-5.58149194717407,7.11094951629639,-0.00626054825261235,-0.161754593253136,-0.0671918615698814,0.317088097333908,-4.16568279266357,9.14002704620361,0.517026841640472,-0.347167789936066,-0.141880109906197,-0.0403505153954029,-11.7411413192749,-3.34351897239685,0.755257189273834,0.120496802031994,-0.0146930497139692,90.157522736,-105.329076572,-4.18369015,-0.522043296235562,0.670973097753524,2.32706201053792
-20.1416015625,8.697509765625,-314.483642578125,-21.66748046875,-24.6429443359375,-399.169921875,2.19542646408081,-7.1595025062561,-6.92463731765747,0.0509525239467621,-0.293052583932877,0.0928955152630806,-2.11315083503723,-5.57982587814331,7.11494445800781,-0.00438199145719409,-0.165156230330467,-0.0688949078321457,0.319497406482697,-4.13398122787476,9.15149021148682,0.510735213756561,-0.348942279815674,-0.137215673923492,-0.0139826526865363,-11.7522706985474,-3.35825562477112,0.756531894207001,0.122414030134678,-0.0155200399458408,90.1579602065,-105.329683903,-4.183707535,-0.523513130348486,0.670910063158807,2.33361296519321
-20.4086303710938,8.73565673828125,-314.559936523438,-21.66748046875,-24.6810913085938,-399.169921875,2.21582460403442,-7.17045783996582,-6.91928339004517,0.0523923151195049,-0.298801332712173,0.0931900143623352,-2.11951518058777,-5.57815933227539,7.1189398765564,-0.00250343489460647,-0.168557867407799,-0.0705979540944099,0.321906715631485,-4.10227918624878,9.16295433044434,0.50444358587265,-0.35071673989296,-0.132551237940788,0.0123852109536529,-11.7634000778198,-3.37299203872681,0.757806599140167,0.124331265687943,-0.0163470301777124,90.158397677,-105.330291234,-4.18372492,-0.52498296446141,0.670847028564089,2.3401639198485
-20.6756591796875,8.7738037109375,-314.63623046875,-21.66748046875,-24.71923828125,-399.169921875,2.23622298240662,-7.18141317367554,-6.91392993927002,0.0538321062922478,-0.304550111293793,0.0934845060110092,-2.12587976455688,-5.57649278640747,7.12293529510498,-0.000624878099188209,-0.171959489583969,-0.0723010003566742,0.324316054582596,-4.07057762145996,9.17441844940186,0.498151928186417,-0.352491199970245,-0.127886801958084,0.0387530736625195,-11.774528503418,-3.38772869110107,0.759081244468689,0.126248508691788,-0.017174020409584,90.1588351475,-105.330898565,-4.183742305,-0.526452798574334,0.670783993969372,2.34671487450379
-20.751953125,8.81195068359375,-315.170288085938,-21.9345092773438,-24.8336791992188,-399.398803710938,2.25662112236023,-7.19236850738525,-6.90857601165771,0.0552718974649906,-0.31029886007309,0.0937790051102638,-2.13224411010742,-5.57482624053955,7.12693071365356,0.00125367857981473,-0.175361126661301,-0.0740040466189384,0.326725363731384,-4.03887605667114,9.18588256835938,0.491860300302505,-0.354265689849854,-0.123222358524799,0.0651209428906441,-11.7856578826904,-3.40246534347534,0.760355949401855,0.128165736794472,-0.0180010106414557,90.159272618,-105.331505896,-4.18375969,-0.527922632687258,0.670720959374655,2.35326582915909
-20.8282470703125,8.85009765625,-315.704345703125,-22.2015380859375,-24.9481201171875,-399.627685546875,2.27701926231384,-7.20332384109497,-6.90322208404541,0.0567116886377335,-0.316047608852386,0.0940734967589378,-2.13860869407654,-5.57315969467163,7.13092613220215,0.00313223525881767,-0.178762763738632,-0.0757070854306221,0.329134702682495,-4.00717449188232,9.19734668731689,0.485568672418594,-0.356040149927139,-0.118557922542095,0.0914888009428978,-11.7967872619629,-3.41720175743103,0.761630654335022,0.130082964897156,-0.0188280008733273,90.1597100885,-105.332113227,-4.183777075,-0.529392466800183,0.670657924779937,2.35981678381438
-20.7901000976563,8.9263916015625,-315.628051757813,-22.430419921875,-24.566650390625,-399.856567382813,2.29741740226746,-7.21427917480469,-6.89786815643311,0.0581514798104763,-0.321796357631683,0.0943679958581924,-2.14497303962708,-5.57149314880371,7.13492155075073,0.00501079205423594,-0.182164400815964,-0.0774101316928864,0.331544011831284,-3.97547268867493,9.20881080627441,0.479277044534683,-0.357814610004425,-0.11389347910881,0.117856666445732,-11.8079166412354,-3.4319384098053,0.762905359268188,0.132000207901001,-0.0196549911051989,90.160147559,-105.332720558,-4.18379446,-0.530862300913107,0.67059489018522,2.36636773846967
-20.751953125,9.002685546875,-315.5517578125,-22.6593017578125,-24.1851806640625,-400.08544921875,2.31781554222107,-7.2252345085144,-6.8925142288208,0.0595912709832191,-0.32754510641098,0.0946624949574471,-2.15133762359619,-5.56982660293579,7.13891696929932,0.0068893488496542,-0.185566037893295,-0.0791131779551506,0.333953320980072,-3.94377088546753,9.22027492523193,0.472985416650772,-0.359589099884033,-0.109229043126106,0.144224524497986,-11.8190460205078,-3.44667506217957,0.764180064201355,0.133917436003685,-0.0204819813370705,90.1605850295,-105.333327889,-4.183811845,-0.532332135026031,0.670531855590503,2.37291869312496
-20.6375122070313,8.81195068359375,-315.85693359375,-22.6974487304688,-24.2233276367188,-399.932861328125,2.33821392059326,-7.23618984222412,-6.8871603012085,0.061031062155962,-0.333293855190277,0.0949569866061211,-2.15770196914673,-5.56816005706787,7.1429123878479,0.00876790564507246,-0.188967674970627,-0.0808162242174149,0.336362659931183,-3.91206932067871,9.23173904418945,0.466693788766861,-0.361363559961319,-0.104564607143402,0.170592397451401,-11.8301753997803,-3.46141147613525,0.765454709529877,0.13583467900753,-0.0213089715689421,90.1610225,-105.33393522,-4.18382923,-0.533801969138955,0.670468820995785,2.37946964778026
-20.5230712890625,8.6212158203125,-316.162109375,-22.735595703125,-24.261474609375,-399.7802734375,2.35861206054688,-7.24714517593384,-6.88180637359619,0.0624708533287048,-0.339042603969574,0.0952514857053757,-2.16406655311584,-5.56649351119995,7.14690780639648,0.0106464624404907,-0.192369312047958,-0.0825192704796791,0.338771969079971,-3.88036751747131,9.24320316314697,0.46040216088295,-0.363138020038605,-0.0999001637101173,0.196960255503654,-11.8413047790527,-3.47614812850952,0.766729414463043,0.137751907110214,-0.0221359618008137,90.2470677825,-105.4772464665,-4.1906449965,-0.535293702623428,0.671117289264048,2.38682354931883
-20.6756591796875,8.65936279296875,-316.696166992188,-22.6211547851563,-24.3759155273438,-400.619506835938,2.37938475608826,-7.25767517089844,-6.87478303909302,0.0636079534888268,-0.342344641685486,0.0957571789622307,-2.17182946205139,-5.56564378738403,7.14926671981812,0.0125889582559466,-0.195587232708931,-0.0845391005277634,0.338467568159103,-3.84678912162781,9.25506114959717,0.455797970294952,-0.363287568092346,-0.096610814332962,0.224468871951103,-11.8554086685181,-3.48959302902222,0.767604768276215,0.140183731913567,-0.0225598737597466,90.333113065,-105.620557713,-4.197460763,-0.5367854361079,0.671765757532311,2.3941774508574
-20.8282470703125,8.697509765625,-317.230224609375,-22.5067138671875,-24.4903564453125,-401.458740234375,2.40053224563599,-7.26778078079224,-6.86608982086182,0.064442366361618,-0.34319993853569,0.0964740812778473,-2.18099117279053,-5.56561040878296,7.14998960494995,0.0145953930914402,-0.198621436953545,-0.0868757143616676,0.335449457168579,-3.81133365631104,9.26731491088867,0.452881217002869,-0.361812174320221,-0.094696544110775,0.253118216991425,-11.8724870681763,-3.50174617767334,0.768080711364746,0.143130153417587,-0.0225807074457407,90.4191583475,-105.7638689595,-4.2042765295,-0.538277169592373,0.672414225800574,2.40153135239597
-20.7901000976563,8.6212158203125,-317.07763671875,-22.125244140625,-24.8336791992188,-401.91650390625,2.42167973518372,-7.27788591384888,-6.85739660263062,0.0652767792344093,-0.344055265188217,0.0971909761428833,-2.19015264511108,-5.56557703018188,7.15071249008179,0.0166018288582563,-0.201655641198158,-0.0892123356461525,0.332431316375732,-3.77587842941284,9.27956867218018,0.449964463710785,-0.360336780548096,-0.0927822813391685,0.281767576932907,-11.8895654678345,-3.51389932632446,0.768556654453278,0.146076574921608,-0.02260154299438,90.50520363,-105.907180206,-4.211092296,-0.539768903076845,0.673062694068837,2.40888525393454
-20.751953125,8.544921875,-316.925048828125,-21.7437744140625,-25.177001953125,-402.374267578125,2.44282722473145,-7.28799104690552,-6.84870338439941,0.0661111921072006,-0.344910562038422,0.0979078710079193,-2.19931411743164,-5.56554317474365,7.15143489837646,0.0186082646250725,-0.204689845442772,-0.0915489494800568,0.329413175582886,-3.74042320251465,9.29182243347168,0.447047710418701,-0.358861356973648,-0.0908680111169815,0.31041693687439,-11.9066438674927,-3.52605223655701,0.769032657146454,0.149022996425629,-0.0226223766803741,90.5912489125,-106.0504914525,-4.2179080625,-0.541260636561317,0.6737111623371,2.41623915547312
-20.7138061523438,8.4686279296875,-317.230224609375,-21.5530395507813,-25.4440307617188,-402.52685546875,2.46397471427917,-7.29809665679932,-6.84001016616821,0.0669455975294113,-0.345765858888626,0.0986247733235359,-2.20847582817078,-5.56550979614258,7.1521577835083,0.0206147003918886,-0.207724049687386,-0.0938855707645416,0.326395064592361,-3.70496773719788,9.30407524108887,0.444130957126617,-0.357385963201523,-0.0889537483453751,0.339066296815872,-11.9237222671509,-3.53820538520813,0.769508600234985,0.151969417929649,-0.0226432122290134,90.677294195,-106.193802699,-4.224723829,-0.54275237004579,0.674359630605363,2.42359305701169
-20.6756591796875,8.392333984375,-317.535400390625,-21.3623046875,-25.7110595703125,-402.679443359375,2.4851222038269,-7.30820178985596,-6.83131742477417,0.0677800104022026,-0.346621185541153,0.0993416681885719,-2.21763730049133,-5.5654764175415,7.15288066864014,0.0226211342960596,-0.210758253931999,-0.0962221845984459,0.323376923799515,-3.66951251029968,9.31632900238037,0.441214203834534,-0.355910569429398,-0.0870394855737686,0.367715656757355,-11.9408006668091,-3.55035853385925,0.769984543323517,0.154915824532509,-0.0226640477776527,90.7633394775,-106.3371139455,-4.2315395955,-0.544244103530262,0.675008098873626,2.43094695855026
-20.6756591796875,8.392333984375,-317.840576171875,-21.4385986328125,-25.93994140625,-403.13720703125,2.50626969337463,-7.3183069229126,-6.82262420654297,0.0686144232749939,-0.347476482391357,0.100058563053608,-2.22679877281189,-5.56544303894043,7.15360355377197,0.0246275700628757,-0.213792458176613,-0.0985588058829308,0.320358783006668,-3.63405728340149,9.32858276367188,0.43829745054245,-0.354435175657272,-0.0851252153515816,0.396365016698837,-11.9578790664673,-3.56251168251038,0.770460546016693,0.15786224603653,-0.0226848814636469,90.84938476,-106.480425192,-4.238355362,-0.545735837014734,0.675656567141888,2.43830086008883
-20.6756591796875,8.392333984375,-318.145751953125,-21.514892578125,-26.1688232421875,-403.594970703125,2.52741718292236,-7.3284125328064,-6.81393098831177,0.0694488361477852,-0.348331809043884,0.100775465369225,-2.23596048355103,-5.56540966033936,7.15432643890381,0.0266340058296919,-0.216826662421227,-0.100895419716835,0.317340672016144,-3.59860181808472,9.34083652496338,0.435380697250366,-0.352959781885147,-0.0832109525799751,0.42501437664032,-11.9749584197998,-3.5746648311615,0.770936489105225,0.16080866754055,-0.0227057170122862,90.9354300425,-106.6237364385,-4.2451711285,-0.547227570499207,0.676305035410151,2.4456547616274
-20.7901000976563,8.3160400390625,-318.374633789063,-21.7056274414063,-26.5121459960938,-403.74755859375,2.54856467247009,-7.33851766586304,-6.80523777008057,0.0702832415699959,-0.349187105894089,0.101492360234261,-2.24512195587158,-5.56537628173828,7.15504932403564,0.028640441596508,-0.21986086666584,-0.10323204100132,0.314322531223297,-3.56314659118652,9.35308933258057,0.432463943958282,-0.351484388113022,-0.0812966823577881,0.453663736581802,-11.992036819458,-3.58681797981262,0.771412432193756,0.163755089044571,-0.0227265506982803,91.021475325,-106.767047685,-4.251986895,-0.548719303983679,0.676953503678414,2.45300866316597
-20.904541015625,8.23974609375,-318.603515625,-21.8963623046875,-26.85546875,-403.900146484375,2.56971192359924,-7.34862327575684,-6.79654455184937,0.0711176544427872,-0.350042402744293,0.102209262549877,-2.25428366661072,-5.56534290313721,7.15577220916748,0.0306468773633242,-0.222895070910454,-0.105568654835224,0.311304420232773,-3.52769112586975,9.36534309387207,0.429547190666199,-0.350008994340897,-0.0793824195861816,0.482313096523285,-12.0091152191162,-3.59897112846375,0.771888434886932,0.166701510548592,-0.0227473862469196,91.1075206075,-106.9103589315,-4.2588026615,-0.550211037468152,0.677601971946677,2.46036256470455
-20.9808349609375,8.27789306640625,-318.984985351563,-22.1633911132813,-27.16064453125,-404.434204101563,2.59085941314697,-7.35872840881348,-6.78785133361816,0.0719520673155785,-0.35089772939682,0.102926157414913,-2.26344513893127,-5.56530904769897,7.15649461746216,0.0326533131301403,-0.225929275155067,-0.107905276119709,0.308286279439926,-3.49223589897156,9.37759685516357,0.426630437374115,-0.348533570766449,-0.0774681493639946,0.51096248626709,-12.0261936187744,-3.61112403869629,0.772364377975464,0.169647932052612,-0.0227682199329138,91.19356589,-107.053670178,-4.265618428,-0.551702770952624,0.67825044021494,2.46771646624312
-21.05712890625,8.3160400390625,-319.366455078125,-22.430419921875,-27.4658203125,-404.96826171875,2.6120069026947,-7.36883354187012,-6.77915859222412,0.0727864801883698,-0.351753026247025,0.103643052279949,-2.27260661125183,-5.5652756690979,7.15721750259399,0.0346597470343113,-0.228963479399681,-0.110241889953613,0.305268138647079,-3.45678067207336,9.38985061645508,0.423713684082031,-0.347058176994324,-0.0755538865923882,0.53961181640625,-12.0432720184326,-3.62327718734741,0.772840321063995,0.172594338655472,-0.0227890554815531,91.2796111725,-107.1969814245,-4.2724341945,-0.553194504437097,0.678898908483203,2.47507036778169
-21.0189819335938,8.392333984375,-319.595336914063,-22.5448608398438,-27.3895263671875,-405.197143554688,2.63315439224243,-7.37893915176392,-6.77046537399292,0.0736208856105804,-0.352608352899551,0.104359954595566,-2.28176832199097,-5.56524229049683,7.15794038772583,0.0366661846637726,-0.231997683644295,-0.112578511238098,0.302250027656555,-3.42132520675659,9.40210342407227,0.420796930789948,-0.345582783222198,-0.0736396163702011,0.568261206150055,-12.0603504180908,-3.63543033599854,0.773316323757172,0.175540760159492,-0.0228098891675472,91.365656455,-107.340292671,-4.279249961,-0.554686237921569,0.679547376751466,2.48242426932026
-20.9808349609375,8.4686279296875,-319.82421875,-22.6593017578125,-27.313232421875,-405.426025390625,2.65430188179016,-7.38904428482056,-6.76177215576172,0.0744552984833717,-0.353463649749756,0.105076849460602,-2.29092979431152,-5.56520891189575,7.15866327285767,0.0386726185679436,-0.235031887888908,-0.114915125072002,0.299231886863708,-3.3858699798584,9.41435718536377,0.417880177497864,-0.344107389450073,-0.0717253535985947,0.596910536289215,-12.077428817749,-3.64758348464966,0.773792266845703,0.178487181663513,-0.0228307247161865,91.4517017375,-107.4836039175,-4.2860657275,-0.556177971406041,0.680195845019729,2.48977817085883
-20.9808349609375,8.4686279296875,-320.053100585938,-22.3922729492188,-27.2369384765625,-406.18896484375,2.66758012771606,-7.39223003387451,-6.76975584030151,0.0750428289175034,-0.348556846380234,0.106535971164703,-2.28667402267456,-5.56211042404175,7.16277885437012,0.0400946065783501,-0.238540664315224,-0.117785811424255,0.290940046310425,-3.35051345825195,9.4275951385498,0.417250961065292,-0.340253561735153,-0.0723723024129868,0.626738965511322,-12.1104154586792,-3.65619015693665,0.775205254554749,0.182146206498146,-0.0220632441341877,91.53774702,-107.626915164,-4.292881494,-0.557669704890514,0.680844313287991,2.49713207239741
-20.9808349609375,8.4686279296875,-320.281982421875,-22.125244140625,-27.16064453125,-406.951904296875,2.68085837364197,-7.39541625976563,-6.77773904800415,0.0756303668022156,-0.343650072813034,0.107995100319386,-2.28241801261902,-5.55901193618774,7.16689491271973,0.0415165945887566,-0.2420494556427,-0.120656505227089,0.282648235559464,-3.31515693664551,9.44083213806152,0.416621714830399,-0.336399734020233,-0.0730192512273788,0.656567394733429,-12.1434020996094,-3.66479682922363,0.776618242263794,0.185805216431618,-0.021295765414834,91.6237923025,-107.7702264105,-4.2996972605,-0.559161438374986,0.681492781556254,2.50448597393598
-20.599365234375,8.50677490234375,-320.73974609375,-21.8963623046875,-26.8936157226563,-407.028198242188,2.69413638114929,-7.39860200881958,-6.78572273254395,0.0762178972363472,-0.338743269443512,0.109454222023487,-2.27816224098206,-5.55591344833374,7.17101049423218,0.0429385825991631,-0.245558232069016,-0.123527191579342,0.27435639500618,-3.27980041503906,9.45407009124756,0.415992498397827,-0.332545936107635,-0.0736662074923515,0.686395823955536,-12.1763887405396,-3.67340350151062,0.778031229972839,0.189464241266251,-0.0205282848328352,91.709837585,-107.913537657,-4.306513027,-0.560653171859459,0.682141249824517,2.51183987547455
-20.2178955078125,8.544921875,-321.197509765625,-21.66748046875,-26.6265869140625,-407.1044921875,2.7074146270752,-7.40178775787354,-6.79370594024658,0.0768054276704788,-0.333836495876312,0.110913351178169,-2.27390646934509,-5.55281496047974,7.17512607574463,0.0443605743348598,-0.249067008495331,-0.126397877931595,0.266064554452896,-3.24444389343262,9.46730804443359,0.415363252162933,-0.328692108392715,-0.0743131563067436,0.716224253177643,-12.2093753814697,-3.68201017379761,0.77944427728653,0.193123251199722,-0.0197608042508364,91.7958828675,-108.0568489035,-4.3133287935,-0.562144905343931,0.68278971809278,2.51919377701312
-20.294189453125,8.58306884765625,-321.578979492188,-21.2860107421875,-26.4358520507813,-407.40966796875,2.7206928730011,-7.40497350692749,-6.80168962478638,0.077392965555191,-0.32892969250679,0.112372472882271,-2.26965069770813,-5.54971647262573,7.17924165725708,0.0457825623452663,-0.252575784921646,-0.129268571734428,0.257772713899612,-3.20908737182617,9.48054599761963,0.414734035730362,-0.324838280677795,-0.0749601051211357,0.74605268239975,-12.2423629760742,-3.69061684608459,0.780857264995575,0.196782276034355,-0.0189933236688375,91.88192815,-108.20016015,-4.32014456,-0.563636638828403,0.683438186361043,2.52654767855169
-20.3704833984375,8.6212158203125,-321.96044921875,-20.904541015625,-26.2451171875,-407.71484375,2.733971118927,-7.4081597328186,-6.80967283248901,0.0779804959893227,-0.324022889137268,0.113831602036953,-2.26539468765259,-5.54661798477173,7.18335771560669,0.0472045503556728,-0.256084561347961,-0.132139265537262,0.249480903148651,-3.17373085021973,9.49378299713135,0.414104789495468,-0.320984452962875,-0.0756070539355278,0.775881111621857,-12.2753496170044,-3.69922351837158,0.78227025270462,0.200441285967827,-0.0182258449494839,91.8815424395,-108.200291039,-4.320118607,-0.56587875341631,0.684257666320182,2.53395145693881
-20.44677734375,8.50677490234375,-322.189331054688,-21.0189819335938,-26.0543823242188,-408.248901367188,2.74724936485291,-7.41134548187256,-6.81765651702881,0.0785680264234543,-0.319116115570068,0.115290723741055,-2.26113891601563,-5.54351902008057,7.18747329711914,0.0486265383660793,-0.259593367576599,-0.135009944438934,0.241189062595367,-3.13837432861328,9.50702095031738,0.413475573062897,-0.317130625247955,-0.0762540102005005,0.805709600448608,-12.3083362579346,-3.70783019065857,0.783683240413666,0.20410031080246,-0.017458364367485,91.881156729,-108.200421928,-4.320092654,-0.568120868004218,0.68507714627932,2.54135523532592
-20.5230712890625,8.392333984375,-322.418212890625,-21.1334228515625,-25.8636474609375,-408.782958984375,2.76052761077881,-7.41453123092651,-6.82563972473145,0.0791555643081665,-0.314209312200546,0.116749852895737,-2.25688314437866,-5.54042053222656,7.19158887863159,0.0500485263764858,-0.263102144002914,-0.137880638241768,0.232897236943245,-3.10301780700684,9.52025890350342,0.412846326828003,-0.313276797533035,-0.0769009590148926,0.835538029670715,-12.3413228988647,-3.71643686294556,0.785096228122711,0.207759320735931,-0.0166908837854862,91.8807710185,-108.200552817,-4.320066701,-0.570362982592125,0.685896626238459,2.54875901371303
-20.5612182617188,8.392333984375,-322.647094726563,-21.2860107421875,-25.7110595703125,-409.393310546875,2.77380561828613,-7.41771697998047,-6.83362340927124,0.0797430947422981,-0.309302538633347,0.118208974599838,-2.25262713432312,-5.53732204437256,7.19570446014404,0.0514705143868923,-0.26661092042923,-0.140751332044601,0.224605396389961,-3.06766128540039,9.53349685668945,0.412217110395432,-0.309422999620438,-0.0775479078292847,0.865366458892822,-12.3743095397949,-3.72504353523254,0.786509215831757,0.211418345570564,-0.0159234032034874,91.880385308,-108.200683706,-4.320040748,-0.572605097180032,0.686716106197598,2.55616279210015
-20.599365234375,8.392333984375,-322.8759765625,-21.4385986328125,-25.5584716796875,-410.003662109375,2.78708386421204,-7.42090320587158,-6.84160661697388,0.0803306251764297,-0.304395735263824,0.11966809630394,-2.24837136268616,-5.53422355651855,7.19982051849365,0.0528925023972988,-0.270119696855545,-0.143622025847435,0.216313570737839,-3.03230476379395,9.54673385620117,0.411587864160538,-0.305569171905518,-0.0781948566436768,0.895194888114929,-12.4072961807251,-3.73365020751953,0.787922203540802,0.215077355504036,-0.0151559235528111,91.8799995975,-108.200814595,-4.320014795,-0.574847211767939,0.687535586156736,2.56356657048726
-20.8663940429688,8.43048095703125,-323.333740234375,-21.820068359375,-25.7492065429688,-410.385131835938,2.80036211013794,-7.42408895492554,-6.84959030151367,0.080918163061142,-0.299488931894302,0.121127225458622,-2.24411559104919,-5.53112506866455,7.2039361000061,0.0543144941329956,-0.27362847328186,-0.146492704749107,0.208021745085716,-2.9969482421875,9.55997180938721,0.410958647727966,-0.301715344190598,-0.0788418054580688,0.925023317337036,-12.4402828216553,-3.74225687980652,0.789335250854492,0.218736380338669,-0.0143884439021349,91.879613887,-108.200945484,-4.319988842,-0.577089326355846,0.688355066115875,2.57097034887437
-21.1334228515625,8.4686279296875,-323.79150390625,-22.2015380859375,-25.93994140625,-410.7666015625,2.81364035606384,-7.42727470397949,-6.85757350921631,0.0815056934952736,-0.294582158327103,0.122586347162724,-2.23985958099365,-5.52802658081055,7.20805168151855,0.0557364821434021,-0.277137249708176,-0.149363398551941,0.199729904532433,-2.96159172058105,9.57320976257324,0.410329401493073,-0.297861516475677,-0.0794887617230415,0.954851746559143,-12.4732694625854,-3.75086355209351,0.790748238563538,0.222395390272141,-0.0136209633201361,91.8792281765,-108.201076373,-4.319962889,-0.579331440943753,0.689174546075014,2.57837412726149
-20.8663940429688,8.43048095703125,-324.249267578125,-22.125244140625,-25.9780883789063,-410.7666015625,2.82691860198975,-7.43046045303345,-6.8655571937561,0.0820932239294052,-0.289675354957581,0.124045476317406,-2.23560380935669,-5.52492809295654,7.21216726303101,0.0571584701538086,-0.280646026134491,-0.152234092354774,0.19143807888031,-2.92623519897461,9.58644771575928,0.409700185060501,-0.294007688760757,-0.0801357105374336,0.98468017578125,-12.5062561035156,-3.75947022438049,0.792161226272583,0.226054415106773,-0.0128534836694598,91.878842466,-108.201207262,-4.319936936,-0.58157355553166,0.689994026034153,2.5857779056486
-20.599365234375,8.392333984375,-324.70703125,-22.0489501953125,-26.0162353515625,-410.7666015625,2.84101605415344,-7.43687868118286,-6.87501287460327,0.0824799612164497,-0.283102005720139,0.125602751970291,-2.23072862625122,-5.52046775817871,7.21743440628052,0.0585001036524773,-0.283765107393265,-0.155045241117477,0.175918862223625,-2.89401793479919,9.59911918640137,0.408870935440063,-0.290736198425293,-0.0808979570865631,1.01274812221527,-12.5454864501953,-3.7599925994873,0.793887317180634,0.229684367775917,-0.0119662741199136,91.8784567555,-108.201338151,-4.319910983,-0.583815670119567,0.690813505993291,2.59318168403571
-20.6375122070313,8.392333984375,-325.01220703125,-21.8963623046875,-26.3214111328125,-411.224365234375,2.85593295097351,-7.44652843475342,-6.88594150543213,0.082665890455246,-0.274862110614777,0.12725818157196,-2.22523427009583,-5.51464557647705,7.22385215759277,0.0597613826394081,-0.286494433879852,-0.157796859741211,0.1531722843647,-2.86493992805481,9.61122608184814,0.407841712236404,-0.288047015666962,-0.0817755088210106,1.03905546665192,-12.5909605026245,-3.75243067741394,0.795926451683044,0.233285263180733,-0.0109593346714973,91.878071045,-108.20146904,-4.31988503,-0.586057784707474,0.69163298595243,2.60058546242282
-20.6756591796875,8.392333984375,-325.3173828125,-21.7437744140625,-26.6265869140625,-411.68212890625,2.87084984779358,-7.45617866516113,-6.89687013626099,0.0828518196940422,-0.266622215509415,0.12891361117363,-2.21973991394043,-5.50882339477539,7.23026990890503,0.061022661626339,-0.28922376036644,-0.160548478364944,0.130425706505775,-2.83586192131042,9.62333202362061,0.406812489032745,-0.285357803106308,-0.0826530605554581,1.06536281108856,-12.6364336013794,-3.74486899375916,0.7979656457901,0.236886158585548,-0.00995239522308111,91.8776853345,-108.201599929,-4.319859077,-0.588299899295381,0.692452465911569,2.60798924080994
-20.5612182617188,8.392333984375,-325.851440429688,-21.66748046875,-27.0462036132813,-412.29248046875,2.88576698303223,-7.46582841873169,-6.90779876708984,0.0830377489328384,-0.258382320404053,0.130569040775299,-2.21424555778503,-5.50300121307373,7.23668766021729,0.0622839443385601,-0.291953086853027,-0.163300096988678,0.10767912119627,-2.80678391456604,9.63543796539307,0.405783265829086,-0.282668620347977,-0.0835306122899055,1.09167015552521,-12.6819076538086,-3.73730707168579,0.800004780292511,0.240487053990364,-0.00894545670598745,91.877299624,-108.201730818,-4.319833124,-0.590542013883288,0.693271945870707,2.61539301919705
-20.44677734375,8.392333984375,-326.385498046875,-21.5911865234375,-27.4658203125,-412.90283203125,2.90068387985229,-7.47547817230225,-6.91872692108154,0.0832236781716347,-0.250142425298691,0.132224470376968,-2.20875096321106,-5.49717903137207,7.24310541152954,0.0635452196002007,-0.294682413339615,-0.166051715612411,0.0849325358867645,-2.77770590782166,9.64754486083984,0.404754042625427,-0.279979437589645,-0.0844081565737724,1.11797749996185,-12.7273817062378,-3.72974538803101,0.802043974399567,0.24408794939518,-0.00793851725757122,91.8769139135,-108.201861707,-4.319807171,-0.592784128471195,0.694091425829846,2.62279679758416
-20.3704833984375,8.392333984375,-326.995849609375,-21.5911865234375,-27.6565551757813,-413.589477539063,2.91560077667236,-7.48512840270996,-6.9296555519104,0.0834096148610115,-0.241902515292168,0.133879899978638,-2.20325660705566,-5.49135684967041,7.24952363967896,0.0648064985871315,-0.297411739826202,-0.168803334236145,0.0621859543025494,-2.74862790107727,9.6596508026123,0.403724789619446,-0.277290254831314,-0.0852857083082199,1.14428496360779,-12.7728548049927,-3.72218370437622,0.804083108901978,0.247688844799995,-0.00693157827481627,91.876528203,-108.201992596,-4.319781218,-0.595026243059103,0.694910905788985,2.63020057597128
-20.294189453125,8.392333984375,-327.606201171875,-21.5911865234375,-27.8472900390625,-414.276123046875,2.93051767349243,-7.49477815628052,-6.94058418273926,0.0835955440998077,-0.233662620186806,0.135535329580307,-2.19776225090027,-5.48553466796875,7.25594139099121,0.0660677775740623,-0.30014106631279,-0.171554952859879,0.0394393689930439,-2.71954989433289,9.67175674438477,0.402695566415787,-0.274601072072983,-0.0861632600426674,1.17059230804443,-12.8183288574219,-3.71462178230286,0.806122303009033,0.251289755105972,-0.00592463882640004,91.8761424925,-108.202123485,-4.319755265,-0.59726835764701,0.695730385748123,2.63760435435839
-20.44677734375,8.27789306640625,-327.7587890625,-21.4767456054688,-27.923583984375,-414.581298828125,2.9454345703125,-7.50442838668823,-6.95151281356812,0.083781473338604,-0.225422710180283,0.137190744280815,-2.19226789474487,-5.47971248626709,7.26235914230347,0.0673290640115738,-0.302870392799377,-0.174306571483612,0.0166927874088287,-2.6904718875885,9.68386363983154,0.401666343212128,-0.271911859512329,-0.0870408117771149,1.19689965248108,-12.8638019561768,-3.70706009864807,0.808161437511444,0.254890650510788,-0.0049176998436451,91.875756782,-108.202254374,-4.319729312,-0.599510472234917,0.696549865707262,2.6450081327455
-20.599365234375,8.1634521484375,-327.911376953125,-21.3623046875,-27.9998779296875,-414.886474609375,2.96035146713257,-7.51407814025879,-6.96244096755981,0.0839674025774002,-0.217182815074921,0.138846173882484,-2.1867733001709,-5.47389030456543,7.26877689361572,0.0685903429985046,-0.305599719285965,-0.177058190107346,-0.00605379557237029,-2.66139388084412,9.695969581604,0.400637120008469,-0.269222676753998,-0.0879183560609818,1.22320699691772,-12.909276008606,-3.69949817657471,0.8102006316185,0.258491545915604,-0.00391076086089015,91.8753710715,-108.202385263,-4.319703359,-0.601752586822824,0.697369345666401,2.65241191113262
-20.44677734375,8.23974609375,-328.521728515625,-21.6293334960938,-27.7328491210938,-415.6494140625,2.97526836395264,-7.52372789382935,-6.97336959838867,0.0841533318161964,-0.208942905068398,0.140501603484154,-2.1812789440155,-5.46806812286377,7.27519464492798,0.0698516219854355,-0.308329045772552,-0.179809808731079,-0.0288003776222467,-2.63231587409973,9.70807647705078,0.39960789680481,-0.266533493995667,-0.0887959077954292,1.24951434135437,-12.9547500610352,-3.69193649291992,0.812239766120911,0.262092441320419,-0.00290382164530456,91.874985361,-108.202516152,-4.319677406,-0.603994701410731,0.698188825625539,2.65981568951973
-20.294189453125,8.3160400390625,-329.132080078125,-21.8963623046875,-27.4658203125,-416.412353515625,2.99018549919128,-7.53337812423706,-6.98429822921753,0.0843392610549927,-0.200703009963036,0.142157033085823,-2.17578458786011,-5.46224594116211,7.28161239624023,0.0711129009723663,-0.31105837225914,-0.182561427354813,-0.0515469610691071,-2.60323786735535,9.72018241882324,0.398578673601151,-0.263844311237335,-0.0896734595298767,1.27582168579102,-13.00022315979,-3.68437457084656,0.814278960227966,0.265693336725235,-0.00189688242971897,91.8745996505,-108.202647041,-4.319651453,-0.606236815998638,0.699008305584678,2.66721946790684
-20.3704833984375,8.3160400390625,-329.437255859375,-21.8582153320313,-27.4658203125,-417.404174804688,3.00510239601135,-7.54302787780762,-6.99522686004639,0.0845251977443695,-0.192463114857674,0.143812462687492,-2.17029023170471,-5.45642375946045,7.28803062438965,0.0723741799592972,-0.313787698745728,-0.185313045978546,-0.0742935463786125,-2.57415986061096,9.7322883605957,0.397549420595169,-0.261155098676682,-0.0905510112643242,1.30212914943695,-13.0456972122192,-3.67681288719177,0.816318094730377,0.269294232130051,-0.000889943272341043,91.87421394,-108.20277793,-4.3196255,-0.608478930586545,0.699827785543817,2.67462324629396
-20.44677734375,8.3160400390625,-329.742431640625,-21.820068359375,-27.4658203125,-418.39599609375,3.02001929283142,-7.55267810821533,-7.00615501403809,0.0847111269831657,-0.184223204851151,0.145467892289162,-2.16479563713074,-5.45060157775879,7.2944483757019,0.073635458946228,-0.316517025232315,-0.18806466460228,-0.0970401242375374,-2.54508185386658,9.74439525604248,0.39652019739151,-0.25846591591835,-0.0914285555481911,1.3284364938736,-13.0911703109741,-3.66925096511841,0.818357288837433,0.272895127534866,0.000116995848657098,91.87421367,-108.2027773315,-4.319625471,-0.610987363586536,0.700925292383905,2.68114048572841
-20.44677734375,8.23974609375,-330.2001953125,-21.9345092773438,-27.16064453125,-418.701171875,3.03493618965149,-7.56232786178589,-7.01708364486694,0.084897056221962,-0.175983309745789,0.147123321890831,-2.15930128097534,-5.44477939605713,7.30086612701416,0.0748967379331589,-0.319246351718903,-0.190816283226013,-0.119786709547043,-2.51600384712219,9.75650119781494,0.395490974187851,-0.255776733160019,-0.0923061072826385,1.35474383831024,-13.1366443634033,-3.66168928146362,0.820396423339844,0.276496022939682,0.00112393498420715,91.8742134,-108.202776733,-4.319625442,-0.613495796586527,0.702022799223993,2.68765772516286
-20.44677734375,8.1634521484375,-330.657958984375,-22.0489501953125,-26.85546875,-419.00634765625,3.05254340171814,-7.57960033416748,-7.00432300567627,0.0861954465508461,-0.166727527976036,0.148351892828941,-2.14783120155334,-5.44443082809448,7.30733060836792,0.075426273047924,-0.320226609706879,-0.192947685718536,-0.149406373500824,-2.498295545578,9.77506542205811,0.392888188362122,-0.256740361452103,-0.091935820877552,1.37114703655243,-13.1850757598877,-3.64880681037903,0.822158932685852,0.278153032064438,0.0015389408217743,91.87421313,-108.2027761345,-4.319625413,-0.616004229586518,0.703120306064082,2.69417496459732
-20.4086303710938,8.1634521484375,-331.11572265625,-21.820068359375,-26.4739990234375,-419.769287109375,3.07015061378479,-7.59687280654907,-6.99156188964844,0.0874938368797302,-0.157471746206284,0.149580478668213,-2.13636112213135,-5.44408273696899,7.31379556655884,0.0759558156132698,-0.321206837892532,-0.195079103112221,-0.179026037454605,-2.48058748245239,9.79362869262695,0.390285402536392,-0.257703989744186,-0.0915655344724655,1.38755011558533,-13.2335071563721,-3.63592433929443,0.823921501636505,0.279810070991516,0.00195394665934145,91.87421286,-108.202775536,-4.319625384,-0.618512662586509,0.70421781290417,2.70069220403177
-20.3704833984375,8.1634521484375,-331.573486328125,-21.5911865234375,-26.092529296875,-420.5322265625,3.08775782585144,-7.61414480209351,-6.97880125045776,0.0887922272086143,-0.148215979337692,0.150809049606323,-2.12489104270935,-5.44373416900635,7.3202600479126,0.076485350728035,-0.322187095880508,-0.197210505604744,-0.208645701408386,-2.4628791809082,9.81219291687012,0.38768258690834,-0.25866761803627,-0.091195248067379,1.40395331382751,-13.2819395065308,-3.62304162979126,0.825684010982513,0.281467080116272,0.00236895261332393,91.87421259,-108.2027749375,-4.319625355,-0.6210210955865,0.705315319744258,2.70720944346622
-20.44677734375,8.0108642578125,-332.03125,-21.514892578125,-26.0162353515625,-420.83740234375,3.10536479949951,-7.6314172744751,-6.96604061126709,0.0900906175374985,-0.13896019756794,0.152037635445595,-2.11342096328735,-5.44338607788086,7.32672500610352,0.0770148932933807,-0.323167353868484,-0.199341908097267,-0.238265365362167,-2.44517111778259,9.83075714111328,0.385079801082611,-0.259631246328354,-0.0908249616622925,1.4203565120697,-13.3303709030151,-3.61015915870667,0.827446520328522,0.283124089241028,0.0027839585673064,91.87421232,-108.202774339,-4.319625326,-0.623529528586491,0.706412826584347,2.71372668290067
-20.5230712890625,7.8582763671875,-332.489013671875,-21.4385986328125,-25.93994140625,-421.142578125,3.12297201156616,-7.64868974685669,-6.95327949523926,0.0913890153169632,-0.129704415798187,0.153266206383705,-2.10195064544678,-5.44303750991821,7.33318948745728,0.0775444284081459,-0.324147582054138,-0.201473325490952,-0.267885029315948,-2.4274628162384,9.84932041168213,0.382477015256882,-0.260594874620438,-0.090454675257206,1.4367595911026,-13.3788022994995,-3.59727668762207,0.829209089279175,0.284781098365784,0.00319896452128887,91.87421205,-108.2027737405,-4.319625297,-0.626037961586482,0.707510333424435,2.72024392233513
-20.3704833984375,7.8582763671875,-332.94677734375,-21.4385986328125,-25.9017944335938,-422.134399414063,3.14057922363281,-7.66596221923828,-6.94051885604858,0.0926874056458473,-0.120448641479015,0.154494792222977,-2.09048056602478,-5.44268941879272,7.33965444564819,0.0780739709734917,-0.325127840042114,-0.203604727983475,-0.29750469326973,-2.40975475311279,9.86788463592529,0.379874229431152,-0.261558502912521,-0.0900843888521194,1.45316278934479,-13.4272336959839,-3.58439421653748,0.830971598625183,0.286438137292862,0.0036139702424407,91.87421178,-108.202773142,-4.319625268,-0.628546394586473,0.708607840264523,2.72676116176958
-20.2178955078125,7.8582763671875,-333.404541015625,-21.4385986328125,-25.8636474609375,-423.126220703125,3.15818643569946,-7.68323469161987,-6.92775821685791,0.0939857959747314,-0.111192859709263,0.155723363161087,-2.07901048660278,-5.44234085083008,7.34611892700195,0.0786035060882568,-0.326108068227768,-0.205736145377159,-0.327124357223511,-2.3920464515686,9.88644790649414,0.377271443605423,-0.262522101402283,-0.0897141024470329,1.46956586837769,-13.4756660461426,-3.57151174545288,0.832734167575836,0.288095146417618,0.00402897642925382,91.87421151,-108.2027725435,-4.319625239,-0.631054827586464,0.709705347104612,2.73327840120404
-20.1416015625,7.8582763671875,-333.786010742188,-21.209716796875,-25.9017944335938,-423.583984375,3.17579364776611,-7.70050716400146,-6.91499710083008,0.0952841863036156,-0.101937085390091,0.156951949000359,-2.06754040718079,-5.44199275970459,7.35258388519287,0.0791330486536026,-0.327088326215744,-0.207867547869682,-0.356744021177292,-2.37433838844299,9.9050121307373,0.374668657779694,-0.263485729694366,-0.0893438160419464,1.48596906661987,-13.524097442627,-3.55862927436829,0.834496676921844,0.289752155542374,0.00444398215040565,91.87421124,-108.202771945,-4.31962521,-0.633563260586455,0.7108028539447,2.73979564063849
-20.0653076171875,7.8582763671875,-334.16748046875,-20.9808349609375,-25.93994140625,-424.041748046875,3.19340085983276,-7.7177791595459,-6.9022364616394,0.0965825766324997,-0.0926813036203384,0.158180519938469,-2.05607032775879,-5.44164419174194,7.35904836654663,0.0796625837683678,-0.32806858420372,-0.209998950362206,-0.386363685131073,-2.3566300868988,9.92357635498047,0.372065842151642,-0.26444935798645,-0.0889735296368599,1.50237226486206,-13.5725288391113,-3.54574656486511,0.836259186267853,0.291409194469452,0.00485898787155747,91.87421097,-108.2027713465,-4.319625181,-0.636071693586446,0.711900360784788,2.74631288007294
-19.989013671875,7.9345703125,-334.701538085938,-21.209716796875,-26.2451171875,-424.346923828125,3.21100807189941,-7.73505163192749,-6.88947582244873,0.0978809669613838,-0.0834255218505859,0.159409090876579,-2.04460024833679,-5.44129610061646,7.36551332473755,0.0801921263337135,-0.329048812389374,-0.21213036775589,-0.415983349084854,-2.33892178535461,9.94213962554932,0.369463056325912,-0.265412986278534,-0.0886032432317734,1.51877534389496,-13.6209602355957,-3.53286409378052,0.838021755218506,0.293066203594208,0.00527399405837059,91.8742107,-108.202770748,-4.319625152,-0.638580126586438,0.712997867624876,2.75283011950739
-19.9127197265625,8.0108642578125,-335.235595703125,-21.4385986328125,-26.55029296875,-424.652099609375,3.22861504554749,-7.75232410430908,-6.8767147064209,0.0991793572902679,-0.074169747531414,0.160637676715851,-2.03313016891479,-5.44094753265381,7.37197780609131,0.0807216614484787,-0.33002907037735,-0.214261770248413,-0.445603013038635,-2.321213722229,9.96070384979248,0.366860270500183,-0.266376614570618,-0.0882329568266869,1.53517854213715,-13.6693916320801,-3.51998162269592,0.839784264564514,0.294723212718964,0.00568899977952242,91.87421043,-108.2027701495,-4.319625123,-0.641088559586428,0.714095374464965,2.75934735894185
-19.989013671875,8.087158203125,-335.693359375,-21.5530395507813,-26.8173217773438,-425.262451171875,3.24622225761414,-7.76959657669067,-6.86395406723022,0.100477747619152,-0.0649139657616615,0.161866247653961,-2.0216600894928,-5.44059944152832,7.37844276428223,0.0812512040138245,-0.331009328365326,-0.216393172740936,-0.475222676992416,-2.30350542068481,9.97926807403564,0.364257484674454,-0.267340242862701,-0.0878626704216003,1.55158174037933,-13.7178239822388,-3.50709915161133,0.841546773910522,0.296380251646042,0.00610400550067425,91.87421016,-108.202769551,-4.319625094,-0.64359699258642,0.715192881305053,2.7658645983763
-20.0653076171875,8.1634521484375,-336.151123046875,-21.66748046875,-27.0843505859375,-425.872802734375,3.26382946968079,-7.78686904907227,-6.85119342803955,0.101776137948036,-0.0556581914424896,0.163094833493233,-2.0101900100708,-5.44025087356567,7.38490724563599,0.0817807391285896,-0.33198955655098,-0.218524590134621,-0.504842340946198,-2.2857973575592,9.99783134460449,0.361654698848724,-0.268303871154785,-0.0874923840165138,1.56798481941223,-13.7662553787231,-3.49421668052673,0.843309342861176,0.298037260770798,0.00651901168748736,91.87420989,-108.2027689525,-4.319625065,-0.646105425586411,0.716290388145141,2.77238183781075
-20.0653076171875,8.23974609375,-336.60888671875,-21.5911865234375,-27.0843505859375,-426.33056640625,3.27084040641785,-7.800377368927,-6.83588218688965,0.10334450751543,-0.0466143637895584,0.163925558328629,-1.99291455745697,-5.44023752212524,7.38639354705811,0.0820202380418777,-0.332816570997238,-0.220301270484924,-0.536549806594849,-2.27580499649048,10.0160274505615,0.358977496623993,-0.269884079694748,-0.0869525149464607,1.57514643669128,-13.8094167709351,-3.49122762680054,0.845932960510254,0.299661457538605,0.00675329472869635,91.87420962,-108.202768354,-4.319625036,-0.648613858586402,0.717387894985229,2.77889907724521
-20.0653076171875,8.3160400390625,-337.066650390625,-21.514892578125,-27.0843505859375,-426.788330078125,3.2672553062439,-7.81012201309204,-6.81802034378052,0.105182841420174,-0.0377824902534485,0.16435843706131,-1.96983408927917,-5.44055891036987,7.38290119171143,0.0819697007536888,-0.333490312099457,-0.221723213791847,-0.570344984531403,-2.27352857589722,10.0338554382324,0.356225878000259,-0.272080838680267,-0.0862430557608604,1.57306659221649,-13.8473091125488,-3.49813222885132,0.849417626857758,0.301252871751785,0.00680685508996248,91.87420935,-108.2027677555,-4.319625007,-0.651122291586393,0.718485401825318,2.78541631667966
-20.1034545898438,8.27789306640625,-337.753295898438,-21.514892578125,-27.3513793945313,-427.322387695313,3.26367020606995,-7.81986665725708,-6.80015897750854,0.107021175324917,-0.0289506167173386,0.16479130089283,-1.94675362110138,-5.4408802986145,7.37940883636475,0.0819191634654999,-0.334164083003998,-0.22314515709877,-0.604140162467957,-2.27125215530396,10.0516843795776,0.353474289178848,-0.274277627468109,-0.0855335891246796,1.5709867477417,-13.8852014541626,-3.5050368309021,0.852902293205261,0.302844285964966,0.00686041545122862,91.87420908,-108.202767157,-4.319624978,-0.653630724586383,0.719582908665406,2.79193355611411
-20.1416015625,8.23974609375,-338.43994140625,-21.514892578125,-27.618408203125,-427.8564453125,3.260085105896,-7.82961130142212,-6.78229713439941,0.108859516680241,-0.0201187431812286,0.165224179625511,-1.92367315292358,-5.44120121002197,7.37591600418091,0.0818686261773109,-0.334837824106216,-0.224567100405693,-0.637935400009155,-2.26897549629211,10.0695123672485,0.350722670555115,-0.276474386453629,-0.0848241299390793,1.56890690326691,-13.9230937957764,-3.5119411945343,0.856386959552765,0.304435700178146,0.00691397581249475,91.87420881,-108.2027665585,-4.319624949,-0.656139157586375,0.720680415505495,2.79845079554857
-19.989013671875,8.50677490234375,-339.126586914063,-21.05712890625,-27.5421142578125,-428.466796875,3.25650000572205,-7.83935594558716,-6.76443576812744,0.110697850584984,-0.0112868696451187,0.165657058358192,-1.90059268474579,-5.4415225982666,7.37242364883423,0.081818088889122,-0.335511595010757,-0.225989043712616,-0.671730577945709,-2.26669907569885,10.0873403549194,0.347971081733704,-0.27867117524147,-0.084114670753479,1.56682705879211,-13.9609851837158,-3.51884579658508,0.859871625900269,0.306027114391327,0.00696753617376089,91.87420854,-108.20276596,-4.31962492,-0.658647590586366,0.721777922345583,2.80496803498302
-19.83642578125,8.7738037109375,-339.813232421875,-20.599365234375,-27.4658203125,-429.0771484375,3.2529149055481,-7.8491005897522,-6.74657440185547,0.112536184489727,-0.00245499610900879,0.166089937090874,-1.87751221656799,-5.44184398651123,7.36893129348755,0.0817675516009331,-0.336185336112976,-0.2274110019207,-0.705525755882263,-2.26442265510559,10.1051692962646,0.345219492912292,-0.28086793422699,-0.0834052041172981,1.56474709510803,-13.9988775253296,-3.52575039863586,0.863356351852417,0.307618528604507,0.00702109653502703,91.8742084085,-108.202765667,-4.319624809,-0.661335973667153,0.722786684558426,2.80971471824959
-19.6456909179688,8.65936279296875,-340.27099609375,-20.7138061523438,-27.1987915039063,-429.763793945313,3.24932980537415,-7.85884523391724,-6.72871255874634,0.114374525845051,0.00637687742710114,0.166522815823555,-1.8544317483902,-5.44216537475586,7.36543893814087,0.0817170143127441,-0.336859107017517,-0.228832945227623,-0.739320993423462,-2.26214623451233,10.1229972839355,0.342467874288559,-0.283064723014832,-0.0826957449316978,1.56266725063324,-14.0367698669434,-3.53265500068665,0.866841018199921,0.309209942817688,0.00707465689629316,91.874208277,-108.202765374,-4.319624698,-0.664024356747941,0.723795446771269,2.81446140151617
-19.4549560546875,8.544921875,-340.728759765625,-20.8282470703125,-26.9317626953125,-430.450439453125,3.2457447052002,-7.86858940124512,-6.71085119247437,0.116212859749794,0.0152087509632111,0.166955679655075,-1.8313512802124,-5.44248676300049,7.36194658279419,0.0816664770245552,-0.337532848119736,-0.230254888534546,-0.773116171360016,-2.25986981391907,10.1408252716064,0.339716285467148,-0.285261482000351,-0.0819862857460976,1.56058740615845,-14.0746622085571,-3.53955960273743,0.870325684547424,0.310801357030869,0.0071282172575593,91.8742081455,-108.202765081,-4.319624587,-0.666712739828729,0.724804208984112,2.81920808478274
-19.2642211914063,8.544921875,-341.339111328125,-20.7138061523438,-26.702880859375,-431.289672851563,3.24215960502625,-7.87833404541016,-6.69298934936523,0.118051193654537,0.024040624499321,0.167388558387756,-1.80827081203461,-5.44280815124512,7.35845422744751,0.0816159397363663,-0.338206619024277,-0.231676831841469,-0.80691134929657,-2.25759339332581,10.1586542129517,0.336964666843414,-0.287458270788193,-0.0812768191099167,1.55850756168365,-14.1125535964966,-3.54646420478821,0.873810350894928,0.312392771244049,0.00718177761882544,91.874208014,-108.202764788,-4.319624476,-0.669401122909517,0.725812971196956,2.82395476804932
-19.073486328125,8.544921875,-341.949462890625,-20.599365234375,-26.4739990234375,-432.12890625,3.23857450485229,-7.8880786895752,-6.67512798309326,0.119889535009861,0.0328724980354309,0.167821437120438,-1.78519034385681,-5.44312953948975,7.35496187210083,0.0815654024481773,-0.338880360126495,-0.233098775148392,-0.840706586837769,-2.25531697273254,10.1764822006226,0.334213078022003,-0.289655029773712,-0.0805673599243164,1.55642771720886,-14.1504459381104,-3.55336880683899,0.877295017242432,0.313984155654907,0.00723533798009157,91.8742078825,-108.202764495,-4.319624365,-0.672089505990304,0.726821733409799,2.8287014513159
-19.1879272460938,8.544921875,-342.71240234375,-20.6756591796875,-26.0162353515625,-432.662963867188,3.23498940467834,-7.89782333374023,-6.65726613998413,0.121727868914604,0.0417043715715408,0.168254315853119,-1.76210987567902,-5.44345045089722,7.35146903991699,0.0815148651599884,-0.339554131031036,-0.234520718455315,-0.874501764774323,-2.2530403137207,10.1943101882935,0.33146145939827,-0.291851818561554,-0.0798579007387161,1.55434787273407,-14.1883382797241,-3.56027317047119,0.880779683589935,0.315575569868088,0.00728889834135771,91.874207751,-108.202764202,-4.319624254,-0.674777889071092,0.727830495622642,2.83344813458247
-19.3023681640625,8.544921875,-343.475341796875,-20.751953125,-25.5584716796875,-433.197021484375,3.23140430450439,-7.90756797790527,-6.63940477371216,0.123566202819347,0.0505362451076508,0.168687179684639,-1.73902940750122,-5.44377183914185,7.34797668457031,0.0814643278717995,-0.340227872133255,-0.235942676663399,-0.908296942710876,-2.25076389312744,10.2121381759644,0.328709870576859,-0.294048577547073,-0.0791484415531158,1.55226790904999,-14.2262306213379,-3.56717777252197,0.884264409542084,0.317166984081268,0.00734245870262384,91.8742076195,-108.202763909,-4.319624143,-0.67746627215188,0.728839257835486,2.83819481784905
-19.378662109375,8.6212158203125,-343.780517578125,-20.7901000976563,-25.2914428710938,-433.883666992188,3.22781920433044,-7.91731262207031,-6.62154293060303,0.125404536724091,0.0593681186437607,0.16912005841732,-1.71594893932343,-5.44409322738647,7.34448432922363,0.0814137905836105,-0.340901643037796,-0.237364619970322,-0.942092180252075,-2.24848747253418,10.2299671173096,0.325958251953125,-0.296245366334915,-0.078438974916935,1.5501880645752,-14.2641220092773,-3.57408237457275,0.887749075889587,0.318758398294449,0.00739601906388998,91.874207488,-108.202763616,-4.319624032,-0.680154655232667,0.729848020048329,2.84294150111562
-19.4549560546875,8.697509765625,-344.085693359375,-20.8282470703125,-25.0244140625,-434.5703125,3.22423410415649,-7.92705726623535,-6.60368156433105,0.127242878079414,0.0681999921798706,0.169552937150002,-1.69286847114563,-5.4444146156311,7.34099197387695,0.0813632532954216,-0.341575384140015,-0.238786563277245,-0.975887358188629,-2.24621105194092,10.2477951049805,0.323206663131714,-0.298442125320435,-0.0777295157313347,1.5481082201004,-14.3020143508911,-3.58098697662354,0.891233742237091,0.320349812507629,0.00744957942515612,91.8742073565,-108.202763323,-4.319623921,-0.682843038313455,0.730856782261172,2.8476881843822
-19.7219848632813,8.6212158203125,-344.54345703125,-20.4849243164063,-24.6047973632813,-434.646606445313,3.18686532974243,-7.93113327026367,-6.61071968078613,0.129927635192871,0.0781523734331131,0.169423565268517,-1.67959558963776,-5.44386577606201,7.34064340591431,0.0804738402366638,-0.342040985822678,-0.239682048559189,-1.01119780540466,-2.25860476493835,10.2475357055664,0.318331032991409,-0.30383825302124,-0.0763492360711098,1.52161407470703,-14.3101625442505,-3.58717179298401,0.894217669963837,0.321169495582581,0.0077544734813273,91.874207225,-108.20276303,-4.31962381,-0.685531421394243,0.731865544474015,2.85243486764877
-19.989013671875,8.544921875,-345.001220703125,-20.1416015625,-24.1851806640625,-434.722900390625,3.14949631690979,-7.93520975112915,-6.61775779724121,0.132612392306328,0.0881047546863556,0.169294193387032,-1.66632258892059,-5.44331693649292,7.3402943611145,0.0795844197273254,-0.342506587505341,-0.240577533841133,-1.04650819301605,-2.27099823951721,10.2472763061523,0.313455432653427,-0.309234380722046,-0.0749689564108849,1.49511992931366,-14.3183097839355,-3.5933563709259,0.897201597690582,0.321989178657532,0.00805936753749847,91.8742070935,-108.202762737,-4.319623699,-0.68821980447503,0.732874306686858,2.85718155091535
-20.1416015625,8.544921875,-345.458984375,-20.0271606445313,-24.0707397460938,-435.714721679688,3.11212754249573,-7.93928575515747,-6.62479591369629,0.135297149419785,0.0980571359395981,0.169164821505547,-1.65304970741272,-5.44276857376099,7.33994579315186,0.0786950066685677,-0.342972159385681,-0.241473019123077,-1.08181869983673,-2.28339195251465,10.2470178604126,0.308579802513123,-0.314630508422852,-0.0735886767506599,1.46862590312958,-14.3264579772949,-3.59954118728638,0.900185525417328,0.322808861732483,0.00836426205933094,91.874206962,-108.202762444,-4.319623588,-0.690908187555818,0.733883068899702,2.86192823418192
-20.294189453125,8.544921875,-345.916748046875,-19.9127197265625,-23.956298828125,-436.70654296875,3.07475852966309,-7.94336175918579,-6.63183403015137,0.137981906533241,0.108009517192841,0.169035464525223,-1.63977682590485,-5.44221973419189,7.33959722518921,0.0778055936098099,-0.343437761068344,-0.242368504405022,-1.11712908744812,-2.29578566551208,10.2467584609985,0.303704172372818,-0.32002666592598,-0.072208397090435,1.44213175773621,-14.3346061706543,-3.60572600364685,0.903169453144073,0.323628544807434,0.00866915658116341,91.8742068305,-108.202762151,-4.319623477,-0.693596570636606,0.734891831112545,2.8666749174485
-19.989013671875,8.7738037109375,-346.6796875,-19.7219848632813,-23.956298828125,-437.240600585938,3.03738975524902,-7.94743776321411,-6.63887214660645,0.140666678547859,0.117961898446083,0.168906092643738,-1.62650394439697,-5.4416708946228,7.33924865722656,0.0769161731004715,-0.343903362751007,-0.243263974785805,-1.1524395942688,-2.30817914009094,10.2464990615845,0.298828572034836,-0.325422793626785,-0.0708281174302101,1.41563761234283,-14.3427534103394,-3.61191058158875,0.906153380870819,0.324448227882385,0.0089740501716733,91.874206699,-108.202761858,-4.319623366,-0.696284953717394,0.735900593325388,2.87142160071507
-19.683837890625,9.002685546875,-347.442626953125,-19.53125,-23.956298828125,-437.774658203125,3.00002074241638,-7.95151424407959,-6.64591026306152,0.143351435661316,0.127914279699326,0.168776720762253,-1.61323094367981,-5.44112205505371,7.33889961242676,0.0760267600417137,-0.34436896443367,-0.244159460067749,-1.18774998188019,-2.32057285308838,10.2462396621704,0.293952941894531,-0.330818921327591,-0.0694478377699852,1.38914346694946,-14.3509016036987,-3.61809539794922,0.909137308597565,0.325267910957336,0.00927894469350576,91.8742065675,-108.202761565,-4.319623255,-0.698973336798181,0.736909355538231,2.87616828398165
-19.4931030273438,9.0789794921875,-347.900390625,-19.3023681640625,-23.956298828125,-438.079833984375,2.96265196800232,-7.95559024810791,-6.65294790267944,0.146036192774773,0.137866660952568,0.168647348880768,-1.59995806217194,-5.44057321548462,7.33855104446411,0.0751373469829559,-0.344834566116333,-0.245054945349693,-1.22306048870087,-2.33296656608582,10.2459812164307,0.289077311754227,-0.336215049028397,-0.0680675506591797,1.36264932155609,-14.3590488433838,-3.62428021430969,0.912121295928955,0.32608762383461,0.00958383828401566,91.874206436,-108.202761272,-4.319623144,-0.701661719878969,0.737918117751074,2.88091496724822
-19.3023681640625,9.1552734375,-348.358154296875,-19.073486328125,-23.956298828125,-438.385009765625,2.92528295516968,-7.95966625213623,-6.65998601913452,0.148720949888229,0.147819042205811,0.168517976999283,-1.58668518066406,-5.44002437591553,7.33820247650146,0.0742479264736176,-0.345300167798996,-0.245950430631638,-1.25837087631226,-2.34536004066467,10.2457218170166,0.284201711416245,-0.341611176729202,-0.0666872709989548,1.33615517616272,-14.3671970367432,-3.63046479225159,0.915105223655701,0.326907306909561,0.00988873280584812,91.8742063045,-108.202760979,-4.319623033,-0.704350102959757,0.738926879963918,2.8856616505148
-19.3023681640625,9.2315673828125,-348.892211914063,-19.1497802734375,-24.1851806640625,-439.224243164063,2.88791418075562,-7.96374273300171,-6.6670241355896,0.151405707001686,0.157771423459053,0.168388605117798,-1.57341229915619,-5.43947601318359,7.33785390853882,0.0733585134148598,-0.345765739679337,-0.246845915913582,-1.29368138313293,-2.35775375366211,10.2454624176025,0.27932608127594,-0.347007304430008,-0.0653069913387299,1.30966114997864,-14.3753452301025,-3.63664960861206,0.918089151382446,0.327726989984512,0.0101936273276806,91.874206173,-108.202760686,-4.319622922,-0.707038486040545,0.739935642176761,2.89040833378137
-19.3023681640625,9.307861328125,-349.42626953125,-19.22607421875,-24.4140625,-440.0634765625,2.85054540634155,-7.96781873703003,-6.67406225204468,0.154090464115143,0.167723804712296,0.168259233236313,-1.56013929843903,-5.4389271736145,7.33750486373901,0.072469100356102,-0.346231341362,-0.247741401195526,-1.32899177074432,-2.37014746665955,10.2452030181885,0.274450451135635,-0.352403432130814,-0.0639267116785049,1.28316700458527,-14.3834924697876,-3.64283442497253,0.921073079109192,0.328546673059464,0.0104985209181905,91.8742060415,-108.202760393,-4.319622811,-0.709726869121333,0.740944404389604,2.89515501704795
-19.1879272460938,9.26971435546875,-350.03662109375,-19.2642211914063,-24.4140625,-440.826416015625,2.81317639350891,-7.97189474105835,-6.68110036849976,0.1567752212286,0.177676185965538,0.168129876255989,-1.54686641693115,-5.43837833404541,7.33715629577637,0.0715796798467636,-0.346696943044662,-0.24863688647747,-1.36430215835571,-2.3825409412384,10.2449436187744,0.269574850797653,-0.357799589633942,-0.06254643201828,1.25667285919189,-14.391640663147,-3.64901900291443,0.924057006835938,0.329366356134415,0.0108034154400229,91.87420591,-108.2027601,-4.3196227,-0.71241525220212,0.741953166602447,2.89990170031452
-19.073486328125,9.2315673828125,-350.64697265625,-19.3023681640625,-24.4140625,-441.58935546875,2.77580761909485,-7.97597122192383,-6.68813848495483,0.159459978342056,0.187628567218781,0.168000504374504,-1.53359353542328,-5.43782949447632,7.33680772781372,0.0706902667880058,-0.347162544727325,-0.249532371759415,-1.39961266517639,-2.39493465423584,10.2446851730347,0.264699220657349,-0.363195717334747,-0.0611661523580551,1.23017871379852,-14.3997888565063,-3.6552038192749,0.927040934562683,0.330186039209366,0.0111083099618554,91.8742057415,-108.2027597045,-4.3196223985,-0.715407774462276,0.743123775191089,2.90220788333617
-19.1116333007813,9.307861328125,-351.25732421875,-19.1879272460938,-24.2996215820313,-442.19970703125,2.73843860626221,-7.98004722595215,-6.69517660140991,0.162144735455513,0.197580948472023,0.167871132493019,-1.52032065391541,-5.43728065490723,7.33645915985107,0.069800853729248,-0.347628146409988,-0.250427842140198,-1.43492305278778,-2.40732836723328,10.2444257736206,0.259823590517044,-0.368591845035553,-0.0597858726978302,1.20368456840515,-14.4079360961914,-3.66138863563538,0.930024862289429,0.331005722284317,0.0114132035523653,91.874205573,-108.202759309,-4.319622097,-0.718400296722433,0.744294383779731,2.90451406635782
-19.1497802734375,9.3841552734375,-351.86767578125,-19.073486328125,-24.1851806640625,-442.81005859375,2.69952321052551,-7.98505306243896,-6.71141386032104,0.165158912539482,0.206409528851509,0.167535752058029,-1.51589214801788,-5.44186449050903,7.33850288391113,0.0688348188996315,-0.348027527332306,-0.250934362411499,-1.46208190917969,-2.41872191429138,10.2412242889404,0.255023092031479,-0.374565094709396,-0.058368407189846,1.16977202892303,-14.4025850296021,-3.65439987182617,0.931271493434906,0.331539034843445,0.0121285943314433,91.8742054045,-108.2027589135,-4.3196217955,-0.721392818982589,0.745464992368373,2.90682024937946
-19.2642211914063,9.3841552734375,-352.630615234375,-19.0353393554688,-24.0325927734375,-443.649291992188,2.65906119346619,-7.99098920822144,-6.73685073852539,0.168502479791641,0.214114278554916,0.166994377970695,-1.52030801773071,-5.45158100128174,7.34293985366821,0.0677921697497368,-0.348360687494278,-0.251051902770996,-1.48108923435211,-2.42911529541016,10.2350807189941,0.250297665596008,-0.381115436553955,-0.0569137521088123,1.12844097614288,-14.3837337493896,-3.63423752784729,0.93078088760376,0.331785947084427,0.0132544804364443,91.874205236,-108.202758518,-4.319621494,-0.724385341242746,0.746635600957015,2.90912643240111
-19.378662109375,9.3841552734375,-353.3935546875,-18.9971923828125,-23.8800048828125,-444.488525390625,2.61859917640686,-7.99692487716675,-6.76228713989258,0.171846061944962,0.221819028258324,0.166452988982201,-1.52472400665283,-5.46129751205444,7.34737634658813,0.0667495205998421,-0.348693877458572,-0.251169472932816,-1.50009655952454,-2.43950891494751,10.2289371490479,0.245572224259377,-0.387665778398514,-0.0554590970277786,1.08711004257202,-14.3648834228516,-3.61407542228699,0.930290281772614,0.332032859325409,0.0143803665414453,91.8742050675,-108.2027581225,-4.3196211925,-0.727377863502902,0.747806209545657,2.91143261542276
-19.378662109375,9.46044921875,-353.851318359375,-18.5775756835938,-23.7274169921875,-444.793701171875,2.57813715934753,-8.00286102294922,-6.78772401809692,0.175189629197121,0.229523777961731,0.165911614894867,-1.52913987636566,-5.47101402282715,7.35181331634521,0.0657068714499474,-0.349027037620544,-0.251287013292313,-1.51910376548767,-2.44990229606628,10.2227935791016,0.240846812725067,-0.394216120243073,-0.0540044419467449,1.04577898979187,-14.3460321426392,-3.59391331672668,0.929799675941467,0.332279801368713,0.0155062526464462,91.874204899,-108.202757727,-4.319620891,-0.730370385763058,0.748976818134299,2.9137387984444
-19.378662109375,9.5367431640625,-354.30908203125,-18.157958984375,-23.5748291015625,-445.098876953125,2.53767514228821,-8.00879669189453,-6.81316041946411,0.178533211350441,0.237228527665138,0.165370240807533,-1.53355586528778,-5.48073053359985,7.35625028610229,0.0646642223000526,-0.349360227584839,-0.25140455365181,-1.5381110906601,-2.46029591560364,10.2166500091553,0.236121386289597,-0.400766491889954,-0.0525497868657112,1.00444793701172,-14.3271808624268,-3.5737509727478,0.929309070110321,0.332526713609695,0.0166321378201246,91.8742047305,-108.2027573315,-4.3196205895,-0.733362908023214,0.750147426722941,2.91604498146605
-19.22607421875,9.5367431640625,-354.690551757813,-18.0435180664063,-23.193359375,-445.86181640625,2.49721312522888,-8.01473236083984,-6.83859729766846,0.1818767786026,0.244933277368546,0.164828851819038,-1.5379718542099,-5.49044704437256,7.36068677902222,0.0636215731501579,-0.349693387746811,-0.251522123813629,-1.55711841583252,-2.47068953514099,10.210506439209,0.231395959854126,-0.407316833734512,-0.0510951355099678,0.963116943836212,-14.3083305358887,-3.5535888671875,0.928818464279175,0.332773625850677,0.0177580248564482,91.874204562,-108.202756936,-4.319620288,-0.736355430283371,0.751318035311582,2.91835116448769
-19.073486328125,9.5367431640625,-355.072021484375,-17.9290771484375,-22.8118896484375,-446.624755859375,2.45675110816956,-8.02066802978516,-6.86403369903564,0.18522036075592,0.252638012170792,0.164287477731705,-1.54238772392273,-5.50016355514526,7.3651237487793,0.0625789240002632,-0.350026577711105,-0.251639664173126,-1.57612562179565,-2.48108291625977,10.2043628692627,0.226670533418655,-0.413867175579071,-0.0496404804289341,0.921785950660706,-14.2894792556763,-3.5334267616272,0.928327858448029,0.333020567893982,0.0188839100301266,91.8742043935,-108.2027565405,-4.3196199865,-0.739347952543527,0.752488643900224,2.92065734750934
-18.9971923828125,9.46044921875,-355.8349609375,-18.0435180664063,-22.4685668945313,-447.3876953125,2.41628932952881,-8.02660465240479,-6.88947057723999,0.18856392800808,0.26034277677536,0.16374608874321,-1.54680371284485,-5.50988006591797,7.36956024169922,0.0615362748503685,-0.350359737873077,-0.251757204532623,-1.59513294696808,-2.49147653579712,10.1982202529907,0.221945106983185,-0.42041751742363,-0.0481858253479004,0.880454897880554,-14.2706289291382,-3.51326441764832,0.927837252616882,0.333267480134964,0.0200097970664501,91.874204225,-108.202756145,-4.319619685,-0.742340474803683,0.753659252488866,2.92296353053099
-18.9208984375,9.3841552734375,-356.597900390625,-18.157958984375,-22.125244140625,-448.150634765625,2.37582731246948,-8.0325403213501,-6.91490697860718,0.1919075101614,0.268047511577606,0.163204714655876,-1.55121958255768,-5.51959657669067,7.3739972114563,0.0604936257004738,-0.350692927837372,-0.251874774694443,-1.6141402721405,-2.50186991691589,10.1920766830444,0.217219680547714,-0.426967889070511,-0.0467311702668667,0.839123904705048,-14.2517776489258,-3.49310231208801,0.927346646785736,0.333514392375946,0.0211356822401285,91.8742040565,-108.2027557495,-4.3196193835,-0.74533299706384,0.754829861077508,2.92526971355263
-18.8446044921875,9.307861328125,-357.284545898438,-18.1198120117188,-21.7437744140625,-449.066162109375,2.33536529541016,-8.03847599029541,-6.94034385681152,0.195251077413559,0.275752276182175,0.162663340568542,-1.5556355714798,-5.52931308746338,7.37843418121338,0.0594509765505791,-0.351026087999344,-0.25199231505394,-1.63314747810364,-2.51226353645325,10.1859331130981,0.212494254112244,-0.43351823091507,-0.045276515185833,0.797792911529541,-14.2329263687134,-3.47293996810913,0.92685604095459,0.33376133441925,0.0222615692764521,91.874203888,-108.202755354,-4.319619082,-0.748325519323996,0.75600046966615,2.92757589657428
-18.768310546875,9.2315673828125,-357.97119140625,-18.0816650390625,-21.3623046875,-449.981689453125,2.29490327835083,-8.04441165924072,-6.96578025817871,0.198594659566879,0.283457010984421,0.162121951580048,-1.56005144119263,-5.53902959823608,7.3828706741333,0.0584083274006844,-0.351359277963638,-0.252109855413437,-1.65215480327606,-2.52265691757202,10.1797895431519,0.207768842577934,-0.440068572759628,-0.0438218601047993,0.75646185874939,-14.2140760421753,-3.45277786254883,0.926365435123444,0.334008246660233,0.0233874544501305,91.8742037195,-108.2027549585,-4.3196187805,-0.751318041584152,0.757171078254792,2.92988207959593
-18.8064575195313,9.1552734375,-358.657836914063,-18.00537109375,-21.1334228515625,-450.286865234375,2.2544412612915,-8.05034828186035,-6.99121713638306,0.201938226819038,0.291161775588989,0.161580577492714,-1.56446743011475,-5.54874610900879,7.38730764389038,0.0573656782507896,-0.35169243812561,-0.252227395772934,-1.67116212844849,-2.53305053710938,10.1736459732056,0.203043416142464,-0.446618914604187,-0.0423672087490559,0.715130865573883,-14.1952247619629,-3.43261575698853,0.925874829292297,0.334255158901215,0.024513341486454,91.874203551,-108.202754563,-4.319618479,-0.754310563844309,0.758341686843434,2.93218826261757
-18.8446044921875,9.0789794921875,-359.344482421875,-17.9290771484375,-20.904541015625,-450.592041015625,2.21397924423218,-8.05628395080566,-7.01665353775024,0.205281808972359,0.298866510391235,0.161039188504219,-1.56888329982758,-5.55846261978149,7.3917441368103,0.0563230291008949,-0.352025628089905,-0.252344965934753,-1.69016933441162,-2.54344391822815,10.1675024032593,0.198317989706993,-0.453169286251068,-0.0409125536680222,0.673799812793732,-14.1763744354248,-3.41245341300964,0.925384223461151,0.334502100944519,0.0256392266601324,91.8742033825,-108.2027541675,-4.3196181775,-0.757303086104465,0.759512295432075,2.93449444563922
-18.9971923828125,9.26971435546875,-360.488891601563,-17.9290771484375,-20.8663940429688,-451.278686523438,2.17351722717285,-8.06221961975098,-7.04209041595459,0.208625376224518,0.306571274995804,0.160497814416885,-1.57329928874969,-5.5681791305542,7.39618110656738,0.0552803799510002,-0.352358788251877,-0.25246250629425,-1.70917665958405,-2.5538375377655,10.161358833313,0.193592563271523,-0.459719628095627,-0.0394578985869884,0.632468819618225,-14.1575231552124,-3.39229130744934,0.924893617630005,0.334749013185501,0.026765113696456,91.874203214,-108.202753772,-4.319617876,-0.760295608364621,0.760682904020717,2.93680062866087
-19.1497802734375,9.46044921875,-361.63330078125,-17.9290771484375,-20.8282470703125,-451.96533203125,2.16468071937561,-8.06045341491699,-7.06505918502808,0.213252529501915,0.304544717073441,0.158647611737251,-1.5763247013092,-5.57765579223633,7.39985513687134,0.0547433942556381,-0.351942390203476,-0.251834869384766,-1.72062087059021,-2.57422828674316,10.1522302627563,0.188977226614952,-0.466402441263199,-0.0365144945681095,0.590407073497772,-14.1237211227417,-3.36909508705139,0.92140144109726,0.334906667470932,0.028044268488884,91.8742030455,-108.2027533765,-4.3196175745,-0.763288130624778,0.761853512609359,2.93910681168251
-19.073486328125,9.42230224609375,-362.167358398438,-17.7764892578125,-20.7138061523438,-452.423095703125,2.15584421157837,-8.05868721008301,-7.08802795410156,0.217879682779312,0.302518159151077,0.156797409057617,-1.57935011386871,-5.58713245391846,7.40352964401245,0.054206408560276,-0.351525962352753,-0.251207232475281,-1.73206496238708,-2.59461903572083,10.143102645874,0.18436187505722,-0.473085254430771,-0.0335710868239403,0.548345386981964,-14.0899181365967,-3.34589910507202,0.917909204959869,0.335064351558685,0.0293234251439571,91.874202877,-108.202752981,-4.319617273,-0.766280652884934,0.763024121198001,2.94141299470416
-18.9971923828125,9.3841552734375,-362.701416015625,-17.6239013671875,-20.599365234375,-452.880859375,2.14700794219971,-8.05692100524902,-7.11099624633789,0.222506836056709,0.300491601228714,0.154947206377983,-1.58237552642822,-5.59660911560059,7.40720367431641,0.0536694228649139,-0.351109564304352,-0.250579625368118,-1.74350917339325,-2.61500954627991,10.1339740753174,0.17974653840065,-0.479768067598343,-0.0306276828050613,0.506283640861511,-14.056116104126,-3.32270288467407,0.914417028427124,0.335222005844116,0.0306025799363852,91.8742027085,-108.2027525855,-4.3196169715,-0.769273175145091,0.764194729786643,2.9437191777258
-18.9971923828125,9.57489013671875,-363.235473632813,-17.4713134765625,-20.6375122070313,-453.567504882813,2.13817143440247,-8.05515575408936,-7.13396501541138,0.227133989334106,0.298465073108673,0.153097003698349,-1.58540093898773,-5.60608577728271,7.41087818145752,0.0531324334442616,-0.350693166255951,-0.249951988458633,-1.75495338439941,-2.63540029525757,10.1248464584351,0.17513120174408,-0.486450850963593,-0.0276842787861824,0.464221924543381,-14.0223140716553,-3.2995069026947,0.910924792289734,0.335379660129547,0.0318817347288132,91.87420254,-108.20275219,-4.31961667,-0.772265697405247,0.765365338375285,2.94602536074745
-18.9971923828125,9.765625,-363.76953125,-17.3187255859375,-20.6756591796875,-454.254150390625,2.12933492660522,-8.05338954925537,-7.15693378448486,0.231761157512665,0.29643851518631,0.151246801018715,-1.58842635154724,-5.61556243896484,7.41455221176147,0.0525954477488995,-0.35027676820755,-0.249324351549149,-1.76639759540558,-2.65579104423523,10.1157178878784,0.170515850186348,-0.493133664131165,-0.0247408729046583,0.42216020822525,-13.9885110855103,-3.27631068229675,0.907432615756989,0.3355373442173,0.0331608913838863,91.8742024245,-108.202751898,-4.319616365,-0.775118249176352,0.766483335118029,2.94548164193482
-19.073486328125,9.918212890625,-364.227294921875,-17.2042846679688,-20.8282470703125,-454.7119140625,2.12049841880798,-8.05162334442139,-7.17990255355835,0.236388310790062,0.294411957263947,0.149396598339081,-1.59145176410675,-5.62503910064697,7.41822671890259,0.0520584620535374,-0.349860340356827,-0.248696729540825,-1.77784168720245,-2.67618179321289,10.1065902709961,0.165900513529778,-0.499816477298737,-0.0217974670231342,0.38009849190712,-13.9547090530396,-3.25311470031738,0.903940439224243,0.335694998502731,0.0344400443136692,91.874202309,-108.202751606,-4.31961606,-0.777970800947457,0.767601331860773,2.94493792312219
-19.1497802734375,10.07080078125,-364.68505859375,-17.08984375,-20.9808349609375,-455.169677734375,2.11166191101074,-8.0498571395874,-7.20287132263184,0.241015464067459,0.292385399341583,0.147546395659447,-1.59447717666626,-5.63451623916626,7.42190074920654,0.0515214763581753,-0.349443942308426,-0.24806909263134,-1.78928589820862,-2.69657254219055,10.0974617004395,0.161285161972046,-0.506499290466309,-0.0188540630042553,0.338036775588989,-13.9209060668945,-3.22991847991943,0.900448203086853,0.335852682590485,0.0357192009687424,91.8742021935,-108.202751314,-4.319615755,-0.780823352718562,0.768719328603517,2.94439420430955
-18.9590454101563,10.07080078125,-365.29541015625,-17.0135498046875,-21.05712890625,-455.780029296875,2.1028254032135,-8.04809093475342,-7.22584009170532,0.245642617344856,0.29035884141922,0.145696192979813,-1.59750258922577,-5.64399290084839,7.42557525634766,0.0509844906628132,-0.349027544260025,-0.247441470623016,-1.80073010921478,-2.71696329116821,10.0883340835571,0.156669825315475,-0.513182103633881,-0.0159106571227312,0.295975059270859,-13.8871040344238,-3.20672249794006,0.896956026554108,0.336010336875916,0.0369983576238155,91.874202078,-108.202751022,-4.31961545,-0.783675904489667,0.769837325346261,2.94385048549692
-18.768310546875,10.07080078125,-365.90576171875,-16.937255859375,-21.1334228515625,-456.390380859375,2.09398913383484,-8.04632472991943,-7.24880838394165,0.250269770622253,0.288332283496857,0.143845990300179,-1.60052800178528,-5.65346956253052,7.42924928665161,0.0504475049674511,-0.348611116409302,-0.246813833713531,-1.81217432022095,-2.73735380172729,10.0792055130005,0.152054488658905,-0.519864916801453,-0.0129672521725297,0.253913313150406,-13.8533020019531,-3.18352627754211,0.893463790416718,0.336167991161346,0.0382775105535984,91.8742019625,-108.20275073,-4.319615145,-0.786528456260772,0.770955322089005,2.94330676668429
-18.6920166015625,10.2615356445313,-366.668701171875,-17.0516967773438,-21.0189819335938,-456.924438476563,2.0851526260376,-8.04455852508545,-7.27177715301514,0.254896938800812,0.286305725574493,0.141995787620544,-1.60355341434479,-5.66294622421265,7.43292379379272,0.049910519272089,-0.348194718360901,-0.246186196804047,-1.82361841201782,-2.75774455070496,10.0700769424438,0.147439137101173,-0.526547729969025,-0.0100238472223282,0.211851596832275,-13.8194990158081,-3.16033005714417,0.889971613883972,0.3363256752491,0.0395566672086716,91.874201847,-108.202750438,-4.31961484,-0.789381008031876,0.772073318831749,2.94276304787166
-18.61572265625,10.4522705078125,-367.431640625,-17.1661376953125,-20.904541015625,-457.45849609375,2.07631611824036,-8.04279327392578,-7.29474592208862,0.259524077177048,0.284279197454453,0.14014558494091,-1.6065788269043,-5.67242288589478,7.43659782409668,0.0493735298514366,-0.3477783203125,-0.245558574795723,-1.83506262302399,-2.77813529968262,10.0609493255615,0.142823800444603,-0.533230543136597,-0.00708044227212667,0.169789880514145,-13.7856969833374,-3.13713407516479,0.886479437351227,0.336483329534531,0.0408358201384544,91.8742017315,-108.202750146,-4.319614535,-0.792233559802981,0.773191315574493,2.94221932905902
-18.8827514648438,10.528564453125,-368.194580078125,-17.242431640625,-20.7901000976563,-457.992553710938,2.06747961044312,-8.0410270690918,-7.31771469116211,0.264151245355606,0.282252639532089,0.138295382261276,-1.60960423946381,-5.6818995475769,7.44027233123779,0.0488365441560745,-0.347361892461777,-0.244930937886238,-1.84650683403015,-2.79852604866028,10.0518207550049,0.138208463788033,-0.539913356304169,-0.00413703732192516,0.127728164196014,-13.7518949508667,-3.11393785476685,0.882987201213837,0.336640983819962,0.0421149767935276,91.874201616,-108.202749854,-4.31961423,-0.795086111574086,0.774309312317237,2.94167561024639
-19.1497802734375,10.6048583984375,-368.95751953125,-17.3187255859375,-20.6756591796875,-458.526611328125,2.05864310264587,-8.03926086425781,-7.3406834602356,0.268778383731842,0.280226081609726,0.136445179581642,-1.61262965202332,-5.69137620925903,7.44394636154175,0.0482995584607124,-0.346945494413376,-0.244303315877914,-1.85795104503632,-2.81891679763794,10.0426931381226,0.133593112230301,-0.546596169471741,-0.00119363202247769,0.0856664329767227,-13.7180919647217,-3.09074187278748,0.879495024681091,0.336798667907715,0.0433941334486008,91.8742015005,-108.202749562,-4.319613925,-0.797938663345192,0.775427309059981,2.94113189143376
-19.1116333007813,10.68115234375,-369.720458984375,-17.1661376953125,-20.599365234375,-459.136962890625,2.05655694007874,-8.03611278533936,-7.35581207275391,0.27375802397728,0.27545440196991,0.133745729923248,-1.60744416713715,-5.69762706756592,7.44449901580811,0.0482303313910961,-0.346330523490906,-0.24344290792942,-1.85513842105865,-2.84181714057922,10.0416679382324,0.128959968686104,-0.552281677722931,0.00252168485894799,0.0488247536122799,-13.6838846206665,-3.07390999794006,0.875241994857788,0.337413638830185,0.0446338579058647,91.874201385,-108.20274927,-4.31961362,-0.800791215116296,0.776545305802725,2.94058817262113
-19.073486328125,10.7574462890625,-370.4833984375,-17.0135498046875,-20.5230712890625,-459.747314453125,2.0612211227417,-8.03158187866211,-7.36310148239136,0.279090136289597,0.26793760061264,0.130197033286095,-1.5940477848053,-5.70065259933472,7.44192981719971,0.0486288666725159,-0.345516949892044,-0.242349743843079,-1.83806920051575,-2.86722731590271,10.0487470626831,0.124309033155441,-0.556970000267029,0.00700891343876719,0.0172031130641699,-13.6492719650269,-3.06344223022461,0.870228230953217,0.338485926389694,0.0458341538906097,91.8742012695,-108.202748978,-4.319613315,-0.803643766887401,0.777663302545469,2.9400444538085
-19.1879272460938,10.68115234375,-371.09375,-16.937255859375,-20.4086303710938,-460.357666015625,2.06588506698608,-8.02705097198486,-7.37039041519165,0.284422248601913,0.260420829057693,0.126648351550102,-1.58065128326416,-5.70367813110352,7.43936061859131,0.0490274019539356,-0.344703406095505,-0.241256564855576,-1.82099997997284,-2.8926374912262,10.0558252334595,0.119658097624779,-0.561658322811127,0.0114961424842477,-0.0144185293465853,-13.6146602630615,-3.05297446250916,0.865214467048645,0.339558213949203,0.0470344498753548,91.874201154,-108.202748686,-4.31961301,-0.806496318658506,0.778781299288213,2.93950073499586
-19.3023681640625,10.6048583984375,-371.7041015625,-16.8609619140625,-20.294189453125,-460.968017578125,2.07054924964905,-8.02252101898193,-7.3776798248291,0.28975436091423,0.252904027700424,0.123099662363529,-1.56725490093231,-5.70670366287231,7.43679094314575,0.0494259372353554,-0.343889832496643,-0.240163385868073,-1.80393075942993,-2.91804766654968,10.0629043579102,0.115007154643536,-0.566346645355225,0.0159833710640669,-0.0460401698946953,-13.5800476074219,-3.04250693321228,0.860200703144073,0.340630531311035,0.0482347495853901,91.8742010385,-108.202748394,-4.319612705,-0.809348870429611,0.779899296030957,2.93895701618323
-19.1116333007813,10.528564453125,-372.161865234375,-16.6702270507813,-20.1034545898438,-461.349487304688,2.07521319389343,-8.01799011230469,-7.38496875762939,0.295086473226547,0.245387241244316,0.119550973176956,-1.55385851860046,-5.70972871780396,7.43422174453735,0.0498244725167751,-0.343076288700104,-0.239070221781731,-1.78686153888702,-2.94345784187317,10.0699834823608,0.110356219112873,-0.571034967899323,0.0204705987125635,-0.0776618123054504,-13.5454349517822,-3.03203916549683,0.855186939239502,0.341702818870544,0.0494350455701351,91.874200923,-108.202748102,-4.3196124,-0.812201422200716,0.781017292773701,2.9384132973706
-18.9208984375,10.4522705078125,-372.61962890625,-16.4794921875,-19.9127197265625,-461.73095703125,2.07987713813782,-8.01345920562744,-7.39225769042969,0.300418585538864,0.237870439887047,0.116002283990383,-1.54046201705933,-5.71275424957275,7.43165254592896,0.0502230077981949,-0.342262715101242,-0.237977042794228,-1.76979219913483,-2.96886801719666,10.0770616531372,0.10570527613163,-0.57572329044342,0.0249578282237053,-0.109283454716206,-13.5108232498169,-3.02157139778137,0.85017317533493,0.342775106430054,0.0506353415548801,91.8742008075,-108.20274781,-4.319612095,-0.815053973971821,0.782135289516445,2.93786957855797
-18.8064575195313,10.528564453125,-373.84033203125,-16.4413452148438,-19.683837890625,-462.493896484375,2.08454132080078,-8.00892925262451,-7.39954710006714,0.305750697851181,0.230353653430939,0.11245359480381,-1.52706563472748,-5.71577978134155,7.42908334732056,0.0506215430796146,-0.341449171304703,-0.236883863806725,-1.75272297859192,-2.99427819252014,10.0841407775879,0.101054340600967,-0.580411612987518,0.0294450558722019,-0.140905097126961,-13.4762105941772,-3.0111038684845,0.845159411430359,0.343847393989563,0.0518356375396252,91.874200692,-108.202747518,-4.31961179,-0.817906525742926,0.783253286259188,2.93732585974533
-18.6920166015625,10.6048583984375,-375.06103515625,-16.4031982421875,-19.4549560546875,-463.2568359375,2.08920526504517,-8.00439834594727,-7.40683603286743,0.311082780361176,0.222836852073669,0.108904905617237,-1.51366913318634,-5.71880531311035,7.42651414871216,0.0510200783610344,-0.340635597705841,-0.235790699720383,-1.73565375804901,-3.01968836784363,10.0912189483643,0.0964033976197243,-0.585099935531616,0.0339322835206985,-0.172526732087135,-13.4415979385376,-3.00063610076904,0.840145647525787,0.344919681549072,0.0530359335243702,91.8742005765,-108.202747226,-4.319611485,-0.820759077514031,0.784371283001932,2.9367821409327
-18.6920166015625,10.3759765625,-375.595092773438,-16.2887573242188,-19.378662109375,-463.943481445313,2.09386944770813,-7.99986791610718,-7.41412544250488,0.316414892673492,0.215320065617561,0.105356216430664,-1.50027275085449,-5.72183036804199,7.42394495010376,0.0514186136424541,-0.339822053909302,-0.23469752073288,-1.7185845375061,-3.04509854316711,10.0982980728149,0.0917524620890617,-0.589788258075714,0.0384195148944855,-0.204148381948471,-13.4069862365723,-2.99016833305359,0.835131883621216,0.345991969108582,0.0542362295091152,91.874200461,-108.202746934,-4.31961118,-0.823611629285136,0.785489279744676,2.93623842212007
-18.6920166015625,10.1470947265625,-376.129150390625,-16.17431640625,-19.3023681640625,-464.630126953125,2.09853339195251,-7.99533700942993,-7.42141437530518,0.321747004985809,0.207803279161453,0.101807534694672,-1.48687636852264,-5.72485589981079,7.42137575149536,0.0518171489238739,-0.33900848031044,-0.233604356646538,-1.7015153169632,-3.0705087184906,10.1053771972656,0.0871015191078186,-0.594476521015167,0.0429067425429821,-0.235770016908646,-13.3723735809326,-2.97970080375671,0.830118060112,0.347064256668091,0.0554365254938602,91.8742003455,-108.202746642,-4.319610875,-0.826464181056241,0.786607276487421,2.93569470330744
-18.61572265625,10.3759765625,-376.739501953125,-16.0598754882813,-19.3405151367188,-464.553833007813,2.10319757461548,-7.99080657958984,-7.42870378494263,0.327079117298126,0.200286477804184,0.0982588455080986,-1.47347986698151,-5.72788143157959,7.4188060760498,0.0522156842052937,-0.338194936513901,-0.232511177659035,-1.68444609642029,-3.09591889381409,10.112455368042,0.0824505835771561,-0.599164843559265,0.0473939701914787,-0.26739165186882,-13.337760925293,-2.96923303604126,0.825104296207428,0.348136574029922,0.0566368252038956,91.87420023,-108.20274635,-4.31961057,-0.829316732827346,0.787725273230164,2.9351509844948
-18.5394287109375,10.6048583984375,-377.349853515625,-15.9454345703125,-19.378662109375,-464.4775390625,2.10786151885986,-7.98627614974976,-7.43599271774292,0.332411229610443,0.192769691348076,0.0947101563215256,-1.46008348464966,-5.73090696334839,7.41623687744141,0.0526142194867134,-0.337381362915039,-0.231417998671532,-1.66737675666809,-3.12132906913757,10.1195344924927,0.0777996405959129,-0.603853166103363,0.0518811978399754,-0.299013316631317,-13.3031482696533,-2.95876526832581,0.820090532302856,0.349208861589432,0.0578371211886406,91.874200053,-108.2027458415,-4.3196097895,-0.831665031519664,0.789009203189452,2.93165500873679
-18.61572265625,10.6430053710938,-378.189086914063,-16.021728515625,-19.6456909179688,-465.316772460938,2.11252570152283,-7.98174524307251,-7.44328212738037,0.33774334192276,0.185252889990807,0.0911614671349525,-1.44668698310852,-5.73393201828003,7.41366767883301,0.0530127547681332,-0.3365678191185,-0.23032483458519,-1.65030753612518,-3.14673924446106,10.126612663269,0.0731487050652504,-0.608541488647461,0.0563684292137623,-0.330634951591492,-13.268536567688,-2.94829773902893,0.815076768398285,0.350281149148941,0.0590374171733856,91.874199876,-108.202745333,-4.319609009,-0.834013330211983,0.790293133148741,2.92815903297878
-18.6920166015625,10.68115234375,-379.0283203125,-16.0980224609375,-19.9127197265625,-466.156005859375,2.11718964576721,-7.97721481323242,-7.45057106018066,0.343075454235077,0.177736103534698,0.0876127779483795,-1.43329060077667,-5.73695755004883,7.41109848022461,0.0534112900495529,-0.335754245519638,-0.229231655597687,-1.63323831558228,-3.17214941978455,10.1336917877197,0.0684977620840073,-0.613229811191559,0.0608556568622589,-0.362256586551666,-13.2339239120483,-2.93782997131348,0.810063004493713,0.35135343670845,0.0602377131581306,91.874199699,-108.2027448245,-4.3196082285,-0.836361628904301,0.791577063108029,2.92466305722077
-18.9208984375,10.7574462890625,-379.562377929688,-15.6402587890625,-19.9127197265625,-466.384887695313,2.13172435760498,-7.97397565841675,-7.44992256164551,0.350100189447403,0.174258008599281,0.0840980410575867,-1.41281223297119,-5.73919916152954,7.41287803649902,0.0533712096512318,-0.335252940654755,-0.227988213300705,-1.58830142021179,-3.18789100646973,10.1729125976563,0.0646393969655037,-0.615743696689606,0.065969243645668,-0.375897437334061,-13.2163343429565,-2.92552328109741,0.804171562194824,0.352815508842468,0.0616640858352184,91.874199522,-108.202744316,-4.319607448,-0.83870992759662,0.792860993067317,2.92116708146276
-19.1497802734375,10.833740234375,-380.096435546875,-15.1824951171875,-19.9127197265625,-466.61376953125,2.14625930786133,-7.97073602676392,-7.44927358627319,0.357124894857407,0.170779928565025,0.0805832967162132,-1.392333984375,-5.74144124984741,7.41465759277344,0.0533311329782009,-0.334751665592194,-0.226744771003723,-1.54336452484131,-3.20363283157349,10.2121334075928,0.0607810243964195,-0.618257522583008,0.0710828304290771,-0.389538317918777,-13.1987447738647,-2.91321659088135,0.798280119895935,0.354277610778809,0.0630904585123062,91.874199345,-108.2027438075,-4.3196066675,-0.841058226288938,0.794144923026605,2.91767110570475
-18.9971923828125,11.2152099609375,-380.55419921875,-15.56396484375,-20.3323364257813,-466.995239257813,2.1607940196991,-7.96749687194824,-7.44862508773804,0.364149630069733,0.167301833629608,0.0770685598254204,-1.37185561656952,-5.74368286132813,7.41643667221069,0.0532910525798798,-0.33425036072731,-0.22550131380558,-1.49842762947083,-3.21937441825867,10.2513542175293,0.0569226555526257,-0.620771408081055,0.0761964246630669,-0.403179168701172,-13.1811552047729,-2.90090990066528,0.792388617992401,0.355739682912827,0.0645168274641037,91.874199168,-108.202743299,-4.319605887,-0.843406524981257,0.795428852985893,2.91417512994674
-18.8446044921875,11.5966796875,-381.011962890625,-15.9454345703125,-20.751953125,-467.376708984375,2.17532896995544,-7.96425771713257,-7.44797611236572,0.371174335479736,0.163823753595352,0.0735538229346275,-1.35137736797333,-5.745924949646,7.41821622848511,0.0532509759068489,-0.333749085664749,-0.224257871508598,-1.45349073410034,-3.23511624336243,10.2905750274658,0.0530642867088318,-0.623285293579102,0.081310011446476,-0.416820049285889,-13.1635656356812,-2.8886034488678,0.786497175693512,0.357201755046844,0.0659431964159012,91.874198991,-108.2027427905,-4.3196051065,-0.845754823673575,0.796712782945181,2.91067915418873
-18.8827514648438,11.6348266601563,-381.851196289063,-15.716552734375,-20.9808349609375,-467.910766601563,2.18986368179321,-7.96101856231689,-7.44732761383057,0.378199070692062,0.160345658659935,0.0700390860438347,-1.33089900016785,-5.74816656112671,7.41999578475952,0.0532108955085278,-0.333247780799866,-0.223014429211617,-1.40855383872986,-3.25085783004761,10.3297958374023,0.0492059178650379,-0.625799179077148,0.0864235982298851,-0.430460900068283,-13.1459760665894,-2.87629675865173,0.780605733394623,0.358663856983185,0.0673695728182793,91.874198814,-108.202742282,-4.319604326,-0.848103122365894,0.797996712904469,2.90718317843072
-18.9208984375,11.6729736328125,-382.6904296875,-15.4876708984375,-21.209716796875,-468.44482421875,2.20439839363098,-7.95777893066406,-7.44667863845825,0.385223776102066,0.156867563724518,0.0665243417024612,-1.31042063236237,-5.75040864944458,7.42177534103394,0.0531708151102066,-0.332746475934982,-0.221770986914635,-1.36361694335938,-3.26659941673279,10.3690166473389,0.045347549021244,-0.628313004970551,0.0915371850132942,-0.444101750850677,-13.1283864974976,-2.86399006843567,0.774714291095734,0.360125929117203,0.0687959417700768,91.874198637,-108.2027417735,-4.3196035455,-0.850451421058212,0.799280642863757,2.90368720267271
-18.6920166015625,11.749267578125,-383.377075195313,-15.4495239257813,-21.3241577148438,-469.284057617188,2.21893334388733,-7.95453977584839,-7.4460301399231,0.392248511314392,0.153389483690262,0.0630096048116684,-1.28994238376617,-5.75265026092529,7.42355442047119,0.0531307384371758,-0.332245200872421,-0.220527529716492,-1.31868004798889,-3.28234124183655,10.4082365036011,0.0414891801774502,-0.630826890468597,0.0966507792472839,-0.457742631435394,-13.1107978820801,-2.8516833782196,0.7688227891922,0.361588001251221,0.0702223181724548,91.87419846,-108.202741265,-4.319602765,-0.852799719750531,0.800564572823045,2.9001912269147
-18.463134765625,11.8255615234375,-384.063720703125,-15.411376953125,-21.4385986328125,-470.123291015625,2.2334680557251,-7.95130062103271,-7.44538116455078,0.399273216724396,0.149911388754845,0.0594948641955853,-1.26946401596069,-5.75489234924316,7.42533397674561,0.0530906580388546,-0.331743896007538,-0.21928408741951,-1.27374315261841,-3.29808282852173,10.4474573135376,0.0376308113336563,-0.633340775966644,0.101764366030693,-0.471383482217789,-13.0932083129883,-2.83937668800354,0.762931346893311,0.363050103187561,0.0716486871242523,91.874198283,-108.2027407565,-4.3196019845,-0.855148018442849,0.801848502782333,2.89669525115669
-18.463134765625,11.9400024414063,-384.979248046875,-15.3350830078125,-21.66748046875,-470.352172851563,2.24800300598145,-7.94806146621704,-7.44473266601563,0.406297951936722,0.146433308720589,0.0559801273047924,-1.2489857673645,-5.75713396072388,7.42711353302002,0.0530505813658237,-0.331242620944977,-0.218040645122528,-1.22880625724792,-3.31382465362549,10.4866781234741,0.0337724424898624,-0.635854601860046,0.106877952814102,-0.485024362802505,-13.0756187438965,-2.82706999778748,0.757039904594421,0.364512175321579,0.0730750560760498,91.874198106,-108.202740248,-4.319601204,-0.857496317135168,0.803132432741621,2.89319927539868
-18.463134765625,12.054443359375,-385.894775390625,-15.2587890625,-21.8963623046875,-470.5810546875,2.26253771781921,-7.94482183456421,-7.44408416748047,0.413322657346725,0.142955213785172,0.0524653866887093,-1.22850739955902,-5.75937604904175,7.42889308929443,0.0530105009675026,-0.330741316080093,-0.216797202825546,-1.18386936187744,-3.32956624031067,10.5258989334106,0.0299140755087137,-0.638368487358093,0.111991539597511,-0.4986652135849,-13.0580291748047,-2.81476330757141,0.751148462295532,0.365974247455597,0.0745014324784279,91.874197929,-108.2027397395,-4.3196004235,-0.859844615827486,0.804416362700909,2.88970329964067
-18.5394287109375,12.1688842773438,-386.810302734375,-15.2587890625,-21.9345092773438,-471.038818359375,2.27707242965698,-7.94158267974854,-7.44343519210815,0.420347392559052,0.139477118849754,0.0489506460726261,-1.20802903175354,-5.76161766052246,7.43067264556885,0.0529704205691814,-0.33024001121521,-0.215553760528564,-1.13893246650696,-3.34530782699585,10.5651197433472,0.0260557066649199,-0.64088237285614,0.11710512638092,-0.512306094169617,-13.0404396057129,-2.80245685577393,0.745257019996643,0.367436349391937,0.0759278014302254,91.874197752,-108.202739231,-4.319599643,-0.862192914519805,0.805700292660197,2.88620732388266
-18.61572265625,12.2833251953125,-387.725830078125,-15.2587890625,-21.97265625,-471.49658203125,2.29160737991333,-7.93834352493286,-7.442786693573,0.427372097969055,0.135999038815498,0.0454359091818333,-1.18755078315735,-5.76385974884033,7.4324517250061,0.0529303438961506,-0.329738736152649,-0.214310303330421,-1.09399557113647,-3.36104965209961,10.6043405532837,0.022197337821126,-0.643396198749542,0.12221872061491,-0.525946915149689,-13.0228500366211,-2.79015016555786,0.739365518093109,0.368898421525955,0.0773541703820229,91.874197575,-108.2027387225,-4.3195988625,-0.864541213212123,0.806984222619485,2.88271134812465
-18.3868408203125,12.3214721679688,-387.954711914063,-15.0680541992188,-21.97265625,-472.030639648438,2.3061420917511,-7.93510437011719,-7.44213771820068,0.434396833181381,0.132520943880081,0.0419211685657501,-1.16707241535187,-5.76610136032104,7.43423128128052,0.0528902634978294,-0.329237431287766,-0.21306686103344,-1.04905867576599,-3.37679123878479,10.6435613632202,0.0183389689773321,-0.645910084247589,0.127332299947739,-0.539587795734406,-13.0052604675293,-2.7778434753418,0.73347407579422,0.370360493659973,0.0787805467844009,91.874197398,-108.202738214,-4.319598082,-0.866889511904442,0.808268152578773,2.87921537236664
-18.157958984375,12.359619140625,-388.18359375,-14.8773193359375,-21.97265625,-472.564697265625,2.33454203605652,-7.94111919403076,-7.44970560073853,0.440098762512207,0.13036684691906,0.0392921082675457,-1.15222823619843,-5.76489734649658,7.441969871521,0.0527519807219505,-0.328088521957397,-0.211082831025124,-1.00383639335632,-3.38651990890503,10.679762840271,0.0142003791406751,-0.64800888299942,0.132673397660255,-0.544846415519714,-12.9969396591187,-2.76244187355042,0.728590965270996,0.372937947511673,0.0806389376521111,91.874197221,-108.2027377055,-4.3195973015,-0.86923781059676,0.809552082538061,2.87571939660863
-18.310546875,12.2833251953125,-388.946533203125,-14.95361328125,-21.9345092773438,-472.640991210938,2.37680673599243,-7.95638847351074,-7.46549034118652,0.444477915763855,0.129536747932434,0.0375487208366394,-1.14301824569702,-5.76024723052979,7.45566749572754,0.0525154918432236,-0.326291978359222,-0.208358198404312,-0.958328604698181,-3.39023518562317,10.7129440307617,0.00978156924247742,-0.649692595005035,0.138241976499557,-0.541722774505615,-12.9978885650635,-2.74394512176514,0.724716126918793,0.376630753278732,0.0829293504357338,91.874197044,-108.202737197,-4.319596521,-0.871586109289079,0.810836012497349,2.87222342085062
-18.463134765625,12.20703125,-389.70947265625,-15.0299072265625,-21.8963623046875,-472.71728515625,2.41907143592834,-7.97165775299072,-7.48127508163452,0.448857098817825,0.128706648945808,0.0358053334057331,-1.13380813598633,-5.75559711456299,7.46936511993408,0.0522790029644966,-0.32449546456337,-0.205633565783501,-0.912820875644684,-3.39395046234131,10.7461261749268,0.00536275887861848,-0.651376366615295,0.143810570240021,-0.538599073886871,-12.998836517334,-2.72544836997986,0.720841288566589,0.380323559045792,0.0852197632193565,91.874196867,-108.2027366885,-4.3195957405,-0.873934407981397,0.812119942456637,2.86872744509261
-18.3868408203125,12.2833251953125,-390.243530273438,-14.7247314453125,-21.8963623046875,-473.098754882813,2.46133613586426,-7.9869270324707,-7.49705982208252,0.453236252069473,0.127876549959183,0.0340619459748268,-1.12459802627563,-5.75094699859619,7.48306274414063,0.05204251781106,-0.322698920965195,-0.202908933162689,-0.867313146591187,-3.39766597747803,10.7793083190918,0.000943948805797845,-0.653060078620911,0.149379149079323,-0.535475432872772,-12.9997854232788,-2.70695185661316,0.716966450214386,0.384016364812851,0.0875101834535599,91.87419669,-108.20273618,-4.31959496,-0.876282706673716,0.813403872415925,2.8652314693346
-18.310546875,12.359619140625,-390.777587890625,-14.4195556640625,-21.8963623046875,-473.480224609375,2.50360083580017,-8.00219631195068,-7.51284456253052,0.457615405321121,0.127046450972557,0.0323185585439205,-1.11538803577423,-5.74629688262939,7.49676036834717,0.051806028932333,-0.32090237736702,-0.200184300541878,-0.821805417537689,-3.40138125419617,10.8124895095825,-0.00347486138343811,-0.654743790626526,0.154947742819786,-0.532351791858673,-13.0007343292236,-2.68845510482788,0.713091611862183,0.38770917057991,0.0898005962371826,91.871750752,-108.203483365,-4.317776114,-0.878809992734273,0.814522865974593,2.85911473567838
-18.2723999023438,12.3977661132813,-391.387939453125,-14.6102905273438,-22.0870971679688,-474.014282226563,2.54586553573608,-8.01746559143066,-7.52862882614136,0.461994588375092,0.126216351985931,0.0305751692503691,-1.10617792606354,-5.7416467666626,7.51045799255371,0.051569540053606,-0.319105863571167,-0.197459667921066,-0.776297688484192,-3.40509653091431,10.8456716537476,-0.00789367128163576,-0.656427562236786,0.160516336560249,-0.529228150844574,-13.0016822814941,-2.6699583530426,0.709216773509979,0.39140197634697,0.0920910090208054,91.869304814,-108.20423055,-4.315957268,-0.88133727879483,0.815641859533261,2.85299800202216
-18.2342529296875,12.4359130859375,-391.998291015625,-14.801025390625,-22.27783203125,-474.54833984375,2.588130235672,-8.03273487091064,-7.54441356658936,0.46637374162674,0.125386252999306,0.0288317818194628,-1.09696781635284,-5.7369966506958,7.52415561676025,0.0513330511748791,-0.317309319972992,-0.194735035300255,-0.730789959430695,-3.40881204605103,10.8788537979126,-0.012312482111156,-0.658111274242401,0.166084915399551,-0.526104509830475,-13.002631187439,-2.6514618396759,0.705341935157776,0.395094782114029,0.0943814218044281,91.866858876,-108.204977735,-4.314138422,-0.883864564855387,0.816760853091929,2.84688126836594
-18.2723999023438,12.359619140625,-393.06640625,-14.5721435546875,-22.27783203125,-475.387573242188,2.63039493560791,-8.04800415039063,-7.56019830703735,0.470752894878387,0.12455615401268,0.0270883962512016,-1.08775782585144,-5.73234605789185,7.53785371780396,0.0510965622961521,-0.315512776374817,-0.192010402679443,-0.685282170772552,-3.41252732276917,10.9120349884033,-0.0167312920093536,-0.659794986248016,0.171653509140015,-0.522980809211731,-13.0035791397095,-2.63296508789063,0.701467096805573,0.398787558078766,0.0966718345880508,91.864412938,-108.20572492,-4.312319576,-0.886391850915945,0.817879846650597,2.84076453470971
-18.310546875,12.2833251953125,-394.134521484375,-14.34326171875,-22.27783203125,-476.226806640625,2.67265963554382,-8.06327342987061,-7.57598304748535,0.475132077932358,0.123726055026054,0.0253450088202953,-1.07854771614075,-5.72769594192505,7.5515513420105,0.0508600734174252,-0.313716262578964,-0.189285770058632,-0.639774441719055,-3.4162425994873,10.9452171325684,-0.0211501028388739,-0.661478757858276,0.177222087979317,-0.519857168197632,-13.0045280456543,-2.61446833610535,0.697592258453369,0.402480363845825,0.0989622473716736,91.861967,-108.206472105,-4.31050073,-0.888919136976502,0.818998840209265,2.83464780105349
-18.1961059570313,12.3214721679688,-394.515991210938,-14.3051147460938,-22.6974487304688,-476.37939453125,2.71492457389832,-8.07854270935059,-7.59176778793335,0.479511231184006,0.122895956039429,0.023601621389389,-1.06933772563934,-5.72304582595825,7.56524896621704,0.0506235845386982,-0.311919718980789,-0.18656113743782,-0.594266712665558,-3.41995811462402,10.9783983230591,-0.0255689118057489,-0.663162469863892,0.18279068171978,-0.516733527183533,-13.0054769515991,-2.59597182273865,0.693717479705811,0.406173169612885,0.101252660155296,91.859521062,-108.20721929,-4.308681884,-0.891446423037059,0.820117833767933,2.82853106739727
-18.0816650390625,12.359619140625,-394.8974609375,-14.2669677734375,-23.1170654296875,-476.531982421875,2.75718927383423,-8.09381198883057,-7.60755252838135,0.483890384435654,0.122065857052803,0.0218582339584827,-1.06012761592865,-5.71839570999146,7.57894659042358,0.0503870993852615,-0.310123175382614,-0.183836504817009,-0.548758983612061,-3.42367339134216,11.0115804672241,-0.0299877226352692,-0.664846181869507,0.188359260559082,-0.513609886169434,-13.0064249038696,-2.57747507095337,0.689842641353607,0.409865975379944,0.1035430803895,91.857075124,-108.207966475,-4.306863038,-0.893973709097616,0.821236827326601,2.82241433374105
-18.1198120117188,12.7410888671875,-395.965576171875,-14.3814086914063,-23.3840942382813,-476.837158203125,2.79945397377014,-8.10908126831055,-7.62333679199219,0.488269537687302,0.121235758066177,0.0201148465275764,-1.05091750621796,-5.71374559402466,7.59264421463013,0.0501506105065346,-0.308326631784439,-0.181111872196198,-0.503251254558563,-3.4273886680603,11.0447626113892,-0.0344065316021442,-0.666529893875122,0.193927854299545,-0.51048618555069,-13.0073738098145,-2.55897831916809,0.685967803001404,0.413558781147003,0.105833493173122,91.854629186,-108.20871366,-4.305044192,-0.896500995158173,0.822355820885269,2.81629760008483
-18.157958984375,13.12255859375,-397.03369140625,-14.495849609375,-23.651123046875,-477.142333984375,2.84171867370605,-8.12435054779053,-7.63912153244019,0.492648720741272,0.120405659079552,0.0183714590966702,-1.04170751571655,-5.70909547805786,7.60634183883667,0.0499141216278076,-0.306530117988586,-0.178387239575386,-0.457743495702744,-3.43110418319702,11.0779438018799,-0.0388253442943096,-0.668213665485382,0.199496433138847,-0.507362544536591,-13.008321762085,-2.54048180580139,0.6820929646492,0.417251586914063,0.108123905956745,91.852183248,-108.209460845,-4.303225346,-0.89902828121873,0.823474814443937,2.81018086642861
-18.157958984375,13.12255859375,-397.491455078125,-14.2288208007813,-23.7274169921875,-477.371215820313,2.88398337364197,-8.13961982727051,-7.65490627288818,0.49702787399292,0.119575560092926,0.0166280716657639,-1.03249740600586,-5.70444536209106,7.62003946304321,0.0496776327490807,-0.304733574390411,-0.175662606954575,-0.412235766649246,-3.43481945991516,11.1111259460449,-0.0432441532611847,-0.669897377490997,0.205065026879311,-0.504238903522491,-13.0092706680298,-2.52198505401611,0.678218126296997,0.420944392681122,0.110414318740368,91.84973731,-108.21020803,-4.3014065,-0.901555567279288,0.824593808002605,2.80406413277239
-18.157958984375,13.12255859375,-397.94921875,-13.9617919921875,-23.8037109375,-477.60009765625,2.92815470695496,-8.17226409912109,-7.66129302978516,0.501898944377899,0.11910255998373,0.0139643279835582,-1.03724753856659,-5.69468832015991,7.63204669952393,0.048709437251091,-0.302160412073135,-0.172387346625328,-0.390200734138489,-3.42984795570374,11.1116790771484,-0.0489928349852562,-0.670376479625702,0.211106836795807,-0.478569328784943,-13.0315208435059,-2.52132630348206,0.676998138427734,0.425950914621353,0.112815022468567,91.847291372,-108.210955215,-4.299587654,-0.904082853339845,0.825712801561272,2.79794739911617
-18.1961059570313,13.275146484375,-398.788452148438,-13.9617919921875,-24.2996215820313,-478.057861328125,2.97232604026794,-8.20490837097168,-7.66767978668213,0.506770014762878,0.118629567325115,0.0113005833700299,-1.04199755191803,-5.6849308013916,7.64405345916748,0.0477412417531013,-0.299587219953537,-0.16911207139492,-0.368165701627731,-3.42487621307373,11.112232208252,-0.054741520434618,-0.670855581760406,0.217148646712303,-0.452899754047394,-13.0537710189819,-2.520667552948,0.675778150558472,0.430957436561584,0.115215726196766,91.844845434,-108.2117024,-4.297768808,-0.906610139400402,0.826831795119941,2.79183066545994
-18.2342529296875,13.427734375,-399.627685546875,-13.9617919921875,-24.7955322265625,-478.515625,3.01649737358093,-8.23755264282227,-7.67406702041626,0.511641085147858,0.118156567215919,0.00863683968782425,-1.04674768447876,-5.67517375946045,7.65606069564819,0.0467730462551117,-0.297014057636261,-0.165836811065674,-0.346130669116974,-3.4199047088623,11.1127853393555,-0.0604902021586895,-0.671334683895111,0.223190471529961,-0.427230179309845,-13.0760202407837,-2.52000880241394,0.674558162689209,0.435963988304138,0.117616422474384,91.842399496,-108.212449585,-4.295949962,-0.909137425460959,0.827950788678608,2.78571393180372
-18.310546875,13.5421752929688,-400.161743164063,-13.8092041015625,-25.0244140625,-478.668212890625,3.06066870689392,-8.27019691467285,-7.68045377731323,0.516512155532837,0.117683567106724,0.00597309553995728,-1.05149781703949,-5.66541624069214,7.66806745529175,0.045804850757122,-0.294440895318985,-0.162561550736427,-0.324095636606216,-3.4149329662323,11.113338470459,-0.0662388876080513,-0.671813786029816,0.229232281446457,-0.401560604572296,-13.0982704162598,-2.51935005187988,0.673338234424591,0.44097051024437,0.120017126202583,91.839953558,-108.21319677,-4.294131116,-0.911664711521517,0.829069782237276,2.7795971981475
-18.3868408203125,13.6566162109375,-400.69580078125,-13.6566162109375,-25.2532958984375,-478.82080078125,3.10484004020691,-8.30284118652344,-7.68684053421021,0.521383166313171,0.117210574448109,0.00330935162492096,-1.05624794960022,-5.65565919876099,7.68007469177246,0.0448366552591324,-0.291867733001709,-0.159286290407181,-0.302060604095459,-3.40996146202087,11.1138916015625,-0.0719875693321228,-0.67229288816452,0.235274091362953,-0.375891029834747,-13.1205205917358,-2.51869106292725,0.672118246555328,0.445977032184601,0.122417829930782,91.83750762,-108.213943955,-4.29231227,-0.914191997582073,0.830188775795944,2.77348046449128
-18.3486938476563,13.6947631835938,-401.229858398438,-13.8473510742188,-25.32958984375,-479.507446289063,3.1490113735199,-8.33548545837402,-7.69322729110718,0.526254236698151,0.116737574338913,0.000645607709884644,-1.06099796295166,-5.64590167999268,7.69208192825317,0.0438684597611427,-0.289294540882111,-0.156011015176773,-0.280025571584702,-3.40498971939087,11.114444732666,-0.0777362510561943,-0.672771990299225,0.241315901279449,-0.350221455097198,-13.1427707672119,-2.51803231239319,0.670898258686066,0.450983554124832,0.124818533658981,91.835061682,-108.21469114,-4.290493424,-0.916719283642631,0.831307769354612,2.76736373083506
-18.310546875,13.73291015625,-401.763916015625,-14.0380859375,-25.4058837890625,-480.194091796875,3.19318294525146,-8.36812877655029,-7.69961452484131,0.53112530708313,0.116264574229717,-0.00201813620515168,-1.06574809551239,-5.63614463806152,7.70408868789673,0.0429002679884434,-0.286721378564835,-0.152735754847527,-0.257990539073944,-3.40001821517944,11.1149978637695,-0.0834849327802658,-0.673251152038574,0.247357711195946,-0.32455188035965,-13.165020942688,-2.51737356185913,0.669678270816803,0.455990076065063,0.1272192299366,91.832615744,-108.215438325,-4.288674578,-0.919246569703188,0.83242676291328,2.76124699717884
-18.3868408203125,13.73291015625,-402.450561523438,-13.885498046875,-25.5966186523438,-480.3466796875,3.23735427856445,-8.40077304840088,-7.70600128173828,0.535996377468109,0.115791581571102,-0.004681880120188,-1.07049822807312,-5.62638711929321,7.71609592437744,0.0419320724904537,-0.284148216247559,-0.14946049451828,-0.235955521464348,-3.39504647254944,11.115550994873,-0.0892336145043373,-0.673730254173279,0.253399521112442,-0.298882305622101,-13.1872711181641,-2.51671481132507,0.66845828294754,0.460996598005295,0.129619941115379,91.830169806,-108.21618551,-4.286855732,-0.921773855763745,0.833545756471948,2.75513026352262
-18.463134765625,13.73291015625,-403.13720703125,-13.73291015625,-25.787353515625,-480.499267578125,3.28152561187744,-8.43341732025146,-7.71238803863525,0.540867447853088,0.115318581461906,-0.00734562426805496,-1.07524836063385,-5.61663007736206,7.728102684021,0.0409638769924641,-0.281575053930283,-0.146185234189034,-0.21392048895359,-3.39007496833801,11.1161041259766,-0.0949823036789894,-0.674209356307983,0.259441345930099,-0.273212730884552,-13.2095203399658,-2.51605606079102,0.667238295078278,0.466003149747849,0.132020637392998,91.827723868,-108.216932695,-4.285036886,-0.924301141824302,0.834664750030616,2.74901352986639
-18.2723999023438,13.6566162109375,-403.74755859375,-13.6947631835938,-25.9780883789063,-480.880737304688,3.32569694519043,-8.46606159210205,-7.71877479553223,0.545738518238068,0.114845581352711,-0.0100093679502606,-1.07999837398529,-5.60687303543091,7.74010992050171,0.0399956814944744,-0.279001861810684,-0.142909958958626,-0.191885456442833,-3.38510346412659,11.1166572570801,-0.100730985403061,-0.674688458442688,0.265483140945435,-0.247543156147003,-13.2317705154419,-2.51539731025696,0.666018307209015,0.47100967168808,0.134421348571777,91.82527793,-108.21767988,-4.28321804,-0.926828427884859,0.835783743589284,2.74289679621017
-18.0816650390625,13.580322265625,-404.35791015625,-13.6566162109375,-26.1688232421875,-481.26220703125,3.36986827850342,-8.49870586395264,-7.7251615524292,0.550609588623047,0.114372588694096,-0.0126731125637889,-1.08474850654602,-5.5971155166626,7.75211715698242,0.0390274859964848,-0.276428699493408,-0.139634698629379,-0.169850423932076,-3.38013172149658,11.1172103881836,-0.106479667127132,-0.675167560577393,0.271524965763092,-0.221873581409454,-13.254020690918,-2.5147385597229,0.664798378944397,0.476016193628311,0.136822044849396,91.8248449655,-108.217876469,-4.283157967,-0.928719503488743,0.836583890576509,2.73500113215409
-17.852783203125,13.6184692382813,-405.120849609375,-13.3514404296875,-26.092529296875,-481.643676757813,3.41403961181641,-8.53135013580322,-7.73154878616333,0.555480659008026,0.1138995885849,-0.0153368562459946,-1.08949863910675,-5.58735847473145,7.76412391662598,0.0380592904984951,-0.273855537176132,-0.136359438300133,-0.147815391421318,-3.37516021728516,11.1177635192871,-0.112228348851204,-0.675646662712097,0.27756679058075,-0.196204006671906,-13.276270866394,-2.51407980918884,0.663578391075134,0.481022715568542,0.139222741127014,91.824412001,-108.218073058,-4.283097894,-0.930610579092628,0.837384037563734,2.72710546809801
-17.6239013671875,13.6566162109375,-405.8837890625,-13.0462646484375,-26.0162353515625,-482.025146484375,3.45821094512939,-8.56399440765381,-7.7379355430603,0.560351729393005,0.113426588475704,-0.0180006008595228,-1.09424877166748,-5.57760095596313,7.77613115310669,0.0370910950005054,-0.271282374858856,-0.133084177970886,-0.125780358910561,-3.37018847465515,11.1183166503906,-0.117977030575275,-0.676125764846802,0.283608585596085,-0.170534431934357,-13.2985210418701,-2.51342105865479,0.662358403205872,0.486029237508774,0.141623452305794,91.8239790365,-108.218269647,-4.283037821,-0.932501654696512,0.838184184550959,2.71920980404192
-17.9672241210938,13.6947631835938,-406.417846679688,-13.1607055664063,-26.2069702148438,-482.330322265625,3.49238753318787,-8.59511375427246,-7.73519706726074,0.564117133617401,0.114965714514256,-0.0209916029125452,-1.1017599105835,-5.56945991516113,7.78375101089478,0.0355279892683029,-0.268625169992447,-0.129974037408829,-0.112720899283886,-3.36872267723083,11.1019344329834,-0.123611949384212,-0.67595636844635,0.289764851331711,-0.138115331530571,-13.3263187408447,-2.51447701454163,0.661097764968872,0.489883959293365,0.143122136592865,91.823546072,-108.218466236,-4.282977748,-0.934392730300396,0.838984331538184,2.71131413998584
-18.310546875,13.73291015625,-406.951904296875,-13.275146484375,-26.397705078125,-482.635498046875,3.51656913757324,-8.62470722198486,-7.72333383560181,0.566776871681213,0.118516959249973,-0.0243098624050617,-1.11203217506409,-5.56293439865112,7.78698444366455,0.0333699695765972,-0.265883982181549,-0.12702901661396,-0.108637012541294,-3.37076258659363,11.0686178207397,-0.129133090376854,-0.675138473510742,0.296035528182983,-0.0989466831088066,-13.3596658706665,-2.51724791526794,0.659796416759491,0.492586821317673,0.14371882379055,91.8231131075,-108.218662825,-4.282917675,-0.936283805904281,0.839784478525408,2.70341847592976
-18.310546875,13.6566162109375,-407.180786132813,-13.0844116210938,-26.5884399414063,-482.940673828125,3.54075074195862,-8.65430164337158,-7.71147012710571,0.56943666934967,0.122068211436272,-0.0276281218975782,-1.12230443954468,-5.55640888214111,7.79021787643433,0.0312119498848915,-0.263142794370651,-0.124083995819092,-0.104553125798702,-3.37280249595642,11.0353002548218,-0.134654238820076,-0.67432051897049,0.302306205034256,-0.0597780421376228,-13.393012046814,-2.52001881599426,0.65849506855011,0.495289713144302,0.144315496087074,91.822680143,-108.218859414,-4.282857602,-0.938174881508165,0.840584625512633,2.69552281187368
-18.310546875,13.580322265625,-407.40966796875,-12.8936767578125,-26.7791748046875,-483.245849609375,3.56493258476257,-8.6838960647583,-7.69960689544678,0.572096407413483,0.125619456171989,-0.0309463813900948,-1.13257670402527,-5.5498833656311,7.7934513092041,0.029053932055831,-0.260401606559753,-0.121138975024223,-0.10046923905611,-3.37484240531921,11.0019836425781,-0.140175387263298,-0.673502624034882,0.308576881885529,-0.0206094030290842,-13.4263591766357,-2.52278971672058,0.657193720340729,0.49799257516861,0.144912168383598,91.8222471785,-108.219056003,-4.282797529,-0.940065957112049,0.841384772499858,2.68762714781759
-18.2342529296875,13.6184692382813,-408.172607421875,-12.8555297851563,-26.9317626953125,-483.3984375,3.58911418914795,-8.7134895324707,-7.68774366378784,0.574756145477295,0.129170700907707,-0.0342646427452564,-1.14284896850586,-5.54335784912109,7.79668474197388,0.0268959142267704,-0.257660418748856,-0.118193954229355,-0.0963853448629379,-3.37688231468201,10.9686660766602,-0.14569653570652,-0.672684729099274,0.314847558736801,0.0185592379420996,-13.4597053527832,-2.5255606174469,0.655892372131348,0.500695466995239,0.145508855581284,91.821814214,-108.219252592,-4.282737456,-0.941957032715933,0.842184919487083,2.67973148376151
-18.157958984375,13.6566162109375,-408.935546875,-12.8173828125,-27.0843505859375,-483.551025390625,3.61329579353333,-8.74308395385742,-7.67587995529175,0.577415943145752,0.132721945643425,-0.0375829003751278,-1.15312123298645,-5.53683233261108,7.79991817474365,0.0247378945350647,-0.254919230937958,-0.115248940885067,-0.0923014581203461,-3.3789222240448,10.9353485107422,-0.151217684149742,-0.671866834163666,0.321118265390396,0.0577278770506382,-13.4930515289307,-2.52833151817322,0.654591023921967,0.503398358821869,0.146105527877808,91.8213812495,-108.219449181,-4.282677383,-0.943848108319817,0.842985066474308,2.67183581970543
-18.2723999023438,13.6566162109375,-409.317016601563,-12.9318237304688,-27.2369384765625,-484.0087890625,3.63747763633728,-8.77267837524414,-7.66401672363281,0.580075681209564,0.136273190379143,-0.0409011617302895,-1.16339349746704,-5.53030681610107,7.80315160751343,0.0225798767060041,-0.25217804312706,-0.112303920090199,-0.0882175713777542,-3.38096213340759,10.9020318984985,-0.156738832592964,-0.671048939228058,0.327388942241669,0.0968965217471123,-13.5263986587524,-2.53110241889954,0.653289675712585,0.506101250648499,0.146702200174332,91.820948285,-108.21964577,-4.28261731,-0.945739183923702,0.843785213461533,2.66394015564935
-18.3868408203125,13.6566162109375,-409.698486328125,-13.0462646484375,-27.3895263671875,-484.466552734375,3.66165924072266,-8.80227184295654,-7.65215301513672,0.582735478878021,0.139824435114861,-0.0442194193601608,-1.17366576194763,-5.52378129959106,7.8063850402832,0.0204218570142984,-0.249436855316162,-0.10935889929533,-0.0841336846351624,-3.38300180435181,10.8687143325806,-0.162259981036186,-0.670230984687805,0.333659619092941,0.136065155267715,-13.5597448348999,-2.53387331962585,0.651988327503204,0.508804082870483,0.147298887372017,91.8205153205,-108.219842359,-4.282557237,-0.947630259527586,0.844585360448758,2.65604449159326
-18.2342529296875,13.6566162109375,-410.232543945313,-13.0844116210938,-27.6947021484375,-484.619140625,3.68584084510803,-8.83186626434326,-7.64028978347778,0.585395216941833,0.143375679850578,-0.0475376807153225,-1.18393802642822,-5.51725578308105,7.80961847305298,0.0182638391852379,-0.246695667505264,-0.106413885951042,-0.0800497978925705,-3.3850417137146,10.8353977203369,-0.167781129479408,-0.669413089752197,0.339930295944214,0.175233796238899,-13.5930919647217,-2.53664422035217,0.650686979293823,0.511506974697113,0.147895559668541,91.820082356,-108.220038948,-4.282497164,-0.94952133513147,0.845385507435982,2.64814882753718
-18.0816650390625,13.6566162109375,-410.7666015625,-13.12255859375,-27.9998779296875,-484.771728515625,3.71002268791199,-8.86145973205566,-7.62842655181885,0.588054955005646,0.146926939487457,-0.0508559420704842,-1.19421029090881,-5.51073026657104,7.8128514289856,0.0161058213561773,-0.243954479694366,-0.103468865156174,-0.0759659111499786,-3.38708162307739,10.8020801544189,-0.17330227792263,-0.668595194816589,0.346200972795486,0.214402437210083,-13.6264381408691,-2.53941512107849,0.649385690689087,0.514209866523743,0.148492246866226,91.8196493915,-108.220235537,-4.282437091,-0.951412410735354,0.846185654423207,2.6402531634811
-18.1961059570313,13.7710571289063,-411.453247070313,-12.969970703125,-28.1906127929688,-485.000610351563,3.73420429229736,-8.89105415344238,-7.61656284332275,0.590714752674103,0.150478184223175,-0.0541741997003555,-1.2044825553894,-5.50420475006104,7.81608486175537,0.0139478016644716,-0.241213276982307,-0.100523844361305,-0.0718820244073868,-3.38912153244019,10.7687635421753,-0.178823426365852,-0.667777299880981,0.352471649646759,0.253571093082428,-13.6597852706909,-2.54218602180481,0.648084342479706,0.516912758350372,0.14908891916275,91.819216427,-108.220432126,-4.282377018,-0.953303486339239,0.846985801410432,2.63235749942501
-18.310546875,13.885498046875,-412.139892578125,-12.8173828125,-28.38134765625,-485.2294921875,3.75838589668274,-8.9206485748291,-7.60469961166382,0.593374490737915,0.154029428958893,-0.0574924610555172,-1.21475481987,-5.49767923355103,7.81931829452515,0.0117897838354111,-0.23847208917141,-0.0975788235664368,-0.0677981376647949,-3.39116144180298,10.7354459762573,-0.184344574809074,-0.666959345340729,0.358742356300354,0.292739719152451,-13.6931314468384,-2.54495692253113,0.646782994270325,0.519615590572357,0.149685591459274,91.8187834625,-108.220628715,-4.282316945,-0.955194561943123,0.847785948397657,2.62446183536893
-18.3868408203125,14.0762329101563,-412.445068359375,-12.6266479492188,-28.533935546875,-485.458374023438,3.78256773948669,-8.9502420425415,-7.59283590316772,0.596034288406372,0.157580673694611,-0.0608107186853886,-1.22502708435059,-5.49115371704102,7.82255172729492,0.00963176507502794,-0.235730901360512,-0.0946338102221489,-0.0637142509222031,-3.39320135116577,10.7021293640137,-0.189865723252296,-0.666141450405121,0.365013033151627,0.331908375024796,-13.7264785766602,-2.54772782325745,0.645481646060944,0.522318482398987,0.15028227865696,91.818350498,-108.220825304,-4.282256872,-0.957085637547007,0.848586095384882,2.61656617131285
-18.463134765625,14.2669677734375,-412.750244140625,-12.4359130859375,-28.6865234375,-485.687255859375,3.80674934387207,-8.97983646392822,-7.58097267150879,0.598694026470184,0.161131918430328,-0.0641289800405502,-1.23529934883118,-5.48462820053101,7.8257851600647,0.00747374631464481,-0.232989713549614,-0.0916887894272804,-0.0596303604543209,-3.39524126052856,10.6688117980957,-0.195386871695518,-0.665323555469513,0.371283710002899,0.371077001094818,-13.7598247528076,-2.55049872398376,0.644180297851563,0.525021374225616,0.150878950953484,91.8179175335,-108.221021893,-4.282196799,-0.958976713150891,0.849386242372107,2.60867050725677
-18.463134765625,14.34326171875,-413.284301757813,-12.2451782226563,-28.9154052734375,-485.610961914063,3.80716729164124,-8.98473262786865,-7.5614447593689,0.599610388278961,0.166471526026726,-0.0675187259912491,-1.26220679283142,-5.48205137252808,7.82300853729248,0.00521289324387908,-0.231023266911507,-0.0903751850128174,-0.0616643987596035,-3.41219782829285,10.6414642333984,-0.198125571012497,-0.663122415542603,0.376004934310913,0.397213190793991,-13.7878065109253,-2.54247617721558,0.643597066402435,0.523455739021301,0.149616375565529,91.817484569,-108.221218482,-4.282136726,-0.960867788754775,0.850186389359332,2.60077484320068
-18.463134765625,14.4195556640625,-413.818359375,-12.054443359375,-29.144287109375,-485.53466796875,3.80758500099182,-8.98962783813477,-7.54191732406616,0.600526809692383,0.171811133623123,-0.0709084793925285,-1.28911423683167,-5.47947406768799,7.82023191452026,0.00295204063877463,-0.229056820273399,-0.0890615805983543,-0.0636984407901764,-3.42915415763855,10.6141176223755,-0.200864255428314,-0.660921275615692,0.380726128816605,0.423349380493164,-13.815788269043,-2.53445363044739,0.643013894557953,0.521890103816986,0.148353800177574,91.8170516045,-108.221415071,-4.282076653,-0.96275886435866,0.850986536346557,2.5928791791446
-18.61572265625,14.5339965820313,-413.970947265625,-12.1688842773438,-29.2587280273438,-485.687255859375,3.80800294876099,-8.9945240020752,-7.52238941192627,0.60144317150116,0.177150741219521,-0.0742982253432274,-1.3160218000412,-5.47689723968506,7.81745481491089,0.000691187684424222,-0.227090358734131,-0.0877479761838913,-0.065732479095459,-3.44611072540283,10.5867700576782,-0.203602954745293,-0.658720076084137,0.385447353124619,0.449485570192337,-13.843770980835,-2.52643132209778,0.642430663108826,0.520324409008026,0.147091224789619,91.81661864,-108.22161166,-4.28201658,-0.964649939962544,0.851786683333781,2.58498351508852
-18.768310546875,14.6484375,-414.12353515625,-12.2833251953125,-29.3731689453125,-485.83984375,3.80842089653015,-8.99941921234131,-7.50286149978638,0.602359533309937,0.182490348815918,-0.0776879712939262,-1.34292924404144,-5.47432041168213,7.81467819213867,-0.00156966515351087,-0.225123912096024,-0.0864343717694283,-0.0677665174007416,-3.46306729316711,10.559422492981,-0.206341654062271,-0.656518936157227,0.390168577432632,0.47562175989151,-13.8717527389526,-2.51840877532959,0.641847491264343,0.518758773803711,0.145828664302826,91.8161160085,-108.22175602,-4.281942002,-0.965579009927089,0.852130632379604,2.57646079203145
-18.6920166015625,14.6865844726563,-414.4287109375,-12.2451782226563,-29.3731689453125,-485.992431640625,3.80883860588074,-9.00431537628174,-7.48333406448364,0.603275954723358,0.187829971313477,-0.0810777172446251,-1.36983668804169,-5.47174310684204,7.81190156936646,-0.00383051810786128,-0.223157465457916,-0.0851207599043846,-0.0698005557060242,-3.48002362251282,10.532075881958,-0.20908035337925,-0.654317796230316,0.394889771938324,0.501757919788361,-13.8997344970703,-2.5103862285614,0.641264259815216,0.517193138599396,0.144566088914871,91.815613377,-108.22190038,-4.281867424,-0.966508079891634,0.852474581425427,2.56793806897437
-18.61572265625,14.7247314453125,-414.73388671875,-12.20703125,-29.3731689453125,-486.14501953125,3.8092565536499,-9.00921058654785,-7.46380615234375,0.604192316532135,0.193169578909874,-0.0844674706459045,-1.39674413204193,-5.46916627883911,7.80912494659424,-0.00609137117862701,-0.221191018819809,-0.0838071554899216,-0.0718346014618874,-3.4969801902771,10.5047283172607,-0.211819037795067,-0.652116656303406,0.399610996246338,0.527894139289856,-13.927716255188,-2.50236368179321,0.640681087970734,0.515627503395081,0.143303513526917,91.8151107455,-108.22204474,-4.281792846,-0.967437149856179,0.852818530471249,2.5594153459173
-18.61572265625,14.801025390625,-415.115356445313,-12.1307373046875,-29.4113159179688,-486.4501953125,3.80967450141907,-9.01410675048828,-7.44427824020386,0.605108737945557,0.198509186506271,-0.0878572165966034,-1.42365169525146,-5.46658897399902,7.80634832382202,-0.00835222378373146,-0.21922455728054,-0.0824935510754585,-0.07386863976717,-3.51393675804138,10.4773817062378,-0.214557737112045,-0.649915516376495,0.404332190752029,0.554030299186707,-13.9556980133057,-2.49434113502502,0.640097856521606,0.514061868190765,0.142040938138962,91.814608114,-108.2221891,-4.281718268,-0.968366219820724,0.853162479517072,2.55089262286023
-18.61572265625,14.8773193359375,-415.496826171875,-12.054443359375,-29.449462890625,-486.75537109375,3.81009221076965,-9.01900196075439,-7.42475080490112,0.606025099754333,0.203848794102669,-0.0912469625473022,-1.45055913925171,-5.46401214599609,7.8035717010498,-0.0106130763888359,-0.217258110642433,-0.0811799466609955,-0.0759026780724525,-3.53089308738708,10.4500341415405,-0.217296436429024,-0.647714376449585,0.409053415060043,0.580166518688202,-13.9836797714233,-2.48631858825684,0.639514684677124,0.51249623298645,0.140778362751007,91.8141054825,-108.22233346,-4.28164369,-0.969295289785269,0.853506428562894,2.54236989980316
-18.5394287109375,14.7628784179688,-415.6494140625,-12.0162963867188,-29.5639038085938,-486.831665039063,3.81051015853882,-9.02389812469482,-7.40522289276123,0.60694146156311,0.209188401699066,-0.0946367159485817,-1.47746658325195,-5.46143531799316,7.80079460144043,-0.0128739299252629,-0.215291664004326,-0.0798663422465324,-0.0779367163777351,-3.54784965515137,10.4226865768433,-0.220035135746002,-0.64551317691803,0.413774639368057,0.606302678585052,-14.0116624832153,-2.47829627990723,0.638931453227997,0.51093053817749,0.139515787363052,91.813602851,-108.22247782,-4.281569112,-0.970224359749814,0.853850377608717,2.53384717674609
-18.463134765625,14.6484375,-415.802001953125,-11.9781494140625,-29.6783447265625,-486.907958984375,3.81092810630798,-9.02879428863525,-7.38569498062134,0.607857882976532,0.214528009295464,-0.0980264618992805,-1.5043740272522,-5.45885801315308,7.79801797866821,-0.0151347825303674,-0.213325217366219,-0.0785527378320694,-0.0799707546830177,-3.56480622291565,10.3953399658203,-0.222773820161819,-0.643312036991119,0.418495833873749,0.632438838481903,-14.039644241333,-2.47027373313904,0.638348281383514,0.509364902973175,0.138253211975098,91.8131002195,-108.22262218,-4.281494534,-0.971153429714359,0.85419432665454,2.52532445368902
-18.5394287109375,14.6865844726563,-416.030883789063,-11.90185546875,-29.8309326171875,-487.289428710938,3.81134581565857,-9.03368949890137,-7.3661675453186,0.608774244785309,0.219867616891861,-0.101416207849979,-1.53128147125244,-5.45628118515015,7.795241355896,-0.0173956360667944,-0.211358770728111,-0.0772391334176064,-0.0820048004388809,-3.58176255226135,10.367992401123,-0.225512519478798,-0.641110897064209,0.423217058181763,0.658575057983398,-14.0676259994507,-2.46225118637085,0.637765049934387,0.50779926776886,0.136990651488304,91.812597588,-108.22276654,-4.281419956,-0.972082499678904,0.854538275700362,2.51680173063195
-18.61572265625,14.7247314453125,-416.259765625,-11.8255615234375,-29.9835205078125,-487.6708984375,3.81176376342773,-9.0385856628418,-7.34663963317871,0.609690606594086,0.225207224488258,-0.104805961251259,-1.55818903446198,-5.45370435714722,7.79246473312378,-0.0196564886718988,-0.209392309188843,-0.0759255290031433,-0.0840388387441635,-3.59871912002563,10.3406448364258,-0.228251218795776,-0.638909757137299,0.427938282489777,0.684711217880249,-14.0956077575684,-2.45422863960266,0.637181878089905,0.506233632564545,0.135728076100349,91.8120949565,-108.2229109,-4.281345378,-0.973011569643449,0.854882224746185,2.50827900757487
-18.6538696289063,14.6865844726563,-416.488647460938,-11.7874145507813,-30.0216674804688,-487.747192382813,3.8121817111969,-9.04348087310791,-7.32711172103882,0.610607028007507,0.230546832084656,-0.108195707201958,-1.58509647846222,-5.45112705230713,7.78968811035156,-0.0219173412770033,-0.207425862550735,-0.0746119245886803,-0.0860728770494461,-3.61567568778992,10.3132982254028,-0.230989918112755,-0.636708617210388,0.432659476995468,0.710847437381744,-14.123589515686,-2.44620609283447,0.636598646640778,0.504667997360229,0.134465500712395,91.811592325,-108.22305526,-4.2812708,-0.973940639607994,0.855226173792008,2.4997562845178
-18.6920166015625,14.6484375,-416.717529296875,-11.749267578125,-30.059814453125,-487.823486328125,3.80099201202393,-9.03365707397461,-7.30047798156738,0.610862255096436,0.23493917286396,-0.111280560493469,-1.60486924648285,-5.45471286773682,7.78442859649658,-0.0238770116120577,-0.205910861492157,-0.073765441775322,-0.0808272957801819,-3.63142204284668,10.3009510040283,-0.232369095087051,-0.634407699108124,0.435807138681412,0.725680470466614,-14.1440801620483,-2.42846727371216,0.635661661624908,0.500785827636719,0.133128449320793,91.8110896935,-108.22319962,-4.281196222,-0.974869709572539,0.85557012283783,2.49123356146073
-18.7301635742188,14.6865844726563,-416.946411132813,-11.5966796875,-30.0216674804688,-487.899780273438,3.77819466590881,-9.00911426544189,-7.26673793792725,0.61045640707016,0.238384217023849,-0.114060521125793,-1.61750745773315,-5.46446132659912,7.77668619155884,-0.025535499677062,-0.204847291111946,-0.0733860805630684,-0.0683020949363708,-3.64595866203308,10.3036031723022,-0.232388764619827,-0.632007122039795,0.437381207942963,0.729210376739502,-14.157078742981,-2.40101194381714,0.634370803833008,0.494587153196335,0.131716907024384,91.810587062,-108.22334398,-4.281121644,-0.975798779537084,0.855914071883653,2.48271083840366
-18.768310546875,14.7247314453125,-417.17529296875,-11.444091796875,-29.9835205078125,-487.97607421875,3.7553973197937,-8.98457145690918,-7.23299837112427,0.610050559043884,0.2418292760849,-0.116840481758118,-1.63014554977417,-5.47421026229858,7.76894426345825,-0.0271939858794212,-0.203783720731735,-0.0730067268013954,-0.0557768903672695,-3.6604950428009,10.3062553405762,-0.232408434152603,-0.629606485366821,0.438955277204514,0.732740223407745,-14.1700773239136,-2.37355661392212,0.633079946041107,0.488388508558273,0.130305379629135,91.8100844305,-108.22348834,-4.281047066,-0.976727849501629,0.856258020929475,2.47418811534659
-18.8827514648438,14.9154663085938,-417.48046875,-11.4822387695313,-29.9835205078125,-488.128662109375,3.73259997367859,-8.96002769470215,-7.19925832748413,0.609644651412964,0.24527433514595,-0.119620434939861,-1.64278364181519,-5.48395872116089,7.76120185852051,-0.0288524739444256,-0.202720150351524,-0.0726273655891418,-0.0432516857981682,-3.6750316619873,10.3089075088501,-0.232428103685379,-0.627205908298492,0.440529346466064,0.736270129680634,-14.1830759048462,-2.34610104560852,0.631789088249207,0.482189863920212,0.128893837332726,91.809581799,-108.2236327,-4.280972488,-0.977656919466175,0.856601969975298,2.46566539228952
-18.9971923828125,15.106201171875,-417.78564453125,-11.5203857421875,-29.9835205078125,-488.28125,3.70980262756348,-8.93548488616943,-7.16551828384399,0.609238803386688,0.24871937930584,-0.122400395572186,-1.65542185306549,-5.49370718002319,7.75345945358276,-0.0305109620094299,-0.201656579971313,-0.0722480118274689,-0.030726483091712,-3.68956828117371,10.3115606307983,-0.232447773218155,-0.624805331230164,0.442103415727615,0.739800035953522,-14.1960744857788,-2.3186457157135,0.630498230457306,0.475991189479828,0.127482295036316,91.8090791675,-108.22377706,-4.28089791,-0.978585989430719,0.856945919021121,2.45714266923245
-19.0353393554688,15.2587890625,-418.0908203125,-11.5203857421875,-30.1742553710938,-488.739013671875,3.68700528144836,-8.91094207763672,-7.13177871704102,0.608832955360413,0.252164423465729,-0.12518036365509,-1.66805994510651,-5.5034556388855,7.74571752548218,-0.0321694500744343,-0.200593009591103,-0.0718686580657959,-0.0182012785226107,-3.70410466194153,10.3142127990723,-0.232467442750931,-0.62240469455719,0.443677484989166,0.743329882621765,-14.2090730667114,-2.29119038581848,0.629207372665405,0.469792544841766,0.126070767641068,91.808576536,-108.22392142,-4.280823332,-0.979515059395265,0.857289868066943,2.44861994617538
-19.073486328125,15.411376953125,-418.39599609375,-11.5203857421875,-30.364990234375,-489.19677734375,3.66420793533325,-8.88639831542969,-7.09803867340088,0.608427047729492,0.255609482526779,-0.127960324287415,-1.68069803714752,-5.5132040977478,7.73797512054443,-0.0338279381394386,-0.199529439210892,-0.0714892968535423,-0.00567607628181577,-3.71864128112793,10.3168649673462,-0.232487112283707,-0.620004117488861,0.445251554250717,0.746859788894653,-14.222071647644,-2.26373505592346,0.627916514873505,0.463593900203705,0.124659232795238,91.8080739045,-108.22406578,-4.280748754,-0.98044412935981,0.857633817112766,2.4400972231183
-19.0353393554688,15.6021118164063,-418.472290039063,-11.3677978515625,-30.6320190429688,-489.120483398438,3.64141058921814,-8.86185550689697,-7.06429862976074,0.608021199703217,0.25905454158783,-0.130740270018578,-1.69333624839783,-5.52295303344727,7.73023319244385,-0.035486426204443,-0.198465868830681,-0.0711099430918694,0.0068491268903017,-3.73317766189575,10.3195171356201,-0.232506766915321,-0.617603480815887,0.446825623512268,0.750389695167542,-14.2350692749023,-2.23627972602844,0.626625657081604,0.457395225763321,0.123247697949409,91.807571273,-108.22421014,-4.280674176,-0.981373199324355,0.857977766158588,2.43157450006123
-18.9971923828125,15.7928466796875,-418.548583984375,-11.2152099609375,-30.8990478515625,-489.044189453125,3.61861324310303,-8.83731269836426,-7.03055906295776,0.607615351676941,0.26249960064888,-0.133520230650902,-1.70597434043884,-5.53270149230957,7.7224907875061,-0.0371449142694473,-0.19740229845047,-0.0707305818796158,0.0193743295967579,-3.74771428108215,10.3221702575684,-0.232526436448097,-0.615202903747559,0.448399692773819,0.753919541835785,-14.248067855835,-2.20882439613342,0.625334799289703,0.451196581125259,0.12183616310358,91.8070686415,-108.2243545,-4.280599598,-0.9823022692889,0.858321715204411,2.42305177700416
-18.9971923828125,15.869140625,-418.701171875,-11.29150390625,-31.0897827148438,-489.19677734375,3.59581613540649,-8.81276893615723,-6.99681901931763,0.607209444046021,0.26594465970993,-0.136300191283226,-1.71861255168915,-5.54244995117188,7.71474838256836,-0.0388033986091614,-0.19633874297142,-0.0703512281179428,0.0318995341658592,-3.76225090026855,10.3248224258423,-0.232546105980873,-0.61280232667923,0.449973791837692,0.757449448108673,-14.2610664367676,-2.1813690662384,0.624043941497803,0.444997906684875,0.120424620807171,91.80656601,-108.22449886,-4.28052502,-0.983231339253445,0.858665664250234,2.41452905394709
-18.9971923828125,15.9454345703125,-418.853759765625,-11.3677978515625,-31.280517578125,-489.349365234375,3.57301878929138,-8.78822612762451,-6.96307897567749,0.606803596019745,0.269389718770981,-0.13908015191555,-1.73125064373016,-5.55219841003418,7.70700645446777,-0.0404618866741657,-0.195275172591209,-0.0699718669056892,0.0444247350096703,-3.77678728103638,10.3274745941162,-0.232565775513649,-0.610401690006256,0.451547861099243,0.760979354381561,-14.2740650177002,-2.1539134979248,0.622753083705902,0.438799262046814,0.119013085961342,91.7733098655,-108.2263440085,-4.282435167,-0.982753934783193,0.859133200668477,2.40642993659477
-19.073486328125,16.2124633789063,-419.082641601563,-11.1770629882813,-31.3949584960938,-489.273071289063,3.55022144317627,-8.7636833190918,-6.92933893203735,0.606397747993469,0.272834748029709,-0.141860112547874,-1.74388873577118,-5.56194734573364,7.69926404953003,-0.0421203747391701,-0.194211602210999,-0.0695925131440163,0.0569499395787716,-3.79132390022278,10.3301267623901,-0.232585445046425,-0.608001112937927,0.453121930360794,0.764509260654449,-14.2870635986328,-2.12645816802979,0.621462225914001,0.432600617408752,0.117601551115513,91.740053721,-108.228189157,-4.284345314,-0.982276530312941,0.85960073708672,2.39833081924245
-19.1497802734375,16.4794921875,-419.3115234375,-10.986328125,-31.5093994140625,-489.19677734375,3.52742409706116,-8.73913955688477,-6.89559936523438,0.605991840362549,0.276279807090759,-0.144640073180199,-1.75652694702148,-5.57169580459595,7.69152212142944,-0.0437788628041744,-0.193148031830788,-0.0692131519317627,0.0694751441478729,-3.8058602809906,10.3327798843384,-0.232605114579201,-0.605600476264954,0.454695999622345,0.768039107322693,-14.3000621795654,-2.09900283813477,0.620171368122101,0.426401942968369,0.116190016269684,91.7067975765,-108.2300343055,-4.286255461,-0.98179912584269,0.860068273504963,2.39023170189013
-19.1879272460938,16.7465209960938,-419.387817382813,-10.9100341796875,-31.5475463867188,-489.120483398438,3.50462675094604,-8.71459674835205,-6.86185932159424,0.605585992336273,0.27972486615181,-0.147420033812523,-1.7691650390625,-5.58144426345825,7.6837797164917,-0.0454373508691788,-0.192084461450577,-0.0688337981700897,0.082000344991684,-3.820396900177,10.3354320526123,-0.232624784111977,-0.603199899196625,0.456270068883896,0.771569013595581,-14.313060760498,-2.07154750823975,0.6188805103302,0.420203298330307,0.114778481423855,91.673541432,-108.231879454,-4.288165608,-0.981321721372438,0.860535809923206,2.38213258453782
-19.22607421875,17.0135498046875,-419.464111328125,-10.833740234375,-31.585693359375,-489.044189453125,3.48538446426392,-8.67186164855957,-6.85937643051147,0.604144871234894,0.278599709272385,-0.148253321647644,-1.76885199546814,-5.59072732925415,7.67436361312866,-0.0463254377245903,-0.191400229930878,-0.0690241008996964,0.11164502799511,-3.80902457237244,10.3446207046509,-0.230731606483459,-0.597664475440979,0.455290228128433,0.751689553260803,-14.3028049468994,-2.06560611724854,0.618889153003693,0.414962857961655,0.113255441188812,91.6402852875,-108.2337246025,-4.290075755,-0.980844316902187,0.861003346341449,2.3740334671855
-19.1497802734375,16.9754028320313,-419.464111328125,-10.833740234375,-31.6619873046875,-489.578247070313,3.46614217758179,-8.62912654876709,-6.85689306259155,0.602703750133514,0.27747455239296,-0.149086594581604,-1.76853883266449,-5.60001039505005,7.66494750976563,-0.0472135245800018,-0.190715998411179,-0.0692143961787224,0.141289710998535,-3.79765248298645,10.3538093566895,-0.228838443756104,-0.592129051685333,0.454310387372971,0.73181015253067,-14.2925500869751,-2.0596649646759,0.61889773607254,0.409722417593002,0.111732393503189,91.607029143,-108.235569751,-4.291985902,-0.980366912431935,0.861470882759692,2.36593434983318
-19.073486328125,16.937255859375,-419.464111328125,-10.833740234375,-31.73828125,-490.1123046875,3.44689989089966,-8.58639144897461,-6.85441017150879,0.601262629032135,0.276349365711212,-0.149919882416725,-1.76822578907013,-5.60929346084595,7.65553140640259,-0.0481016151607037,-0.190031766891479,-0.069404698908329,0.170934408903122,-3.78628015518188,10.3629989624023,-0.226945266127586,-0.586593687534332,0.45333057641983,0.711930692195892,-14.2822942733765,-2.05372357368469,0.618906378746033,0.404481947422028,0.110209353268147,91.5737729985,-108.2374148995,-4.293896049,-0.979889507961684,0.861938419177935,2.35783523248086
-19.0353393554688,17.1661376953125,-419.540405273438,-10.68115234375,-31.8145751953125,-489.959716796875,3.42765760421753,-8.54365634918213,-6.85192680358887,0.599821448326111,0.275224208831787,-0.150753155350685,-1.76791274547577,-5.61857652664185,7.64611530303955,-0.0489897020161152,-0.18934753537178,-0.0695950016379356,0.200579091906548,-3.77490782737732,10.3721876144409,-0.22505210340023,-0.581058263778687,0.452350735664368,0.692051231861115,-14.2720384597778,-2.04778218269348,0.61891496181488,0.399241507053375,0.108686305582523,91.540516854,-108.239260048,-4.295806196,-0.979412103491432,0.862405955596178,2.34973611512854
-18.9971923828125,17.39501953125,-419.61669921875,-10.528564453125,-31.890869140625,-489.80712890625,3.4084153175354,-8.50092124938965,-6.8494439125061,0.598380327224731,0.274099051952362,-0.151586443185806,-1.76759958267212,-5.62785959243774,7.63669919967651,-0.0498777888715267,-0.188663303852081,-0.0697853043675423,0.230223774909973,-3.76353573799133,10.3813762664795,-0.223158925771713,-0.575522840023041,0.451370894908905,0.672171831130981,-14.2617826461792,-2.04184079170227,0.618923604488373,0.394001066684723,0.107163265347481,91.5072607095,-108.2411051965,-4.297716343,-0.97893469902118,0.862873492014421,2.34163699777622
-18.9590454101563,17.547607421875,-419.845581054688,-10.4522705078125,-31.890869140625,-489.654541015625,3.38917303085327,-8.45818614959717,-6.84696054458618,0.596939206123352,0.272973895072937,-0.152419731020927,-1.76728653907776,-5.63714265823364,7.62728309631348,-0.0507658757269382,-0.187979072332382,-0.0699755996465683,0.25986847281456,-3.75216341018677,10.3905649185181,-0.221265748143196,-0.569987416267395,0.450391054153442,0.652292370796204,-14.2515277862549,-2.03589963912964,0.618932247161865,0.388760626316071,0.105640217661858,91.474004565,-108.242950345,-4.29962649,-0.978457294550929,0.863341028432664,2.33353788042391
-18.9208984375,17.7001953125,-420.074462890625,-10.3759765625,-31.890869140625,-489.501953125,3.36993074417114,-8.41545104980469,-6.84447765350342,0.595498085021973,0.27184870839119,-0.153253003954887,-1.76697337627411,-5.6464262008667,7.61786699295044,-0.0516539663076401,-0.187294840812683,-0.0701659023761749,0.289513140916824,-3.7407910823822,10.3997535705566,-0.21937258541584,-0.564451992511749,0.449411243200302,0.632412970066071,-14.2412719726563,-2.02995824813843,0.618940830230713,0.383520156145096,0.104117177426815,91.4407484205,-108.2447954935,-4.301536637,-0.977979890080677,0.863808564850907,2.32543876307159
-19.1116333007813,17.7764892578125,-420.074462890625,-10.1852416992188,-31.9290161132813,-489.578247070313,3.35068845748901,-8.37271595001221,-6.8419942855835,0.594056963920593,0.270723551511765,-0.154086291790009,-1.76666033267975,-5.6557092666626,7.6084508895874,-0.0525420531630516,-0.186610609292984,-0.0703562051057816,0.319157838821411,-3.72941899299622,10.4089422225952,-0.217479407787323,-0.558916568756104,0.448431402444839,0.612533509731293,-14.2310161590576,-2.02401685714722,0.618949472904205,0.378279715776443,0.102594129741192,91.407492276,-108.246640642,-4.303446784,-0.977502485610426,0.86427610126915,2.31733964571927
-19.3023681640625,17.852783203125,-420.074462890625,-9.9945068359375,-31.9671630859375,-489.654541015625,3.33144617080688,-8.32998085021973,-6.83951139450073,0.592615842819214,0.269598394632339,-0.154919564723969,-1.76634728908539,-5.6649923324585,7.59903478622437,-0.0534301400184631,-0.185926377773285,-0.0705465003848076,0.348802506923676,-3.71804666519165,10.4181318283081,-0.215586245059967,-0.553381204605103,0.447451561689377,0.592654049396515,-14.2207612991333,-2.01807570457458,0.618958055973053,0.373039275407791,0.101071089506149,91.3742361315,-108.2484857905,-4.305356931,-0.977025081140174,0.864743637687393,2.30924052836695
-19.1879272460938,17.9290771484375,-419.998168945313,-10.0326538085938,-31.9290161132813,-489.883422851563,3.31220388412476,-8.28724575042725,-6.83702802658081,0.591174721717834,0.268473237752914,-0.15575285255909,-1.76603412628174,-5.67427539825439,7.58961868286133,-0.0543182268738747,-0.185242146253586,-0.0707368031144142,0.378447204828262,-3.70667433738708,10.4273204803467,-0.21369306743145,-0.547845780849457,0.446471720933914,0.572774648666382,-14.2105054855347,-2.01213431358337,0.618966698646545,0.367798835039139,0.0995480418205261,91.340979987,-108.250330939,-4.307267078,-0.976547676669922,0.865211174105636,2.30114141101463
-19.073486328125,18.00537109375,-419.921875,-10.07080078125,-31.890869140625,-490.1123046875,3.29296159744263,-8.24451065063477,-6.83454513549805,0.58973354101181,0.267348080873489,-0.156586140394211,-1.76572108268738,-5.68355846405029,7.58020257949829,-0.0552063137292862,-0.184557914733887,-0.0709271058440208,0.408091902732849,-3.6953022480011,10.4365091323853,-0.211799889802933,-0.542310357093811,0.445491880178452,0.552895188331604,-14.200249671936,-2.00619292259216,0.618975341320038,0.362558394670486,0.0980250015854836,91.3077238425,-108.2521760875,-4.309177225,-0.976070272199671,0.865678710523879,2.29304229366231
-19.073486328125,18.2342529296875,-419.845581054688,-9.9945068359375,-32.0053100585938,-489.883422851563,3.2737193107605,-8.20177555084229,-6.83206176757813,0.588292419910431,0.266222894191742,-0.157419413328171,-1.76540803909302,-5.69284152984619,7.57078647613525,-0.056094404309988,-0.183873683214188,-0.0711174011230469,0.437736570835114,-3.68392992019653,10.4456977844238,-0.209906727075577,-0.536774933338165,0.444512069225311,0.533015727996826,-14.1899948120117,-2.00025177001953,0.618983924388885,0.357317924499512,0.0965019538998604,91.274467698,-108.254021236,-4.311087372,-0.975592867729419,0.866146246942122,2.28494317631
-19.073486328125,18.463134765625,-419.769287109375,-9.918212890625,-32.1197509765625,-489.654541015625,3.25447702407837,-8.1590404510498,-6.82957887649536,0.586851298809052,0.265097737312317,-0.158252701163292,-1.76509487628937,-5.70212459564209,7.56137037277222,-0.0569824911653996,-0.183189451694489,-0.0713077038526535,0.4673812687397,-3.67255759239197,10.4548864364624,-0.20801354944706,-0.53123950958252,0.443532228469849,0.513136327266693,-14.1797389984131,-1.99431037902832,0.618992567062378,0.352077484130859,0.0949789136648178,91.2412115535,-108.2558663845,-4.312997519,-0.975115463259168,0.866613783360365,2.27684405895768
-19.073486328125,18.5394287109375,-419.845581054688,-9.72747802734375,-32.1578979492188,-489.654541015625,3.2455735206604,-8.12353324890137,-6.83169031143188,0.585242033004761,0.262172758579254,-0.158461183309555,-1.76259970664978,-5.70974779129028,7.55461740493774,-0.0574764236807823,-0.18283686041832,-0.071621485054493,0.497365117073059,-3.65614080429077,10.4558219909668,-0.207478642463684,-0.525514185428619,0.441744714975357,0.482238322496414,-14.1540117263794,-1.9975757598877,0.617312848567963,0.347223252058029,0.0943131372332573,91.207955409,-108.257711533,-4.314907666,-0.974638058788916,0.867081319778608,2.26874494160536
-19.073486328125,18.61572265625,-419.921875,-9.5367431640625,-32.196044921875,-489.654541015625,3.24700856208801,-8.09525489807129,-6.8383960723877,0.583464682102203,0.257447957992554,-0.158044874668121,-1.75792229175568,-5.71571111679077,7.55052757263184,-0.0575762055814266,-0.182815909385681,-0.0720587372779846,0.527688145637512,-3.63467955589294,10.448504447937,-0.208301976323128,-0.51959890127182,0.439149498939514,0.440321803092957,-14.1128129959106,-2.01004767417908,0.61394476890564,0.342755228281021,0.09450463950634,91.1746992645,-108.2595566815,-4.316817813,-0.974160654318664,0.867548856196851,2.26064582425304
-18.9971923828125,18.8064575195313,-419.769287109375,-9.65118408203125,-32.2341918945313,-489.425659179688,3.24844360351563,-8.06697654724121,-6.84510183334351,0.581687331199646,0.252723157405853,-0.157628580927849,-1.75324487686157,-5.7216739654541,7.54643726348877,-0.0576759837567806,-0.182794958353043,-0.0724959895014763,0.55801123380661,-3.61321830749512,10.4411859512329,-0.209125325083733,-0.513683557510376,0.436554312705994,0.398405253887177,-14.0716142654419,-2.02251982688904,0.610576748847961,0.338287174701691,0.0946961417794228,91.14144312,-108.26140183,-4.31872796,-0.973683249848413,0.868016392615094,2.25254670690072
-18.9208984375,18.9971923828125,-419.61669921875,-9.765625,-32.2723388671875,-489.19677734375,3.24987864494324,-8.03869819641113,-6.85180759429932,0.579909980297089,0.247998371720314,-0.157212272286415,-1.74856746196747,-5.72763729095459,7.54234743118286,-0.0577757619321346,-0.182774007320404,-0.0729332491755486,0.588334262371063,-3.59175705909729,10.4338684082031,-0.209948658943176,-0.507768273353577,0.433959126472473,0.356488734483719,-14.0304155349731,-2.03499174118042,0.607208669185638,0.333819150924683,0.0948876366019249,91.1411339635,-108.261446435,-4.3186692185,-0.972992840727499,0.868105550291077,2.24553831927979
-19.0353393554688,19.1497802734375,-419.845581054688,-9.80377197265625,-32.6156616210938,-488.967895507813,3.25131368637085,-8.01041984558105,-6.85851335525513,0.578132629394531,0.243273571133614,-0.156795963644981,-1.74389004707336,-5.73360061645508,7.53825712203979,-0.0578755438327789,-0.182753056287766,-0.0733705013990402,0.618657290935516,-3.57029557228088,10.4265508651733,-0.210772007703781,-0.501852989196777,0.43136391043663,0.314572215080261,-13.9892168045044,-2.04746389389038,0.60384064912796,0.329351127147675,0.0950791388750076,91.140824807,-108.26149104,-4.318610477,-0.972302431606584,0.86819470796706,2.23852993165886
-19.1497802734375,19.3023681640625,-420.074462890625,-9.8419189453125,-32.958984375,-488.739013671875,3.25274872779846,-7.98214149475098,-6.86521911621094,0.576355278491974,0.238548770546913,-0.156379669904709,-1.73921275138855,-5.73956394195557,7.53416681289673,-0.0579753220081329,-0.182732105255127,-0.0738077536225319,0.648980379104614,-3.54883432388306,10.4192323684692,-0.211595356464386,-0.495937705039978,0.42876872420311,0.272655665874481,-13.9480180740356,-2.05993604660034,0.600472569465637,0.324883073568344,0.0952706411480904,91.1405156505,-108.261535645,-4.3185517355,-0.97161202248567,0.868283865643043,2.23152154403792
-18.9590454101563,19.378662109375,-419.769287109375,-9.80377197265625,-33.111572265625,-488.739013671875,3.25418376922607,-7.9538631439209,-6.87192487716675,0.574577927589417,0.233823969960213,-0.155963361263275,-1.73453533649445,-5.74552726745605,7.53007698059082,-0.0580751001834869,-0.182711154222488,-0.0742450132966042,0.679303407669067,-3.52737307548523,10.4119148254395,-0.21241869032383,-0.490022391080856,0.426173537969589,0.230739146471024,-13.9068193435669,-2.07240796089172,0.597104549407959,0.320415049791336,0.0954621359705925,91.140206494,-108.26158025,-4.318492994,-0.970921613364756,0.868373023319026,2.22451315641699
-18.768310546875,19.4549560546875,-419.464111328125,-9.765625,-33.26416015625,-488.739013671875,3.25561881065369,-7.92558479309082,-6.87863063812256,0.572800576686859,0.229099169373512,-0.155547052621841,-1.72985792160034,-5.75149011611938,7.52598667144775,-0.0581748820841312,-0.182690218091011,-0.0746822655200958,0.709626436233521,-3.5059118270874,10.4045963287354,-0.213242039084435,-0.484107106924057,0.423578321933746,0.188822612166405,-13.8656215667725,-2.08488011360168,0.593736469745636,0.315947026014328,0.0956536382436752,91.1398973375,-108.261624855,-4.3184342525,-0.970231204243842,0.868462180995009,2.21750476879605
-18.7301635742188,19.7219848632813,-419.3115234375,-9.613037109375,-33.0734252929688,-488.8916015625,3.2570538520813,-7.89730644226074,-6.88533639907837,0.571023225784302,0.224374368786812,-0.155130758881569,-1.72518050670624,-5.75745344161987,7.52189683914185,-0.0582746602594852,-0.182669267058372,-0.0751195177435875,0.739949524402618,-3.484450340271,10.3972787857056,-0.214065372943878,-0.478191792964935,0.420983135700226,0.146906077861786,-13.8244228363037,-2.09735202789307,0.590368449687958,0.311478972434998,0.095845140516758,91.139588181,-108.26166946,-4.318375511,-0.969540795122928,0.868551338670992,2.21049638117512
-18.6920166015625,19.989013671875,-419.158935546875,-9.46044921875,-32.8826904296875,-489.044189453125,3.25848889350891,-7.86902809143066,-6.89204263687134,0.569245874881744,0.219649568200111,-0.154714450240135,-1.72050309181213,-5.76341676712036,7.51780652999878,-0.0583744421601295,-0.182648316025734,-0.0755567774176598,0.770272552967072,-3.46298909187317,10.3899612426758,-0.214888721704483,-0.472276508808136,0.418387919664383,0.104989551007748,-13.783224105835,-2.10982418060303,0.587000370025635,0.30701094865799,0.0960366353392601,91.1392790245,-108.261714065,-4.3183167695,-0.968850386002013,0.868640496346975,2.20348799355419
-18.6920166015625,20.2560424804688,-419.082641601563,-9.3841552734375,-33.111572265625,-488.58642578125,3.25992393493652,-7.84074974060059,-6.89874839782715,0.567468523979187,0.214924782514572,-0.154298141598701,-1.71582567691803,-5.76938009262085,7.51371669769287,-0.0584742203354836,-0.182627364993095,-0.0759940296411514,0.800595581531525,-3.44152784347534,10.3826427459717,-0.215712055563927,-0.466361194849014,0.415792733430862,0.0630730167031288,-13.7420253753662,-2.12229609489441,0.583632349967957,0.302542924880981,0.0962281376123428,91.138969868,-108.26175867,-4.318258028,-0.968159976881099,0.868729654022958,2.19647960593325
-18.6920166015625,20.5230712890625,-419.00634765625,-9.307861328125,-33.3404541015625,-488.128662109375,3.26135897636414,-7.81247138977051,-6.90545415878296,0.56569117307663,0.210199981927872,-0.153881832957268,-1.71114838123322,-5.77534294128418,7.5096263885498,-0.0585739985108376,-0.182606413960457,-0.0764312818646431,0.830918610095978,-3.42006659507751,10.3753252029419,-0.216535404324532,-0.460445910692215,0.413197547197342,0.0211564842611551,-13.7008266448975,-2.13476824760437,0.580264270305634,0.298074901103973,0.0964196398854256,91.1386607115,-108.261803275,-4.3181992865,-0.967469567760185,0.86881881169894,2.18947121831232
-18.61572265625,20.5612182617188,-419.082641601563,-9.42230224609375,-33.3404541015625,-488.433837890625,3.26279401779175,-7.78419303894043,-6.91215991973877,0.563913822174072,0.205475181341171,-0.153465539216995,-1.70647096633911,-5.78130626678467,7.5055365562439,-0.0586737804114819,-0.182585462927818,-0.0768685415387154,0.861241698265076,-3.39860510826111,10.3680067062378,-0.217358738183975,-0.454530596733093,0.410602331161499,-0.0207600463181734,-13.6596279144287,-2.14724016189575,0.576896250247955,0.293606847524643,0.0966111347079277,91.138351555,-108.26184788,-4.318140545,-0.96677915863927,0.868907969374923,2.18246283069139
-18.5394287109375,20.599365234375,-419.158935546875,-9.5367431640625,-33.3404541015625,-488.739013671875,3.26422905921936,-7.75591468811035,-6.91886568069458,0.562136471271515,0.200750380754471,-0.153049230575562,-1.70179355144501,-5.78726959228516,7.50144624710083,-0.0587735585868359,-0.18256451189518,-0.077305793762207,0.891564726829529,-3.37714385986328,10.360689163208,-0.21818208694458,-0.448615312576294,0.408007144927979,-0.0626765787601471,-13.61842918396,-2.15971231460571,0.573528170585632,0.289138823747635,0.0968026369810104,91.1380423985,-108.261892485,-4.3180818035,-0.966088749518356,0.868997127050906,2.17545444307045
-18.5012817382813,20.7901000976563,-418.930053710938,-9.3841552734375,-33.26416015625,-488.510131835938,3.2759063243866,-7.7446551322937,-6.92442750930786,0.56087201833725,0.195554792881012,-0.151869848370552,-1.68824315071106,-5.79341316223145,7.49539709091187,-0.058450847864151,-0.182356357574463,-0.0774129703640938,0.902899265289307,-3.37043428421021,10.3480806350708,-0.221745505928993,-0.446762591600418,0.40637069940567,-0.100170068442822,-13.5657196044922,-2.13993072509766,0.567022681236267,0.284846127033234,0.0991583168506622,91.137733242,-108.26193709,-4.318023062,-0.965398340397442,0.869086284726889,2.16844605544952
-18.463134765625,20.9808349609375,-418.701171875,-9.2315673828125,-33.1878662109375,-488.28125,3.28758358955383,-7.73339557647705,-6.92998886108398,0.559607625007629,0.190359219908714,-0.150690451264381,-1.67469274997711,-5.79955673217773,7.4893479347229,-0.0581281334161758,-0.182148203253746,-0.0775201469659805,0.914233803749084,-3.36372494697571,10.3354721069336,-0.225308910012245,-0.444909870624542,0.404734253883362,-0.137663558125496,-13.5130109786987,-2.1201491355896,0.560517251491547,0.280553430318832,0.101513996720314,91.1374240855,-108.261981695,-4.3179643205,-0.964707931276528,0.869175442402872,2.16143766782859
-18.310546875,20.9808349609375,-418.548583984375,-9.26971435546875,-33.0734252929688,-487.899780273438,3.29926085472107,-7.7221360206604,-6.93555068969727,0.558343172073364,0.185163632035255,-0.149511069059372,-1.66114234924316,-5.80570030212402,7.48329877853394,-0.057805422693491,-0.181940048933029,-0.0776273310184479,0.925568401813507,-3.35701537132263,10.3228635787964,-0.228872328996658,-0.443057149648666,0.403097808361053,-0.17515704035759,-13.460301399231,-2.10036778450012,0.554011762142181,0.276260733604431,0.103869669139385,91.137114929,-108.2620263,-4.317905579,-0.964017522155614,0.869264600078855,2.15442928020765
-18.157958984375,20.9808349609375,-418.39599609375,-9.307861328125,-32.958984375,-487.518310546875,3.31093811988831,-7.71087646484375,-6.94111251831055,0.557078778743744,0.179968059062958,-0.148331671953201,-1.64759194850922,-5.81184339523315,7.47724962234497,-0.0574827119708061,-0.181731894612312,-0.0777345076203346,0.936902940273285,-3.35030603408813,10.3102550506592,-0.23243573307991,-0.441204428672791,0.401461362838745,-0.212650522589684,-13.4075927734375,-2.08058619499207,0.547506272792816,0.27196803689003,0.106225349009037,91.1368057725,-108.262070905,-4.3178468375,-0.963327113034699,0.869353757754838,2.14742089258672
-18.157958984375,21.05712890625,-418.39599609375,-9.49859619140625,-32.8826904296875,-487.518310546875,3.32261538505554,-7.69961738586426,-6.94667387008667,0.555814325809479,0.174772471189499,-0.147152289748192,-1.63404154777527,-5.81798696517944,7.47120046615601,-0.057159997522831,-0.181523740291595,-0.0778416842222214,0.948237478733063,-3.34359645843506,10.297646522522,-0.235999152064323,-0.439351677894592,0.399824917316437,-0.250144004821777,-13.3548831939697,-2.06080460548401,0.541000843048096,0.267675340175629,0.108581028878689,91.136496616,-108.26211551,-4.317788096,-0.962636703913785,0.869442915430821,2.14041250496578
-18.157958984375,21.1334228515625,-418.39599609375,-9.6893310546875,-32.806396484375,-487.518310546875,3.33429265022278,-7.68835783004761,-6.95223569869995,0.554549932479858,0.169576898217201,-0.145972892642021,-1.62049114704132,-5.82413053512573,7.46515130996704,-0.0568372868001461,-0.181315585970879,-0.0779488608241081,0.959572017192841,-3.33688712120056,10.2850379943848,-0.239562571048737,-0.437498956918716,0.398188471794128,-0.287637501955032,-13.3021745681763,-2.04102301597595,0.53449535369873,0.263382643461227,0.110936708748341,91.1361874595,-108.262160115,-4.3177293545,-0.961946294792871,0.869532073106804,2.13340411734485
-18.1961059570313,21.209716796875,-418.243408203125,-9.3841552734375,-32.806396484375,-487.060546875,3.34596991539001,-7.67709827423096,-6.95779705047607,0.553285479545593,0.164381310343742,-0.144793510437012,-1.60694074630737,-5.83027410507202,7.45910215377808,-0.0565145760774612,-0.181107431650162,-0.0780560374259949,0.970906615257263,-3.33017754554749,10.2724294662476,-0.243125975131989,-0.435646235942841,0.39655202627182,-0.325130999088287,-13.2494649887085,-2.0212414264679,0.52798992395401,0.259089976549149,0.113292381167412,91.135878303,-108.26220472,-4.317670613,-0.961255885671957,0.869621230782787,2.12639572972392
-18.2342529296875,21.2860107421875,-418.0908203125,-9.0789794921875,-32.806396484375,-486.602783203125,3.35764718055725,-7.66583871841431,-6.96335887908936,0.552021086215973,0.159185737371445,-0.143614113330841,-1.59339034557343,-5.83641767501831,7.45305299758911,-0.0561918616294861,-0.180899277329445,-0.0781632140278816,0.982241153717041,-3.32346820831299,10.2598209381104,-0.246689394116402,-0.433793514966965,0.394915580749512,-0.36262446641922,-13.196756362915,-2.00145983695984,0.521484434604645,0.254797279834747,0.115648061037064,91.1355691465,-108.262249325,-4.3176118715,-0.960565476551042,0.86971038845877,2.11938734210298
-18.157958984375,21.3623046875,-417.938232421875,-9.11712646484375,-32.9208374023438,-486.221313476563,3.36932444572449,-7.65457916259766,-6.96892070770264,0.550756633281708,0.153990149497986,-0.142434731125832,-1.57983994483948,-5.8425612449646,7.44700384140015,-0.0558691509068012,-0.180691123008728,-0.078270398080349,0.993575692176819,-3.31675863265991,10.2472124099731,-0.250252813100815,-0.431940793991089,0.393279135227203,-0.400117963552475,-13.1440467834473,-1.98167836666107,0.51497894525528,0.250504583120346,0.118003740906715,91.13525999,-108.26229393,-4.31755313,-0.959875067430128,0.869799546134753,2.11237895448205
-18.0816650390625,21.4385986328125,-417.78564453125,-9.1552734375,-33.0352783203125,-485.83984375,3.38100171089172,-7.64331960678101,-6.97448205947876,0.549492180347443,0.148794561624527,-0.141255334019661,-1.56628954410553,-5.84870481491089,7.44095468521118,-0.0555464401841164,-0.180482968688011,-0.0783775746822357,1.0049102306366,-3.31004905700684,10.2346038818359,-0.253816217184067,-0.430088073015213,0.391642689704895,-0.43761146068573,-13.0913372039795,-1.9618968963623,0.508473515510559,0.246211871504784,0.120359420776367,91.1349919105,-108.2622614265,-4.317480009,-0.9588945543563,0.869450122016422,2.10672294428464
-17.9672241210938,21.514892578125,-417.633056640625,-9.11712646484375,-32.9208374023438,-485.763549804688,3.39267897605896,-7.63206005096436,-6.98004388809204,0.548227787017822,0.143598988652229,-0.140075951814651,-1.55273914337158,-5.85484790802002,7.43490552902222,-0.0552237257361412,-0.180274814367294,-0.0784847512841225,1.01624476909637,-3.30333971977234,10.2219953536987,-0.257379621267319,-0.428235352039337,0.390006244182587,-0.475104928016663,-13.038628578186,-1.94211530685425,0.501968026161194,0.241919189691544,0.122715100646019,91.134723831,-108.262228923,-4.317406888,-0.957914041282472,0.869100697898092,2.10106693408724
-17.852783203125,21.5911865234375,-417.48046875,-9.0789794921875,-32.806396484375,-485.687255859375,3.4043562412262,-7.62080049514771,-6.98560571670532,0.546963334083557,0.13840340077877,-0.138896554708481,-1.53918874263763,-5.86099147796631,7.42885637283325,-0.0549010150134563,-0.180066660046577,-0.0785919278860092,1.02757930755615,-3.29663014411926,10.2093868255615,-0.260943055152893,-0.426382631063461,0.388369798660278,-0.512598395347595,-12.9859189987183,-1.92233371734619,0.495462566614151,0.237626492977142,0.125070780515671,91.1344557515,-108.2621964195,-4.317333767,-0.956933528208644,0.868751273779761,2.09541092388983
-17.852783203125,21.66748046875,-417.17529296875,-8.96453857421875,-32.958984375,-485.610961914063,3.41603350639343,-7.60954093933105,-6.99116706848145,0.545698940753937,0.133207827806473,-0.137717172503471,-1.52563834190369,-5.8671350479126,7.42280721664429,-0.0545783042907715,-0.179858505725861,-0.078699104487896,1.03891384601593,-3.28992080688477,10.1967782974243,-0.264506459236145,-0.424529910087585,0.38673335313797,-0.550091922283173,-12.9332103729248,-1.90255224704742,0.488957107067108,0.233333796262741,0.127426460385323,91.134187672,-108.262163916,-4.317260646,-0.955953015134815,0.868401849661431,2.08975491369242
-17.852783203125,21.7437744140625,-416.8701171875,-8.85009765625,-33.111572265625,-485.53466796875,3.43090271949768,-7.60055828094482,-6.98467493057251,0.544911205768585,0.128383383154869,-0.136670812964439,-1.51060819625854,-5.8710675239563,7.41266965866089,-0.0537930950522423,-0.179749190807343,-0.0785088241100311,1.04416704177856,-3.29194855690002,10.178053855896,-0.26836821436882,-0.423949927091599,0.386168539524078,-0.575245559215546,-12.8885402679443,-1.86112785339355,0.484168976545334,0.230308890342712,0.129383072257042,91.1339195925,-108.2621314125,-4.317187525,-0.954972502060987,0.8680524255431,2.08409890349502
-17.8146362304688,21.820068359375,-416.946411132813,-9.002685546875,-33.2260131835938,-484.92431640625,3.44896411895752,-7.59385251998901,-6.96612930297852,0.544600188732147,0.123930096626282,-0.135757476091385,-1.49409854412079,-5.87278842926025,7.3984432220459,-0.052545391023159,-0.179738715291023,-0.0780210793018341,1.04333865642548,-3.30271339416504,10.1532154083252,-0.272528350353241,-0.424642741680145,0.386675328016281,-0.588059365749359,-12.8519096374512,-1.79806065559387,0.481098175048828,0.228551775217056,0.130940616130829,91.133651513,-108.262098909,-4.317114404,-0.953991988987159,0.86770300142477,2.07844289329761
-17.7764892578125,21.8963623046875,-417.022705078125,-9.1552734375,-33.3404541015625,-484.31396484375,3.46702527999878,-7.5871467590332,-6.94758367538452,0.544289112091064,0.119476802647114,-0.13484413921833,-1.47758889198303,-5.87450933456421,7.38421726226807,-0.0512976869940758,-0.179728239774704,-0.0775333344936371,1.04251039028168,-3.31347846984863,10.1283760070801,-0.276688456535339,-0.42533552646637,0.387182116508484,-0.600873172283173,-12.815279006958,-1.73499345779419,0.478027403354645,0.226794645190239,0.132498160004616,91.1333834335,-108.2620664055,-4.317041283,-0.953011475913331,0.867353577306439,2.0727868831002
-17.6239013671875,22.1633911132813,-416.717529296875,-9.26971435546875,-33.416748046875,-484.237670898438,3.48508667945862,-7.58044099807739,-6.92903804779053,0.543978095054626,0.115023508667946,-0.133930817246437,-1.46107923984528,-5.87623023986816,7.36999130249023,-0.0500499829649925,-0.179717764258385,-0.0770455896854401,1.04168200492859,-3.32424354553223,10.1035375595093,-0.28084859251976,-0.426028341054916,0.387688934803009,-0.613686978816986,-12.7786493301392,-1.67192625999451,0.474956601858139,0.225037530064583,0.134055703878403,91.133115354,-108.262033902,-4.316968162,-0.952030962839503,0.867004153188108,2.0671308729028
-17.4713134765625,22.430419921875,-416.412353515625,-9.3841552734375,-33.4930419921875,-484.161376953125,3.50314784049988,-7.57373523712158,-6.91049242019653,0.543667078018188,0.110570214688778,-0.133017480373383,-1.44456958770752,-5.87795114517212,7.35576486587524,-0.0488022789359093,-0.179707273840904,-0.076557844877243,1.04085373878479,-3.33500838279724,10.0786981582642,-0.285008728504181,-0.426721125841141,0.388195723295212,-0.6265007853508,-12.742018699646,-1.60885906219482,0.471885800361633,0.223280414938927,0.13561324775219,91.1328472745,-108.2620013985,-4.316895041,-0.951050449765675,0.866654729069778,2.06147486270539
-17.4331665039063,22.4685668945313,-416.107177734375,-9.34600830078125,-33.4930419921875,-483.70361328125,3.52120923995972,-7.56702899932861,-6.89194679260254,0.54335606098175,0.10611692070961,-0.132104143500328,-1.42805993556976,-5.87967205047607,7.34153890609741,-0.047554574906826,-0.179696798324585,-0.076070100069046,1.0400253534317,-3.34577345848083,10.053858757019,-0.289168834686279,-0.427413910627365,0.388702511787415,-0.639314591884613,-12.7053880691528,-1.54579186439514,0.46881502866745,0.221523284912109,0.137170791625977,91.132579195,-108.261968895,-4.31682192,-0.950069936691847,0.866305304951447,2.05581885250798
-17.39501953125,22.5067138671875,-415.802001953125,-9.307861328125,-33.4930419921875,-483.245849609375,3.53927040100098,-7.5603232383728,-6.87340116500854,0.543045043945313,0.101663626730442,-0.131190821528435,-1.41155028343201,-5.88139295578003,7.32731294631958,-0.0463068708777428,-0.179686322808266,-0.075582355260849,1.0391970872879,-3.35653853416443,10.0290203094482,-0.2933289706707,-0.428106725215912,0.38920933008194,-0.652128398418427,-12.6687574386597,-1.48272466659546,0.465744227170944,0.219766169786453,0.138728335499763,91.1323111155,-108.2619363915,-4.316748799,-0.949089423618018,0.865955880833117,2.05016284231058
-17.2042846679688,22.6974487304688,-415.496826171875,-9.26971435546875,-33.5311889648438,-482.940673828125,3.55733180046082,-7.55361747741699,-6.85485553741455,0.54273396730423,0.0972103327512741,-0.13027748465538,-1.39504063129425,-5.88311386108398,7.31308650970459,-0.0450591668486595,-0.179675847291946,-0.0750946030020714,1.03836870193481,-3.36730337142944,10.0041809082031,-0.297489076852798,-0.428799510002136,0.389716118574142,-0.66494220495224,-12.6321268081665,-1.41965746879578,0.462673455476761,0.218009054660797,0.14028587937355,91.132043036,-108.261903888,-4.316675678,-0.94810891054419,0.865606456714786,2.04450683211317
-17.0135498046875,22.88818359375,-415.191650390625,-9.2315673828125,-33.5693359375,-482.635498046875,3.57539296150208,-7.54691171646118,-6.83630990982056,0.542422950267792,0.0927570387721062,-0.129364147782326,-1.37853097915649,-5.88483476638794,7.29886054992676,-0.0438114628195763,-0.179665356874466,-0.0746068581938744,1.03754043579102,-3.37806844711304,9.97934246063232,-0.301649212837219,-0.429492324590683,0.390222907066345,-0.677756011486053,-12.5954961776733,-1.35659027099609,0.459602653980255,0.21625192463398,0.141843423247337,91.1317749565,-108.2618713845,-4.316602557,-0.947128397470362,0.865257032596456,2.03885082191576
-16.8991088867188,22.88818359375,-414.886474609375,-9.2315673828125,-33.416748046875,-482.48291015625,3.59345436096191,-7.54020595550537,-6.81776428222656,0.542111933231354,0.0883037447929382,-0.128450825810432,-1.36202132701874,-5.88655567169189,7.28463411331177,-0.042563758790493,-0.179654881358147,-0.0741191133856773,1.03671205043793,-3.38883328437805,9.95450305938721,-0.30580934882164,-0.430185109376907,0.39072972536087,-0.690569818019867,-12.5588655471802,-1.29352307319641,0.456531852483749,0.214494809508324,0.143400982022285,91.131506877,-108.261838881,-4.316529436,-0.946147884396534,0.864907608478125,2.03319481171836
-16.78466796875,22.88818359375,-414.581298828125,-9.2315673828125,-33.26416015625,-482.330322265625,3.61151552200317,-7.53350019454956,-6.79921865463257,0.541800916194916,0.0838504508137703,-0.127537488937378,-1.34551167488098,-5.88827657699585,7.27040815353394,-0.0413160547614098,-0.179644405841827,-0.0736313685774803,1.03588378429413,-3.39959836006165,9.92966461181641,-0.309969455003738,-0.430877923965454,0.391236513853073,-0.70338362455368,-12.5222358703613,-1.23045587539673,0.453461080789566,0.212737694382668,0.144958525896072,91.1312387975,-108.2618063775,-4.316456315,-0.945167371322706,0.864558184359795,2.02753880152095
-16.7083740234375,22.8118896484375,-414.047241210938,-9.1552734375,-33.2260131835938,-481.719970703125,3.62957692146301,-7.52679395675659,-6.78067302703857,0.541489839553833,0.0793971568346024,-0.126624152064323,-1.32900202274323,-5.8899974822998,7.2561821937561,-0.0400683507323265,-0.179633930325508,-0.0731436237692833,1.03505539894104,-3.41036343574524,9.90482521057129,-0.314129590988159,-0.431570708751678,0.391743302345276,-0.716197431087494,-12.4856052398682,-1.16738867759705,0.45039027929306,0.210980579257011,0.146516069769859,91.130970718,-108.261773874,-4.316383194,-0.944186858248878,0.864208760241464,2.02188279132354
-16.632080078125,22.735595703125,-413.51318359375,-9.0789794921875,-33.1878662109375,-481.109619140625,3.64763808250427,-7.52008819580078,-6.76212739944458,0.541178822517395,0.0749438628554344,-0.12571083009243,-1.31249237060547,-5.89171838760376,7.24195575714111,-0.0388206467032433,-0.179623439908028,-0.0726558789610863,1.03422713279724,-3.42112827301025,9.87998676300049,-0.318289697170258,-0.432263523340225,0.392250120639801,-0.729011237621307,-12.448974609375,-1.10432147979736,0.447319507598877,0.209223449230194,0.148073613643646,91.1307026385,-108.2617413705,-4.316310073,-0.943206345175049,0.863859336123133,2.01622678112613
-16.5939331054688,22.88818359375,-413.436889648438,-9.0789794921875,-33.111572265625,-480.65185546875,3.66569948196411,-7.51338243484497,-6.74358177185059,0.540867805480957,0.0704905688762665,-0.124797493219376,-1.29598271846771,-5.89343929290771,7.22772979736328,-0.03757294267416,-0.179612964391708,-0.0721681341528893,1.03339874744415,-3.43189334869385,9.85514736175537,-0.322449833154678,-0.43295630812645,0.392756909132004,-0.741825044155121,-12.4123439788818,-1.04125428199768,0.444248706102371,0.207466334104538,0.149631157517433,91.130434559,-108.261708867,-4.316236952,-0.942225832101221,0.863509912004803,2.01057077092873
-16.5557861328125,23.040771484375,-413.360595703125,-9.0789794921875,-33.0352783203125,-480.194091796875,3.67039442062378,-7.49410486221313,-6.72709608078003,0.541642546653748,0.0676969066262245,-0.124862730503082,-1.29357671737671,-5.89763450622559,7.21690034866333,-0.0352215953171253,-0.180545344948769,-0.0717203840613365,1.02288019657135,-3.45439124107361,9.8363733291626,-0.326505959033966,-0.433572202920914,0.394208490848541,-0.742997467517853,-12.3876342773438,-1.01078712940216,0.445039331912994,0.206746369600296,0.151240408420563,91.1301664795,-108.2616763635,-4.316163831,-0.941245319027393,0.863160487886472,2.00491476073132
-16.5939331054688,23.0789184570313,-413.055419921875,-9.19342041015625,-32.9208374023438,-480.04150390625,3.67508935928345,-7.4748272895813,-6.71061086654663,0.542417228221893,0.0649032518267632,-0.12492797523737,-1.29117071628571,-5.90182971954346,7.20607042312622,-0.0328702479600906,-0.181477725505829,-0.0712726414203644,1.01236164569855,-3.47688889503479,9.81759834289551,-0.330562084913254,-0.434188097715378,0.395660072565079,-0.744169890880585,-12.3629245758057,-0.980319857597351,0.44582998752594,0.206026405096054,0.152849644422531,91.1298984,-108.26164386,-4.31609071,-0.940264805953565,0.862811063768142,1.99925875053391
-16.632080078125,23.1170654296875,-412.750244140625,-9.307861328125,-32.806396484375,-479.888916015625,3.67978429794312,-7.45554971694946,-6.69412517547607,0.543191969394684,0.0621095895767212,-0.124993212521076,-1.2887647151947,-5.90602493286133,7.19524097442627,-0.0305189024657011,-0.18241012096405,-0.0708248913288116,1.00184309482574,-3.49938678741455,9.79882431030273,-0.334618210792542,-0.434803992509842,0.397111654281616,-0.745342314243317,-12.3382139205933,-0.949852705001831,0.446620613336563,0.205306425690651,0.154458895325661,91.129672546,-108.261537938,-4.3160021455,-0.940055734376073,0.862410432575846,1.99492077965059
-16.1361694335938,23.0789184570313,-412.826538085938,-9.307861328125,-32.7301025390625,-479.507446289063,3.68447923660278,-7.43627214431763,-6.67763996124268,0.543966710567474,0.0593159273266792,-0.125058457255363,-1.2863587141037,-5.9102201461792,7.18441152572632,-0.0281675551086664,-0.183342501521111,-0.0703771486878395,0.991324603557587,-3.52188467979431,9.78005027770996,-0.338674336671829,-0.435419887304306,0.398563235998154,-0.746514737606049,-12.3135042190552,-0.919385492801666,0.447411268949509,0.204586461186409,0.15606814622879,91.129446692,-108.261432016,-4.315913581,-0.939846662798582,0.86200980138355,1.99058280876726
-15.6402587890625,23.040771484375,-412.90283203125,-9.307861328125,-32.65380859375,-479.1259765625,3.68917417526245,-7.41699457168579,-6.66115427017212,0.54474139213562,0.0565222688019276,-0.12512369453907,-1.28395259380341,-5.91441535949707,7.17358160018921,-0.0258162077516317,-0.184274882078171,-0.0699293985962868,0.980806052684784,-3.54438257217407,9.76127529144287,-0.342730462551117,-0.43603578209877,0.400014817714691,-0.747687160968781,-12.2887945175171,-0.888918280601501,0.448201894760132,0.203866496682167,0.157677382230759,91.129220838,-108.261326094,-4.3158250165,-0.93963759122109,0.861609170191254,1.98624483788393
-15.869140625,23.0789184570313,-412.29248046875,-9.307861328125,-32.7682495117188,-478.897094726563,3.69386911392212,-7.39771699905396,-6.64466857910156,0.545516133308411,0.0537286065518856,-0.125188931822777,-1.2815465927124,-5.91861057281494,7.16275215148926,-0.0234648622572422,-0.185207262635231,-0.0694816559553146,0.970287501811981,-3.56688022613525,9.7425012588501,-0.346786588430405,-0.436651676893234,0.401466399431229,-0.748859584331512,-12.264084815979,-0.858451068401337,0.448992520570755,0.203146532177925,0.159286633133888,91.128994984,-108.261220172,-4.315736452,-0.939428519643598,0.861208538998957,1.98190686700061
-16.0980224609375,23.1170654296875,-411.68212890625,-9.307861328125,-32.8826904296875,-478.668212890625,3.69856405258179,-7.37843894958496,-6.62818336486816,0.546290814876556,0.0509349480271339,-0.125254169106483,-1.2791405916214,-5.92280578613281,7.15192270278931,-0.0211135149002075,-0.186139643192291,-0.0690339058637619,0.959768950939178,-3.58937811851501,9.72372627258301,-0.350842714309692,-0.437267571687698,0.402917981147766,-0.750032007694244,-12.2393741607666,-0.827983856201172,0.449783176183701,0.202426552772522,0.160895884037018,91.12876913,-108.26111425,-4.3156478875,-0.939219448066107,0.860807907806661,1.97756889611728
-16.021728515625,23.0789184570313,-411.758422851563,-9.26971435546875,-32.9971313476563,-478.439331054688,3.70325899124146,-7.35916137695313,-6.61169767379761,0.547065556049347,0.048141285777092,-0.12531940639019,-1.2767345905304,-5.92700099945068,7.1410927772522,-0.0187621675431728,-0.187072023749352,-0.0685861632227898,0.949250400066376,-3.61187601089478,9.70495223999023,-0.35489884018898,-0.437883466482162,0.404369562864304,-0.751204431056976,-12.2146644592285,-0.797516644001007,0.450573801994324,0.20170658826828,0.162505120038986,91.128543276,-108.261008328,-4.315559323,-0.939010376488615,0.860407276614365,1.97323092523395
-15.9454345703125,23.040771484375,-411.834716796875,-9.2315673828125,-33.111572265625,-478.21044921875,3.70795392990112,-7.33988380432129,-6.59521245956421,0.547840297222137,0.0453476272523403,-0.125384643673897,-1.27432858943939,-5.93119621276855,7.13026332855225,-0.0164108220487833,-0.188004419207573,-0.068138413131237,0.938731849193573,-3.63437390327454,9.68617820739746,-0.358954966068268,-0.438499361276627,0.405821144580841,-0.752376854419708,-12.1899547576904,-0.767049491405487,0.451364457607269,0.200986623764038,0.164114370942116,91.128317422,-108.260902406,-4.3154707585,-0.938801304911124,0.860006645422069,1.96889295435062
-15.6784057617188,23.1170654296875,-411.605834960938,-9.1552734375,-33.0734252929688,-478.057861328125,3.71264886856079,-7.32060623168945,-6.57872676849365,0.548614978790283,0.0425539650022984,-0.125449880957603,-1.27192258834839,-5.93539142608643,7.11943387985229,-0.0140594746917486,-0.188936799764633,-0.0676906630396843,0.92821329832077,-3.65687155723572,9.66740322113037,-0.363011091947556,-0.439115256071091,0.407272726297379,-0.75354927778244,-12.1652450561523,-0.736582279205322,0.452155083417892,0.200266659259796,0.165723621845245,91.128091568,-108.260796484,-4.315382194,-0.938592233333632,0.859606014229773,1.9645549834673
-15.411376953125,23.193359375,-411.376953125,-9.0789794921875,-33.0352783203125,-477.9052734375,3.71734380722046,-7.30132865905762,-6.5622410774231,0.549389719963074,0.0397603064775467,-0.125515133142471,-1.26951658725739,-5.9395866394043,7.10860395431519,-0.0117081282660365,-0.189869180321693,-0.0672429203987122,0.917694807052612,-3.67936944961548,9.6486291885376,-0.367067217826843,-0.439731150865555,0.408724308013916,-0.754721701145172,-12.1405353546143,-0.706115067005157,0.452945709228516,0.199546694755554,0.167332857847214,91.127865714,-108.260690562,-4.3152936295,-0.93838316175614,0.859205383037477,1.96021701258397
-15.3732299804688,23.193359375,-411.148071289063,-9.19342041015625,-33.1497192382813,-477.60009765625,3.72203874588013,-7.28205108642578,-6.5457558631897,0.550164461135864,0.0369666442275047,-0.125580370426178,-1.26711058616638,-5.94378185272217,7.09777450561523,-0.00935678090900183,-0.190801560878754,-0.0667951703071594,0.90717625617981,-3.70186734199524,9.62985515594482,-0.371123343706131,-0.440347045660019,0.410175889730453,-0.755894124507904,-12.1158246994019,-0.675647854804993,0.453736364841461,0.198826715350151,0.168942108750343,91.12763986,-108.26058464,-4.315205065,-0.938174090178649,0.858804751845181,1.95587904170064
-15.3350830078125,23.193359375,-410.919189453125,-9.307861328125,-33.26416015625,-477.294921875,3.72673368453979,-7.26277351379395,-6.52927017211914,0.55093914270401,0.0341729857027531,-0.125645607709885,-1.26470458507538,-5.94797706604004,7.08694505691528,-0.00700543401762843,-0.191733941435814,-0.0663474276661873,0.896657705307007,-3.724365234375,9.61108016967773,-0.375179469585419,-0.440962940454483,0.411627471446991,-0.757066547870636,-12.0911149978638,-0.645180642604828,0.454526990652084,0.198106750845909,0.170551359653473,91.127414006,-108.260478718,-4.3151165005,-0.937965018601157,0.858404120652885,1.95154107081732
-15.3350830078125,23.193359375,-410.995483398438,-9.46044921875,-33.3404541015625,-476.913452148438,3.72322368621826,-7.24572229385376,-6.52096891403198,0.55199134349823,0.0319290235638618,-0.125774919986725,-1.26329100131989,-5.94930601119995,7.08377695083618,-0.00440714228898287,-0.192699909210205,-0.0660179257392883,0.885014057159424,-3.74926257133484,9.60194206237793,-0.379339605569839,-0.441324472427368,0.413141578435898,-0.758024036884308,-12.0713872909546,-0.632423639297485,0.45592400431633,0.197705790400505,0.172009721398354,91.127188152,-108.260372796,-4.315027936,-0.937755947023665,0.858003489460589,1.94720309993399
-15.3350830078125,23.193359375,-411.07177734375,-9.613037109375,-33.416748046875,-476.531982421875,3.71150851249695,-7.23089694976807,-6.52085161209106,0.553320944309235,0.0302347652614117,-0.125968307256699,-1.26286995410919,-5.94776821136475,7.08827066421509,-0.00156190572306514,-0.193699449300766,-0.0658066794276237,0.872245311737061,-3.77655935287476,9.60243988037109,-0.383603781461716,-0.441431671380997,0.414718151092529,-0.75876659154892,-12.0566425323486,-0.637376725673676,0.457927346229553,0.1976238489151,0.173317208886147,91.126962298,-108.260266874,-4.3149393715,-0.937546875446174,0.857602858268293,1.94286512905066
-15.2969360351563,23.3840942382813,-410.7666015625,-9.49859619140625,-33.3023071289063,-476.150512695313,3.69979357719421,-7.21607160568237,-6.52073431015015,0.554650545120239,0.0285405069589615,-0.126161694526672,-1.2624489068985,-5.9462308883667,7.09276437759399,0.00128333095926791,-0.194699004292488,-0.0655954256653786,0.859476566314697,-3.80385637283325,9.60293769836426,-0.38786792755127,-0.441538840532303,0.416294753551483,-0.759509146213531,-12.0418977737427,-0.64232987165451,0.459930688142776,0.197541907429695,0.17462469637394,91.126736444,-108.260160952,-4.314850807,-0.937337803868682,0.857202227075997,1.93852715816733
-15.2587890625,23.5748291015625,-410.46142578125,-9.3841552734375,-33.1878662109375,-475.76904296875,3.68807864189148,-7.20124626159668,-6.52061748504639,0.555980145931244,0.0268462467938662,-0.126355081796646,-1.26202785968781,-5.94469356536865,7.0972580909729,0.00412856740877032,-0.195698544383049,-0.065384179353714,0.846707820892334,-3.83115339279175,9.60343551635742,-0.392132103443146,-0.441646039485931,0.417871356010437,-0.760251760482788,-12.0271530151367,-0.647283017635345,0.461934059858322,0.19745996594429,0.175932183861732,91.12651059,-108.26005503,-4.3147622425,-0.937128732291191,0.856801595883701,1.93418918728401
-15.2206420898438,23.651123046875,-410.537719726563,-9.5367431640625,-33.26416015625,-475.311279296875,3.67636346817017,-7.18642091751099,-6.52050018310547,0.557309746742249,0.0251519866287708,-0.12654846906662,-1.26160681247711,-5.94315576553345,7.10175180435181,0.00697380444034934,-0.19669808447361,-0.0651729330420494,0.833939075469971,-3.85845017433167,9.60393333435059,-0.396396279335022,-0.441753208637238,0.419447928667068,-0.7609943151474,-12.0124082565308,-0.652236104011536,0.463937401771545,0.197378024458885,0.177239671349525,91.126284736,-108.259949108,-4.314673678,-0.936919660713699,0.856400964691404,1.92985121640068
-15.1824951171875,23.7274169921875,-410.614013671875,-9.6893310546875,-33.3404541015625,-474.853515625,3.66464853286743,-7.17159557342529,-6.52038288116455,0.558639407157898,0.0234577283263206,-0.126741856336594,-1.26118576526642,-5.9416184425354,7.10624551773071,0.00981904100626707,-0.197697639465332,-0.0649616792798042,0.821170330047607,-3.88574719429016,9.60443115234375,-0.400660455226898,-0.441860377788544,0.421024531126022,-0.761736869812012,-11.9976625442505,-0.657189249992371,0.465940743684769,0.19729608297348,0.178547158837318,91.126058882,-108.259843186,-4.3145851135,-0.936710589136207,0.856000333499108,1.92551324551735
-15.1443481445313,23.5748291015625,-410.232543945313,-9.613037109375,-33.0352783203125,-474.929809570313,3.6529335975647,-7.1567702293396,-6.52026557922363,0.559969007968903,0.0217634681612253,-0.126935243606567,-1.26076471805573,-5.94008111953735,7.11073923110962,0.0126642780378461,-0.198697179555893,-0.0647504329681396,0.808401584625244,-3.91304421424866,9.60492897033691,-0.404924631118774,-0.441967576742172,0.422601133584976,-0.762479424476624,-11.9829177856445,-0.662142395973206,0.467944115400314,0.197214141488075,0.179854646325111,91.125833028,-108.259737264,-4.314496549,-0.936501517558716,0.855599702306812,1.92117527463403
-15.106201171875,23.4222412109375,-409.85107421875,-9.5367431640625,-32.7301025390625,-475.006103515625,3.64121842384338,-7.14194488525391,-6.52014827728271,0.561298608779907,0.0200692098587751,-0.12712861597538,-1.26034355163574,-5.93854331970215,7.11523294448853,0.0155095141381025,-0.199696719646454,-0.0645391792058945,0.795632839202881,-3.94034099578857,9.60542583465576,-0.409188777208328,-0.442074745893478,0.424177706241608,-0.763221979141235,-11.9681730270386,-0.667095482349396,0.469947457313538,0.19713220000267,0.181162133812904,91.125607174,-108.259631342,-4.3144079845,-0.936292445981224,0.855199071114516,1.9168373037507
-15.0299072265625,23.5366821289063,-409.698486328125,-9.613037109375,-32.806396484375,-474.929809570313,3.62950348854065,-7.12711954116821,-6.5200309753418,0.562628209590912,0.0183749496936798,-0.127322003245354,-1.25992250442505,-5.9370059967041,7.11972665786743,0.0183547511696815,-0.200696274638176,-0.0643279328942299,0.782864093780518,-3.96763801574707,9.60592365264893,-0.413452953100204,-0.442181944847107,0.425754308700562,-0.763964533805847,-11.9534282684326,-0.672048628330231,0.471950799226761,0.197050258517265,0.182469621300697,91.12538132,-108.25952542,-4.31431942,-0.936083374403732,0.85479843992222,1.91249933286737
-14.95361328125,23.651123046875,-409.5458984375,-9.6893310546875,-32.8826904296875,-474.853515625,3.61778831481934,-7.11229419708252,-6.51991367340088,0.563957810401917,0.0166806895285845,-0.127515390515327,-1.25950145721436,-5.9354681968689,7.12422037124634,0.0211999882012606,-0.201695814728737,-0.0641166865825653,0.770095348358154,-3.99493479728699,9.60642147064209,-0.417717128992081,-0.442289113998413,0.427330881357193,-0.764707088470459,-11.9386835098267,-0.677001714706421,0.473954170942307,0.19696831703186,0.18377710878849,91.1231660825,-108.2567309965,-4.3138914875,-0.936961475017249,0.85443335933463,1.90929970857938
-14.6865844726563,23.6129760742188,-409.698486328125,-9.613037109375,-32.8826904296875,-474.2431640625,3.6060733795166,-7.09746885299683,-6.51979684829712,0.565287411212921,0.0149864312261343,-0.127708777785301,-1.25908041000366,-5.93393087387085,7.12871408462524,0.0240452252328396,-0.202695354819298,-0.0639054328203201,0.757326602935791,-4.02223205566406,9.60691928863525,-0.421981304883957,-0.442396312952042,0.428907483816147,-0.765449702739716,-11.9239387512207,-0.681954860687256,0.47595751285553,0.196886375546455,0.185084596276283,91.120950845,-108.253936573,-4.313463555,-0.937839575630767,0.854068278747039,1.90610008429139
-14.4195556640625,23.5748291015625,-409.85107421875,-9.5367431640625,-32.8826904296875,-473.6328125,3.59435844421387,-7.08264350891113,-6.5196795463562,0.566617071628571,0.013292171061039,-0.127902165055275,-1.25865936279297,-5.9323935508728,7.13320779800415,0.0268904604017735,-0.203694894909859,-0.0636941865086555,0.744557857513428,-4.0495285987854,9.60741710662842,-0.426245450973511,-0.442503482103348,0.430484086275101,-0.766192257404327,-11.9091930389404,-0.686908006668091,0.477960854768753,0.19680443406105,0.186392083764076,91.1187356075,-108.2511421495,-4.3130356225,-0.938717676244284,0.853703198159449,1.90290046000341
-14.4195556640625,23.4603881835938,-409.774780273438,-9.42230224609375,-32.7301025390625,-473.251342773438,3.58264327049255,-7.06781816482544,-6.51956224441528,0.567946672439575,0.0115979118272662,-0.128095552325249,-1.25823831558228,-5.9308557510376,7.13770151138306,0.0297356974333525,-0.204694449901581,-0.0634829327464104,0.731789112091064,-4.0768256187439,9.60791492462158,-0.430509626865387,-0.442610681056976,0.432060658931732,-0.766934812068939,-11.8944482803345,-0.691861093044281,0.479964226484299,0.196722492575645,0.187699571251869,91.11652037,-108.248347726,-4.31260769,-0.939595776857801,0.853338117571858,1.89970083571542
-14.4195556640625,23.345947265625,-409.698486328125,-9.307861328125,-32.5775146484375,-472.869873046875,3.57092833518982,-7.05299282073975,-6.51944494247437,0.56927627325058,0.00990365259349346,-0.128288939595222,-1.25781726837158,-5.92931842803955,7.14219522476196,0.0325809344649315,-0.205693989992142,-0.0632716864347458,0.719020366668701,-4.10412263870239,9.60841274261475,-0.434773802757263,-0.442717850208282,0.433637261390686,-0.767677366733551,-11.8797035217285,-0.696814239025116,0.481967568397522,0.19664055109024,0.189007058739662,91.1143051325,-108.2455533025,-4.3121797575,-0.940473877471318,0.852973036984268,1.89650121142743
-14.5721435546875,23.3078002929688,-409.24072265625,-9.65118408203125,-32.5775146484375,-472.869873046875,3.55101323127747,-7.06334638595581,-6.53980541229248,0.570817172527313,0.00755233643576503,-0.127044394612312,-1.26690268516541,-5.9224796295166,7.15207958221436,0.0340954810380936,-0.206335142254829,-0.0631140246987343,0.70652562379837,-4.12775468826294,9.62470531463623,-0.437951177358627,-0.444059103727341,0.435701608657837,-0.761883676052094,-11.8708553314209,-0.722234725952148,0.482998639345169,0.196780353784561,0.190921112895012,91.112089895,-108.242758879,-4.311751825,-0.941351978084835,0.852607956396677,1.89330158713944
-14.7247314453125,23.2696533203125,-408.782958984375,-9.9945068359375,-32.5775146484375,-472.869873046875,3.53109788894653,-7.07369947433472,-6.56016540527344,0.572358071804047,0.00520102074369788,-0.125799834728241,-1.27598810195923,-5.91564130783081,7.16196393966675,0.0356100276112556,-0.206976279616356,-0.0629563629627228,0.69403088092804,-4.15138673782349,9.64099884033203,-0.441128551959991,-0.445400357246399,0.437765955924988,-0.756089985370636,-11.8620071411133,-0.747655272483826,0.484029680490494,0.196920141577721,0.192835181951523,91.1098746575,-108.2399644555,-4.3113238925,-0.942230078698352,0.852242875809087,1.89010196285145
-14.5721435546875,23.193359375,-408.935546875,-9.80377197265625,-32.6156616210938,-472.10693359375,3.51118278503418,-7.08405303955078,-6.58052587509155,0.57389897108078,0.00284970458596945,-0.124555289745331,-1.28507351875305,-5.90880250930786,7.17184782028198,0.037124577909708,-0.207617431879044,-0.0627987012267113,0.681536138057709,-4.17501878738403,9.65729141235352,-0.444305926561356,-0.446741580963135,0.439830303192139,-0.750296294689178,-11.8531589508057,-0.773075759410858,0.485060751438141,0.197059944272041,0.194749236106873,91.10765942,-108.237170032,-4.31089596,-0.943108179311869,0.851877795221496,1.88690233856346
-14.4195556640625,23.1170654296875,-409.088134765625,-9.613037109375,-32.65380859375,-471.343994140625,3.49126744270325,-7.09440660476685,-6.60088634490967,0.575439870357513,0.000498388428241014,-0.12331073731184,-1.29415893554688,-5.90196371078491,7.18173217773438,0.0386391244828701,-0.208258584141731,-0.0626410320401192,0.669041395187378,-4.19865036010742,9.673583984375,-0.44748330116272,-0.448082834482193,0.441894680261612,-0.744502663612366,-11.8443098068237,-0.798496246337891,0.486091822385788,0.197199746966362,0.196663290262222,91.1054441825,-108.2343756085,-4.3104680275,-0.943986279925386,0.851512714633906,1.88370271427547
-14.34326171875,23.2696533203125,-409.24072265625,-9.765625,-32.7682495117188,-471.115112304688,3.47135233879089,-7.10476016998291,-6.62124633789063,0.576980769634247,-0.0018529276130721,-0.122066184878349,-1.3032443523407,-5.89512491226196,7.19161653518677,0.0401536710560322,-0.208899721503258,-0.062483374029398,0.656546652317047,-4.22228240966797,9.68987655639648,-0.450660675764084,-0.449424088001251,0.443959027528763,-0.738708972930908,-11.8354616165161,-0.823916733264923,0.487122893333435,0.197339534759521,0.198577344417572,91.103228945,-108.231581185,-4.310040095,-0.944864380538903,0.851147634046315,1.88050308998748
-14.2669677734375,23.4222412109375,-409.393310546875,-9.918212890625,-32.8826904296875,-470.88623046875,3.45143699645996,-7.11511325836182,-6.64160680770874,0.57852166891098,-0.00420424342155457,-0.120821639895439,-1.31232976913452,-5.88828659057617,7.20150089263916,0.0416682176291943,-0.209540873765945,-0.0623257085680962,0.644051909446716,-4.24591445922852,9.70617008209229,-0.453838050365448,-0.450765341520309,0.446023374795914,-0.732915282249451,-11.8266134262085,-0.8493372797966,0.48815393447876,0.197479337453842,0.200491413474083,91.1010137075,-108.2287867615,-4.3096121625,-0.94574248115242,0.850782553458725,1.8773034656995
-14.34326171875,23.1552124023438,-409.5458984375,-9.88006591796875,-33.0734252929688,-470.504760742188,3.43152189254761,-7.12546682357788,-6.66196727752686,0.580062508583069,-0.006555559579283,-0.119577087461948,-1.32141518592834,-5.88144779205322,7.21138525009155,0.0431827679276466,-0.210182026028633,-0.0621680468320847,0.631557166576385,-4.26954650878906,9.72246265411377,-0.457015424966812,-0.452106595039368,0.448087722063065,-0.727121591567993,-11.8177652359009,-0.874757766723633,0.489185005426407,0.197619125247002,0.202405467629433,91.09879847,-108.225992338,-4.30918423,-0.946620581765938,0.850417472871135,1.87410384141151
-14.4195556640625,22.88818359375,-409.698486328125,-9.8419189453125,-33.26416015625,-470.123291015625,3.41160655021667,-7.13582038879395,-6.68232727050781,0.581603407859802,-0.00890687573701143,-0.118332535028458,-1.33050060272217,-5.87460899353027,7.22126960754395,0.0446973145008087,-0.21082316339016,-0.0620103850960732,0.619062423706055,-4.29317855834961,9.73875522613525,-0.460192799568176,-0.453447848558426,0.450152069330215,-0.721327900886536,-11.8089170455933,-0.900178253650665,0.490216076374054,0.197758927941322,0.204319521784782,91.0965832325,-108.2231979145,-4.3087562975,-0.947498682379455,0.850052392283544,1.87090421712352
-14.34326171875,23.040771484375,-409.164428710938,-9.765625,-33.1497192382813,-469.741821289063,3.39169144630432,-7.14617395401001,-6.70268774032593,0.583144307136536,-0.0112581914290786,-0.117087982594967,-1.33958601951599,-5.86777067184448,7.23115348815918,0.0462118610739708,-0.211464315652847,-0.0618527196347713,0.606567680835724,-4.31681060791016,9.75504875183105,-0.46337017416954,-0.454789072275162,0.452216416597366,-0.715534210205078,-11.8000688552856,-0.925598740577698,0.491247147321701,0.197898730635643,0.206233590841293,91.094367995,-108.220403491,-4.308328365,-0.948376782992972,0.849687311695953,1.86770459283553
-14.2669677734375,23.193359375,-408.63037109375,-9.6893310546875,-33.0352783203125,-469.3603515625,3.37177634239197,-7.15652704238892,-6.72304821014404,0.584685206413269,-0.0136095080524683,-0.115843437612057,-1.34867143630981,-5.86093187332153,7.24103784561157,0.0477264076471329,-0.212105467915535,-0.0616950578987598,0.594072937965393,-4.3404426574707,9.77134132385254,-0.466547548770905,-0.45613032579422,0.454280763864517,-0.709740519523621,-11.791220664978,-0.951019287109375,0.492278188467026,0.198038518428802,0.208147644996643,91.0921527575,-108.2176090675,-4.3079004325,-0.949254883606489,0.849322231108363,1.86450496854754
-14.2669677734375,22.9644775390625,-408.935546875,-9.65118408203125,-33.111572265625,-469.05517578125,3.35186100006104,-7.16688060760498,-6.743408203125,0.586226105690002,-0.0159608237445354,-0.114598885178566,-1.35775685310364,-5.85409307479858,7.25092220306396,0.049240954220295,-0.212746605277061,-0.0615373961627483,0.581578195095062,-4.36407423019409,9.78763389587402,-0.469724923372269,-0.457471579313278,0.45634514093399,-0.703946888446808,-11.7823715209961,-0.976439774036407,0.493309259414673,0.198178321123123,0.210061699151993,91.08993752,-108.214814644,-4.3074725,-0.950132984220006,0.848957150520773,1.86130534425955
-14.2669677734375,22.735595703125,-409.24072265625,-9.613037109375,-33.1878662109375,-468.75,3.33194589614868,-7.17723417282104,-6.76376867294312,0.587767004966736,-0.0183121394366026,-0.113354332745075,-1.36684226989746,-5.84725475311279,7.26080656051636,0.0507555045187473,-0.213387757539749,-0.0613797307014465,0.569083452224731,-4.38770627975464,9.80392742156982,-0.472902297973633,-0.458812832832336,0.458409488201141,-0.69815319776535,-11.7735233306885,-1.00186026096344,0.49434033036232,0.198318123817444,0.211975768208504,91.0877222825,-108.2120202205,-4.3070445675,-0.951011084833523,0.848592069933182,1.85810571997156
-14.190673828125,22.7737426757813,-409.317016601563,-9.72747802734375,-33.111572265625,-467.987060546875,3.31203055381775,-7.18758773803711,-6.78412914276123,0.589307904243469,-0.0206634551286697,-0.112109780311584,-1.37592768669128,-5.84041595458984,7.27069091796875,0.0522700510919094,-0.214028909802437,-0.061222068965435,0.556588709354401,-4.41133832931519,9.82021999359131,-0.476079672574997,-0.460154086351395,0.460473835468292,-0.692359507083893,-11.7646751403809,-1.02728080749512,0.495371401309967,0.198457911610603,0.213889822363853,91.085507045,-108.209225797,-4.306616635,-0.95188918544704,0.848226989345592,1.85490609568358
-14.1143798828125,22.8118896484375,-409.393310546875,-9.8419189453125,-33.0352783203125,-467.22412109375,3.30514740943909,-7.20607709884644,-6.79702568054199,0.590775191783905,-0.0242981109768152,-0.110568352043629,-1.38951742649078,-5.83858108520508,7.27926731109619,0.0539144314825535,-0.214686349034309,-0.0612777806818485,0.545780122280121,-4.42925262451172,9.83647441864014,-0.478599578142166,-0.461265087127686,0.462457209825516,-0.681035101413727,-11.7574462890625,-1.04154407978058,0.495418637990952,0.19875904917717,0.215636715292931,91.0832918075,-108.2064313735,-4.3061887025,-0.952767286060557,0.847861908758001,1.85170647139559
-14.2669677734375,22.7737426757813,-409.317016601563,-9.918212890625,-33.111572265625,-467.071533203125,3.3112964630127,-7.23270273208618,-6.80245876312256,0.592168927192688,-0.0292161051183939,-0.108730040490627,-1.40761137008667,-5.8417501449585,7.28653573989868,0.0556886456906796,-0.215360075235367,-0.0615468695759773,0.536657691001892,-4.44144868850708,9.85269069671631,-0.48046201467514,-0.462145835161209,0.464359611272812,-0.664180040359497,-11.7518377304077,-1.04465019702911,0.494482100009918,0.199221536517143,0.217216432094574,91.08107657,-108.20363695,-4.30576077,-0.953645386674074,0.847496828170411,1.8485068471076
-14.4195556640625,22.735595703125,-409.24072265625,-9.9945068359375,-33.1878662109375,-466.9189453125,3.31744527816772,-7.25932836532593,-6.80789184570313,0.593562602996826,-0.0341341011226177,-0.106891728937626,-1.42570543289185,-5.84491872787476,7.29380416870117,0.0574628598988056,-0.216033816337585,-0.0618159547448158,0.527535259723663,-4.45364475250244,9.86890697479248,-0.482324451208115,-0.463026583194733,0.46626204252243,-0.647324979305267,-11.7462291717529,-1.04775619506836,0.493545532226563,0.199684008955956,0.218796163797379,91.0809422475,-108.2034258655,-4.3056944005,-0.954686471141697,0.846975535587874,1.84626545268541
-14.2669677734375,22.6593017578125,-409.393310546875,-10.07080078125,-32.9208374023438,-466.461181640625,3.32359433174133,-7.28595352172852,-6.81332492828369,0.594956278800964,-0.0390520952641964,-0.105053417384624,-1.44379937648773,-5.84808778762817,7.30107307434082,0.0592370741069317,-0.216707542538643,-0.0620850399136543,0.518412828445435,-4.4658408164978,9.88512325286865,-0.484186887741089,-0.463907331228256,0.468164443969727,-0.630469858646393,-11.7406206130981,-1.05086231231689,0.492608964443207,0.200146481394768,0.220375880599022,91.080807925,-108.203214781,-4.305628031,-0.95572755560932,0.846454243005338,1.84402405826321
-14.1143798828125,22.5830078125,-409.5458984375,-10.1470947265625,-32.65380859375,-466.00341796875,3.32974314689636,-7.31257915496826,-6.81875801086426,0.596350014209747,-0.0439700894057751,-0.103215105831623,-1.46189343929291,-5.85125684738159,7.30834150314331,0.0610112883150578,-0.217381283640862,-0.0623541288077831,0.509290397167206,-4.47803688049316,9.90133953094482,-0.486049324274063,-0.46478807926178,0.470066845417023,-0.613614797592163,-11.7350120544434,-1.05396842956543,0.491672426462173,0.200608968734741,0.221955597400665,91.0806736025,-108.2030036965,-4.3055616615,-0.956768640076944,0.845932950422801,1.84178266384102
-14.0762329101563,22.5830078125,-409.469604492188,-10.1852416992188,-32.7301025390625,-465.774536132813,3.33589220046997,-7.33920478820801,-6.82419109344482,0.597743690013885,-0.0488880835473537,-0.101376794278622,-1.47998750209808,-5.85442543029785,7.3156099319458,0.0627854987978935,-0.21805502474308,-0.0626232177019119,0.500167965888977,-4.49023294448853,9.917555809021,-0.48791179060936,-0.465668857097626,0.471969246864319,-0.596759736537933,-11.7294034957886,-1.05707454681396,0.490735858678818,0.201071441173553,0.22353532910347,91.08053928,-108.202792612,-4.305495292,-0.957809724544566,0.845411657840265,1.83954126941883
-14.0380859375,22.5830078125,-409.393310546875,-10.223388671875,-32.806396484375,-465.545654296875,3.342041015625,-7.36583042144775,-6.82962417602539,0.599137365818024,-0.0538060776889324,-0.0995384827256203,-1.49808144569397,-5.85759449005127,7.32287883758545,0.0645597130060196,-0.218728750944138,-0.0628923028707504,0.491045534610748,-4.50242900848389,9.93377208709717,-0.489774227142334,-0.466549605131149,0.473871648311615,-0.579904615879059,-11.7237949371338,-1.0601806640625,0.489799290895462,0.201533913612366,0.225115045905113,91.0804049575,-108.2025815275,-4.3054289225,-0.95885080901219,0.844890365257728,1.83729987499664
-13.8092041015625,22.430419921875,-409.24072265625,-10.1852416992188,-32.7682495117188,-465.087890625,3.34819006919861,-7.3924560546875,-6.83505725860596,0.600531101226807,-0.0587240718305111,-0.0977001786231995,-1.51617550849915,-5.86076354980469,7.33014726638794,0.0663339272141457,-0.219402492046356,-0.0631613880395889,0.48192310333252,-4.51462507247925,9.94998741149902,-0.491636663675308,-0.467430353164673,0.475774079561234,-0.563049554824829,-11.718186378479,-1.06328666210175,0.488862752914429,0.201996400952339,0.226694777607918,91.080270635,-108.202370443,-4.305362553,-0.959891893479813,0.844369072675191,1.83505848057445
-13.580322265625,22.27783203125,-409.088134765625,-10.1470947265625,-32.7301025390625,-464.630126953125,3.35433888435364,-7.41908168792725,-6.84049034118652,0.601924777030945,-0.0636420696973801,-0.0958618670701981,-1.53426945209503,-5.86393213272095,7.33741569519043,0.0681081414222717,-0.220076218247414,-0.0634304732084274,0.472800672054291,-4.52682113647461,9.9662036895752,-0.493499100208282,-0.468311101198196,0.47767648100853,-0.546194493770599,-11.7125778198242,-1.06639277935028,0.487926185131073,0.202458873391151,0.228274494409561,91.0801363125,-108.2021593585,-4.3052961835,-0.960932977947436,0.843847780092655,1.83281708615226
-13.73291015625,22.27783203125,-409.164428710938,-10.1089477539063,-32.5775146484375,-464.4775390625,3.36048793792725,-7.44570732116699,-6.84592342376709,0.603318512439728,-0.0685600638389587,-0.0940235555171967,-1.55236351490021,-5.86710119247437,7.34468460083008,0.0698823556303978,-0.220749959349632,-0.0636995583772659,0.463678240776062,-4.53901767730713,9.98241996765137,-0.495361536741257,-0.46919184923172,0.479578882455826,-0.529339373111725,-11.7069683074951,-1.06949889659882,0.48698964715004,0.202921360731125,0.229854211211205,91.08000199,-108.201948274,-4.305229814,-0.961974062415059,0.843326487510118,1.83057569173006
-13.885498046875,22.27783203125,-409.24072265625,-10.07080078125,-32.4249267578125,-464.324951171875,3.36663675308228,-7.47233247756958,-6.85135650634766,0.604712188243866,-0.0734780579805374,-0.0921852439641953,-1.57045745849609,-5.87027025222778,7.35195302963257,0.0716565698385239,-0.22142368555069,-0.0639686435461044,0.454555779695511,-4.55121374130249,9.99863624572754,-0.497223973274231,-0.470072597265244,0.481481283903122,-0.512484312057495,-11.7013597488403,-1.07260501384735,0.486053079366684,0.203383833169937,0.231433942914009,91.0798676675,-108.2017371895,-4.3051634445,-0.963015146882682,0.842805194927582,1.82833429730787
-13.6947631835938,22.1633911132813,-409.088134765625,-10.1089477539063,-32.4630737304688,-463.790893554688,3.37278580665588,-7.49895811080933,-6.85678958892822,0.606105864048004,-0.0783960521221161,-0.0903469324111938,-1.58855152130127,-5.8734393119812,7.35922145843506,0.0734307840466499,-0.222097426652908,-0.0642377361655235,0.445433348417282,-4.56340980529785,10.0148525238037,-0.499086439609528,-0.470953375101089,0.48338371515274,-0.495629221200943,-11.6957511901855,-1.0757110118866,0.485116511583328,0.203846305608749,0.233013659715652,91.079733345,-108.201526105,-4.305097075,-0.964056231350305,0.842283902345045,1.82609290288568
-13.5040283203125,22.0489501953125,-408.935546875,-10.1470947265625,-32.501220703125,-463.2568359375,3.37893462181091,-7.52558374404907,-6.86222267150879,0.607499599456787,-0.0833140462636948,-0.0885086208581924,-1.60664546489716,-5.87660789489746,7.36649036407471,0.075204998254776,-0.222771152853966,-0.064506821334362,0.436310917139053,-4.57560586929321,10.0310688018799,-0.500948846340179,-0.471834123134613,0.485286116600037,-0.478774160146713,-11.6901426315308,-1.07881712913513,0.484179973602295,0.204308792948723,0.234593391418457,91.0795990225,-108.2013150205,-4.3050307055,-0.965097315817928,0.841762609762509,1.82385150846349
-13.6184692382813,21.7819213867188,-408.935546875,-10.1470947265625,-32.501220703125,-463.104248046875,3.38508367538452,-7.55220937728882,-6.86765575408936,0.608893275260925,-0.0882320404052734,-0.086670309305191,-1.62473952770233,-5.87977695465088,7.3737587928772,0.0769792124629021,-0.223444893956184,-0.0647759065032005,0.427188485860825,-4.58780193328857,10.0472850799561,-0.502811312675476,-0.472714871168137,0.487188518047333,-0.461919069290161,-11.684534072876,-1.08192324638367,0.483243405818939,0.204771265387535,0.2361731082201,91.0794647,-108.201103936,-4.304964336,-0.966138400285551,0.841241317179972,1.8216101140413
-13.73291015625,21.514892578125,-408.935546875,-10.1470947265625,-32.501220703125,-462.95166015625,3.40667819976807,-7.57671213150024,-6.86483240127563,0.609684765338898,-0.0940120816230774,-0.0849002450704575,-1.63088750839233,-5.87985277175903,7.37740039825439,0.0788281112909317,-0.224703073501587,-0.0662064775824547,0.433842957019806,-4.58714914321899,10.0543079376221,-0.504875719547272,-0.471882373094559,0.487965255975723,-0.432260990142822,-11.6842317581177,-1.06853425502777,0.480056434869766,0.208127498626709,0.237592101097107,91.0793303775,-108.2008928515,-4.3048979665,-0.967179484753174,0.840720024597435,1.81936871961911
-13.580322265625,21.6293334960938,-409.164428710938,-10.2615356445313,-32.4630737304688,-462.646484375,3.42827248573303,-7.60121488571167,-6.86200857162476,0.610476195812225,-0.0997921153903008,-0.0831301882863045,-1.63703548908234,-5.87992811203003,7.38104200363159,0.0806770026683807,-0.225961267948151,-0.0676370561122894,0.440497428178787,-4.58649635314941,10.0613307952881,-0.506940066814423,-0.471049875020981,0.488742023706436,-0.402602910995483,-11.6839284896851,-1.05514526367188,0.476869434118271,0.211483731865883,0.239011093974113,91.079196055,-108.200681767,-4.304831597,-0.968220569220798,0.840198732014899,1.81712732519691
-13.427734375,21.7437744140625,-409.393310546875,-10.3759765625,-32.4249267578125,-462.34130859375,3.44986701011658,-7.6257176399231,-6.85918521881104,0.611267685890198,-0.105572156608105,-0.0813601240515709,-1.64318335056305,-5.88000392913818,7.38468360900879,0.0825259014964104,-0.227219447493553,-0.0690676271915436,0.447151929140091,-4.58584356307983,10.0683536529541,-0.509004473686218,-0.470217376947403,0.489518761634827,-0.372944831848145,-11.6836261749268,-1.04175627231598,0.473682463169098,0.214839950203896,0.240430101752281,91.0790617325,-108.2004706825,-4.3047652275,-0.969261653688421,0.839677439432362,1.81488593077472
-13.3895874023438,21.7056274414063,-409.24072265625,-10.2996826171875,-32.7301025390625,-462.265014648438,3.47146153450012,-7.65022087097168,-6.85636186599731,0.61205917596817,-0.111352197825909,-0.0795900598168373,-1.64933133125305,-5.88007926940918,7.38832521438599,0.0843747928738594,-0.228477627038956,-0.0704981982707977,0.453806400299072,-4.58519077301025,10.0753774642944,-0.511068880558014,-0.469384878873825,0.49029552936554,-0.343286722898483,-11.6833238601685,-1.02836728096008,0.470495462417603,0.218196183443069,0.241849094629288,91.07892741,-108.200259598,-4.304698858,-0.970302738156044,0.839156146849826,1.81264453635253
-13.3514404296875,21.66748046875,-409.088134765625,-10.223388671875,-33.0352783203125,-462.188720703125,3.49305582046509,-7.67472362518311,-6.85353851318359,0.612850666046143,-0.117132239043713,-0.0778200030326843,-1.65547931194305,-5.88015508651733,7.39196681976318,0.086223691701889,-0.229735806584358,-0.0719287768006325,0.460460871458054,-4.58453798294067,10.0824003219604,-0.513133227825165,-0.468552380800247,0.49107226729393,-0.313628643751144,-11.6830205917358,-1.0149781703949,0.46730849146843,0.221552416682243,0.243268087506294,91.0787930875,-108.2000485135,-4.3046324885,-0.971343822623667,0.838634854267289,1.81040314193034
-13.4658813476563,21.514892578125,-409.164428710938,-10.3378295898438,-33.0352783203125,-461.502075195313,3.51465034484863,-7.69922637939453,-6.85071468353271,0.61364209651947,-0.122912272810936,-0.0760499387979507,-1.66162729263306,-5.88023042678833,7.39560842514038,0.0880725830793381,-0.230994001030922,-0.0733593478798866,0.467115342617035,-4.58388519287109,10.0894231796265,-0.51519763469696,-0.467719882726669,0.491849005222321,-0.283970564603806,-11.6827182769775,-1.001589179039,0.464121490716934,0.224908649921417,0.244687080383301,91.078658765,-108.199837429,-4.304566119,-0.97238490709129,0.838113561684753,1.80816174750815
-13.580322265625,21.3623046875,-409.24072265625,-10.4522705078125,-33.0352783203125,-460.8154296875,3.5362446308136,-7.72372913360596,-6.84789133071899,0.614433586597443,-0.12869231402874,-0.0742798820137978,-1.66777527332306,-5.88030624389648,7.39925003051758,0.0899214819073677,-0.232252180576324,-0.0747899264097214,0.473769813776016,-4.58323240280151,10.0964460372925,-0.517262041568756,-0.466887384653091,0.492625772953033,-0.254312485456467,-11.6824159622192,-0.988200187683105,0.460934519767761,0.228264883160591,0.246106073260307,91.0785244425,-108.1996263445,-4.3044997495,-0.973425991558913,0.837592269102216,1.80592035308595
-13.427734375,21.4767456054688,-409.317016601563,-10.4904174804688,-33.0352783203125,-460.433959960938,3.55783915519714,-7.74823188781738,-6.84506797790527,0.615225076675415,-0.134472355246544,-0.0725098177790642,-1.67392325401306,-5.88038158416748,7.40289163589478,0.0917703732848167,-0.233510360121727,-0.0762204974889755,0.480424284934998,-4.58257961273193,10.1034688949585,-0.519326388835907,-0.466054886579514,0.493402510881424,-0.224654406309128,-11.6821126937866,-0.974811196327209,0.457747519016266,0.231621116399765,0.247525066137314,91.07839012,-108.19941526,-4.30443338,-0.974467076026536,0.837070976519679,1.80367895866376
-13.275146484375,21.5911865234375,-409.393310546875,-10.528564453125,-33.0352783203125,-460.052490234375,3.57943367958069,-7.77273464202881,-6.84224462509155,0.616016566753387,-0.140252396464348,-0.0707397535443306,-1.68007111549377,-5.88045740127563,7.40653324127197,0.0936192721128464,-0.23476853966713,-0.0776510685682297,0.487078785896301,-4.58192682266235,10.1104917526245,-0.521390795707703,-0.465222388505936,0.494179278612137,-0.194996312260628,-11.6818103790283,-0.961422204971313,0.454560548067093,0.234977334737778,0.248944073915482,91.078241943,-108.1991235255,-4.304365176,-0.975013281203796,0.836006763010356,1.80228221895152
-13.1988525390625,21.514892578125,-409.469604492188,-10.528564453125,-32.9208374023438,-459.976196289063,3.60102796554565,-7.79723739624023,-6.83942079544067,0.616807997226715,-0.146032437682152,-0.0689696967601776,-1.68621909618378,-5.88053274154663,7.41017484664917,0.0954681634902954,-0.236026734113693,-0.0790816470980644,0.493733257055283,-4.58127403259277,10.1175146102905,-0.523455202579498,-0.464389890432358,0.494956016540527,-0.165338233113289,-11.68150806427,-0.948033213615417,0.451373547315598,0.238333567976952,0.250363051891327,91.078093766,-108.198831791,-4.304296972,-0.975559486381056,0.834942549501032,1.80088547923929
-13.12255859375,21.4385986328125,-409.5458984375,-10.528564453125,-32.806396484375,-459.89990234375,3.6226224899292,-7.82174062728882,-6.83659744262695,0.617599487304688,-0.151812463998795,-0.067199632525444,-1.69236707687378,-5.88060855865479,7.41381645202637,0.097317062318325,-0.237284913659096,-0.0805122181773186,0.500387728214264,-4.58062124252319,10.1245384216309,-0.525519549846649,-0.46355739235878,0.495732754468918,-0.13568015396595,-11.6812047958374,-0.934644222259521,0.448186576366425,0.241689801216125,0.251782059669495,91.077945589,-108.1985400565,-4.304228768,-0.976105691558315,0.833878335991708,1.79948873952705
-13.0462646484375,21.2860107421875,-409.088134765625,-10.8718872070313,-32.806396484375,-459.28955078125,3.64421701431274,-7.84624338150024,-6.83377408981323,0.61839097738266,-0.157592505216599,-0.0654295682907104,-1.69851505756378,-5.88068389892578,7.41745805740356,0.0991659536957741,-0.238543093204498,-0.0819427892565727,0.507042229175568,-4.57996845245361,10.1315612792969,-0.527583956718445,-0.462724894285202,0.496509522199631,-0.106022067368031,-11.6809024810791,-0.921255171298981,0.444999575614929,0.245046034455299,0.253201067447662,91.077797412,-108.198248322,-4.304160564,-0.976651896735575,0.832814122482384,1.79809199981481
-12.969970703125,21.1334228515625,-408.63037109375,-11.2152099609375,-32.806396484375,-458.67919921875,3.66581130027771,-7.87074613571167,-6.83095073699951,0.619182467460632,-0.163372546434402,-0.0636595115065575,-1.70466303825378,-5.88075971603394,7.42109966278076,0.101014852523804,-0.239801272749901,-0.0833733677864075,0.513696670532227,-4.57931566238403,10.1385841369629,-0.52964836359024,-0.461892396211624,0.497286260128021,-0.0763639807701111,-11.6806001663208,-0.907866179943085,0.441812604665756,0.248402267694473,0.254620045423508,91.077649235,-108.1979565875,-4.30409236,-0.977198101912835,0.831749908973061,1.79669526010257
-12.8555297851563,21.2478637695313,-408.782958984375,-11.2533569335938,-32.958984375,-458.526611328125,3.68725633621216,-7.89219331741333,-6.82447385787964,0.619954466819763,-0.168295308947563,-0.0622121691703796,-1.70578372478485,-5.87799072265625,7.42502450942993,0.102784879505634,-0.241200804710388,-0.0848948210477829,0.526224672794342,-4.57268953323364,10.1417951583862,-0.531967043876648,-0.460936963558197,0.497271001338959,-0.0501566454768181,-11.6768655776978,-0.899088621139526,0.440165013074875,0.253175258636475,0.255825638771057,91.077501058,-108.197664853,-4.304024156,-0.977744307090095,0.830685695463737,1.79529852039033
-12.7410888671875,21.3623046875,-408.935546875,-11.29150390625,-33.111572265625,-458.3740234375,3.70855188369751,-7.91058492660522,-6.81434345245361,0.620707035064697,-0.172360777854919,-0.0610875450074673,-1.70187723636627,-5.87237691879272,7.42923355102539,0.104476042091846,-0.242741674184799,-0.086507149040699,0.544626176357269,-4.56009101867676,10.1411943435669,-0.534540057182312,-0.459858566522598,0.496463745832443,-0.0274000503122807,-11.6697006225586,-0.89492255449295,0.44005686044693,0.259365051984787,0.256817847490311,91.077352881,-108.1973731185,-4.303955952,-0.978290512267355,0.829621481954413,1.79390178067809
-12.664794921875,21.209716796875,-409.011840820313,-11.4059448242188,-33.1878662109375,-458.06884765625,3.72984719276428,-7.92897653579712,-6.80421352386475,0.621459603309631,-0.176426246762276,-0.0599629208445549,-1.69797074794769,-5.8667631149292,7.43344259262085,0.106167204678059,-0.24428254365921,-0.0881194844841957,0.563027739524841,-4.54749202728271,10.1405935287476,-0.537113070487976,-0.458780169487,0.495656490325928,-0.00464345561340451,-11.6625356674194,-0.890756487846375,0.439948707818985,0.265554845333099,0.257810026407242,91.077204704,-108.197081384,-4.303887748,-0.978836717444615,0.82855726844509,1.79250504096586
-12.5885009765625,21.05712890625,-409.088134765625,-11.5203857421875,-33.26416015625,-457.763671875,3.75114274024963,-7.94736814498901,-6.79408359527588,0.622212171554565,-0.180491715669632,-0.0588383004069328,-1.69406425952911,-5.86114931106567,7.43765163421631,0.107858367264271,-0.24582339823246,-0.0897318124771118,0.581429243087769,-4.53489303588867,10.1399927139282,-0.53968608379364,-0.457701772451401,0.494849234819412,0.0181131381541491,-11.6553707122803,-0.886590421199799,0.43984055519104,0.271744638681412,0.258802235126495,91.077056527,-108.1967896495,-4.303819544,-0.979382922621875,0.827493054935766,1.79110830125362
-12.4740600585938,20.9808349609375,-408.554077148438,-11.6348266601563,-33.111572265625,-457.916259765625,3.77243828773499,-7.96575975418091,-6.78395318984985,0.6229647397995,-0.184557199478149,-0.0577136762440205,-1.69015777111053,-5.85553598403931,7.44186067581177,0.109549529850483,-0.247364267706871,-0.0913441479206085,0.599830746650696,-4.52229452133179,10.1393918991089,-0.542259097099304,-0.456623405218124,0.494041979312897,0.0408697314560413,-11.6482057571411,-0.882424354553223,0.439732402563095,0.277934432029724,0.259794414043427,91.07690835,-108.196497915,-4.30375134,-0.979929127799134,0.826428841426442,1.78971156154138
-12.359619140625,20.904541015625,-408.02001953125,-11.749267578125,-32.958984375,-458.06884765625,3.79373383522034,-7.9841513633728,-6.77382326126099,0.623717308044434,-0.188622668385506,-0.0565890520811081,-1.68625128269196,-5.84992218017578,7.44606971740723,0.111240692436695,-0.248905137181282,-0.0929564833641052,0.618232250213623,-4.50969552993774,10.1387910842896,-0.544832110404968,-0.455545008182526,0.493234723806381,0.0636263266205788,-11.641040802002,-0.878258287906647,0.43962424993515,0.284124225378036,0.260786592960358,91.076760173,-108.1962061805,-4.303683136,-0.980475332976394,0.825364627917119,1.78831482182914
-12.4359130859375,20.9426879882813,-408.02001953125,-11.8255615234375,-33.111572265625,-457.305908203125,3.81502938270569,-8.00254344940186,-6.76369333267212,0.624469876289368,-0.192688137292862,-0.055464431643486,-1.68234479427338,-5.84430837631226,7.45027875900269,0.112931855022907,-0.250446021556854,-0.0945688113570213,0.63663375377655,-4.4970965385437,10.1381902694702,-0.547405123710632,-0.454466611146927,0.492427468299866,0.0863829180598259,-11.6338758468628,-0.874092221260071,0.439516097307205,0.290314018726349,0.261778801679611,91.076611996,-108.195914446,-4.303614932,-0.981021538153654,0.824300414407795,1.7869180821169
-12.51220703125,20.9808349609375,-408.02001953125,-11.90185546875,-33.26416015625,-456.54296875,3.83632469177246,-8.02093505859375,-6.75356292724609,0.625222444534302,-0.196753606200218,-0.0543398074805737,-1.67843818664551,-5.83869457244873,7.45448780059814,0.114623010158539,-0.251986861228943,-0.096181146800518,0.655035316944122,-4.48449802398682,10.1375894546509,-0.549978196620941,-0.453388214111328,0.49162021279335,0.109139516949654,-11.6267108917236,-0.869926154613495,0.43940794467926,0.296503812074661,0.262770980596542,91.076463819,-108.1956227115,-4.303546728,-0.981567743330914,0.823236200898471,1.78552134240466
-12.4740600585938,20.7901000976563,-407.943725585938,-11.7111206054688,-33.26416015625,-456.23779296875,3.85762023925781,-8.03932666778564,-6.74343299865723,0.625975012779236,-0.200819090008736,-0.0532151833176613,-1.67453169822693,-5.83308124542236,7.4586968421936,0.116314172744751,-0.253527730703354,-0.0977934747934341,0.67343682050705,-4.47189903259277,10.1369886398315,-0.552551209926605,-0.452309846878052,0.490812957286835,0.131896108388901,-11.6195459365845,-0.865760087966919,0.439299792051315,0.302693605422974,0.263763189315796,91.076315642,-108.195330977,-4.303478524,-0.982113948508174,0.822171987389147,1.78412460269243
-12.4359130859375,20.599365234375,-407.867431640625,-11.5203857421875,-33.26416015625,-455.9326171875,3.87891578674316,-8.05771827697754,-6.7333025932312,0.62672758102417,-0.204884558916092,-0.0520905628800392,-1.67062520980835,-5.82746744155884,7.46290588378906,0.118005335330963,-0.255068600177765,-0.0994058102369308,0.691838324069977,-4.45930051803589,10.1363878250122,-0.555124223232269,-0.451231449842453,0.490005701780319,0.154652699828148,-11.6123809814453,-0.861593961715698,0.43919163942337,0.308883368968964,0.264755368232727,91.076167465,-108.1950392425,-4.30341032,-0.982660153685433,0.821107773879824,1.78272786298019
-12.359619140625,20.599365234375,-407.562255859375,-11.6348266601563,-33.26416015625,-455.322265625,3.90021133422852,-8.07610988616943,-6.72317266464233,0.627480149269104,-0.208950027823448,-0.0509659387171268,-1.66671872138977,-5.82185363769531,7.46711492538452,0.119696497917175,-0.256609469652176,-0.101018138229847,0.710239827632904,-4.44670152664185,10.1357870101929,-0.557697236537933,-0.450153052806854,0.489198446273804,0.177409291267395,-11.6052160263062,-0.857427895069122,0.439083486795425,0.315073162317276,0.265747576951981,91.076019288,-108.194747508,-4.303342116,-0.983206358862693,0.8200435603705,1.78133112326795
-12.2833251953125,20.599365234375,-407.257080078125,-11.749267578125,-33.26416015625,-454.7119140625,3.92150664329529,-8.09450149536133,-6.71304273605347,0.628232717514038,-0.213015496730804,-0.0498413145542145,-1.66281223297119,-5.81623983383179,7.47132396697998,0.121387660503387,-0.258150339126587,-0.102630473673344,0.728641390800476,-4.4341025352478,10.1351861953735,-0.560270249843597,-0.449074655771255,0.488391190767288,0.200165897607803,-11.598051071167,-0.853261828422546,0.43897533416748,0.321262955665588,0.266739755868912,91.075871111,-108.1944557735,-4.303273912,-0.983752564039953,0.818979346861176,1.77993438355571
-12.0925903320313,20.599365234375,-407.180786132813,-11.6729736328125,-33.3023071289063,-454.40673828125,3.94280219078064,-8.11289310455322,-6.70291233062744,0.628985285758972,-0.217080980539322,-0.0487166941165924,-1.65890574455261,-5.81062650680542,7.47553300857544,0.1230788230896,-0.259691208600998,-0.10424280166626,0.747042894363403,-4.42150402069092,10.1345853805542,-0.562843263149261,-0.447996288537979,0.487583935260773,0.22292248904705,-11.5908861160278,-0.84909576177597,0.438867181539536,0.327452749013901,0.267731964588165,91.075722934,-108.194164039,-4.303205708,-0.984298769217213,0.817915133351852,1.77853764384347
-11.90185546875,20.599365234375,-407.1044921875,-11.5966796875,-33.3404541015625,-454.1015625,3.96409773826599,-8.13128471374512,-6.69278240203857,0.629737854003906,-0.221146449446678,-0.04759206995368,-1.65499925613403,-5.80501270294189,7.4797420501709,0.124769985675812,-0.261232078075409,-0.105855137109756,0.765444397926331,-4.40890502929688,10.1339845657349,-0.565416276454926,-0.44691789150238,0.486776679754257,0.245679080486298,-11.5837211608887,-0.844929695129395,0.438759028911591,0.333642542362213,0.268724143505096,91.075574757,-108.1938723045,-4.303137504,-0.984844974394473,0.816850919842529,1.77714090413123
-11.7111206054688,20.4086303710938,-406.875610351563,-11.6348266601563,-33.416748046875,-453.4912109375,3.99070477485657,-8.14392185211182,-6.68291711807251,0.630282282829285,-0.222255319356918,-0.0468899495899677,-1.63670635223389,-5.79799938201904,7.48737049102783,0.125328108668327,-0.262320995330811,-0.107126943767071,0.788211166858673,-4.39557313919067,10.1321306228638,-0.567304015159607,-0.446685612201691,0.485899031162262,0.282000035047531,-11.5516519546509,-0.84778618812561,0.438119947910309,0.340361058712006,0.269042611122131,91.07542658,-108.19358057,-4.3030693,-0.985391179571733,0.815786706333205,1.775744164419
-11.5203857421875,20.2178955078125,-406.646728515625,-11.6729736328125,-33.4930419921875,-452.880859375,4.01731157302856,-8.1565580368042,-6.67305183410645,0.630826771259308,-0.223364189267159,-0.0461878255009651,-1.61841332912445,-5.79098558425903,7.49499893188477,0.125886216759682,-0.263409912586212,-0.108398757874966,0.810977876186371,-4.38224124908447,10.1302766799927,-0.569191753864288,-0.446453332901001,0.485021382570267,0.318321019411087,-11.5195827484131,-0.850642740726471,0.437480896711349,0.34707960486412,0.269361078739166,91.0752762415,-108.1931762935,-4.303005455,-0.985109922152925,0.81449519949013,1.77512554357793
-11.749267578125,20.1416015625,-405.960083007813,-11.9400024414063,-33.5693359375,-452.728271484375,4.04391860961914,-8.1691951751709,-6.66318655014038,0.631371200084686,-0.224473059177399,-0.0454857051372528,-1.6001204252243,-5.78397226333618,7.50262689590454,0.126444339752197,-0.264498829841614,-0.10967056453228,0.833744645118713,-4.36890983581543,10.1284227371216,-0.57107949256897,-0.446221053600311,0.484143733978271,0.354641973972321,-11.487512588501,-0.853499233722687,0.436841815710068,0.353798121213913,0.269679576158524,91.075125903,-108.192772017,-4.30294161,-0.984828664734118,0.813203692647054,1.77450692273687
-11.9781494140625,20.0653076171875,-405.2734375,-12.20703125,-33.6456298828125,-452.57568359375,4.07052564620972,-8.18183135986328,-6.65332126617432,0.631915688514709,-0.225581929087639,-0.0447835847735405,-1.58182752132416,-5.77695894241333,7.51025533676147,0.127002447843552,-0.265587747097015,-0.110942371189594,0.856511354446411,-4.35557794570923,10.1265687942505,-0.572967231273651,-0.445988774299622,0.483266085386276,0.390962958335876,-11.4554433822632,-0.856355726718903,0.436202734708786,0.360516667366028,0.269998043775558,91.0749755645,-108.1923677405,-4.302877765,-0.98454740731531,0.811912185803979,1.77388830189581
-11.7874145507813,19.989013671875,-405.57861328125,-12.3214721679688,-33.5311889648438,-452.346801757813,4.09713268280029,-8.19446849822998,-6.64345598220825,0.632460117340088,-0.226690798997879,-0.0440814606845379,-1.56353461742401,-5.76994514465332,7.51788377761841,0.127560570836067,-0.266676664352417,-0.112214185297489,0.879278123378754,-4.34224605560303,10.1247148513794,-0.574854969978333,-0.445756494998932,0.482388406991959,0.42728391289711,-11.4233741760254,-0.859212279319763,0.435563653707504,0.36723518371582,0.270316511392593,91.074825226,-108.191963464,-4.30281392,-0.984266149896503,0.810620678960904,1.77326968105475
-11.5966796875,19.9127197265625,-405.8837890625,-12.4359130859375,-33.416748046875,-452.117919921875,4.12373971939087,-8.20710468292236,-6.63359069824219,0.633004605770111,-0.227799668908119,-0.0433793403208256,-1.54524159431458,-5.76293182373047,7.52551221847534,0.128118678927422,-0.267765581607819,-0.113485991954803,0.902044832706451,-4.32891416549683,10.1228609085083,-0.576742708683014,-0.445524215698242,0.481510758399963,0.463604897260666,-11.3913049697876,-0.862068772315979,0.434924602508545,0.373953729867935,0.270634979009628,91.0746748875,-108.1915591875,-4.302750075,-0.983984892477695,0.809329172117829,1.77265106021369
-11.4822387695313,19.9508666992188,-405.57861328125,-12.3977661132813,-33.3404541015625,-451.35498046875,4.15034627914429,-8.21974182128906,-6.62372541427612,0.63354903459549,-0.228908538818359,-0.042677216231823,-1.52694869041443,-5.75591802597046,7.53314018249512,0.128676801919937,-0.26885449886322,-0.114757798612118,0.924811601638794,-4.31558227539063,10.1210079193115,-0.578630447387695,-0.44529190659523,0.480633109807968,0.499925851821899,-11.3592357635498,-0.86492532491684,0.434285521507263,0.380672246217728,0.270953476428986,91.074524549,-108.191154911,-4.30268623,-0.983703635058888,0.808037665274754,1.77203243937262
-11.3677978515625,19.989013671875,-405.2734375,-12.359619140625,-33.26416015625,-450.592041015625,4.17695331573486,-8.23237800598145,-6.61386013031006,0.634093523025513,-0.2300174087286,-0.0419750958681107,-1.50865578651428,-5.74890470504761,7.54076862335205,0.129234910011292,-0.269943416118622,-0.116029612720013,0.947578310966492,-4.30225038528442,10.1191539764404,-0.580518186092377,-0.44505962729454,0.479755461215973,0.536246836185455,-11.327166557312,-0.867781817913055,0.433646440505981,0.387390792369843,0.271271944046021,91.0743742105,-108.1907506345,-4.302622385,-0.98342237764008,0.806746158431678,1.77141381853156
-11.2152099609375,19.9127197265625,-404.815673828125,-12.359619140625,-32.9971313476563,-450.286865234375,4.20356035232544,-8.24501514434814,-6.60399484634399,0.634637951850891,-0.23112627863884,-0.0412729755043983,-1.49036276340485,-5.74189138412476,7.54839706420898,0.129793033003807,-0.271032333374023,-0.117301419377327,0.970345079898834,-4.28891897201538,10.1173000335693,-0.582405924797058,-0.444827347993851,0.478877812623978,0.572567820549011,-11.2950963973999,-0.870638310909271,0.433007389307022,0.394109308719635,0.271590411663055,91.074223872,-108.190346358,-4.30255854,-0.983141120221272,0.805454651588603,1.7707951976905
-11.0626220703125,19.83642578125,-404.35791015625,-12.359619140625,-32.7301025390625,-449.981689453125,4.23016738891602,-8.25765132904053,-6.59412956237793,0.63518238067627,-0.23223514854908,-0.0405708514153957,-1.4720698595047,-5.73487758636475,7.55602550506592,0.130351141095161,-0.272121250629425,-0.118573226034641,0.993111789226532,-4.27558708190918,10.1154460906982,-0.58429366350174,-0.444595068693161,0.478000164031982,0.608888745307922,-11.2630271911621,-0.873494863510132,0.43236830830574,0.400827825069427,0.27190887928009,91.0740735335,-108.1899420815,-4.302494695,-0.982859862802465,0.804163144745528,1.77017657684944
-11.1770629882813,19.83642578125,-404.35791015625,-12.3977661132813,-32.7682495117188,-450.057983398438,4.25677442550659,-8.27028846740723,-6.58426427841187,0.635726869106293,-0.23334401845932,-0.0398687310516834,-1.45377695560455,-5.72786426544189,7.56365394592285,0.130909264087677,-0.273210167884827,-0.119845040142536,1.01587855815887,-4.26225519180298,10.1135921478271,-0.586181402206421,-0.444362789392471,0.477122515439987,0.645209729671478,-11.2309579849243,-0.876351356506348,0.431729227304459,0.407546371221542,0.272227346897125,91.073923195,-108.189537805,-4.30243085,-0.982578605383657,0.802871637902453,1.76955795600838
-11.29150390625,19.83642578125,-404.35791015625,-12.4359130859375,-32.806396484375,-450.13427734375,4.28338146209717,-8.28292465209961,-6.5743989944458,0.636271297931671,-0.23445288836956,-0.0391666106879711,-1.43548393249512,-5.72085094451904,7.57128190994263,0.131467372179031,-0.274299085140228,-0.12111684679985,1.03864526748657,-4.24892330169678,10.1117382049561,-0.588069140911102,-0.444130510091782,0.476244866847992,0.681530714035034,-11.1988887786865,-0.879207849502563,0.431090176105499,0.414264887571335,0.272545844316483,91.0737728565,-108.1891335285,-4.302367005,-0.98229734796485,0.801580131059377,1.76893933516731
-10.9100341796875,19.683837890625,-404.205322265625,-12.5503540039063,-32.7682495117188,-449.52392578125,4.30998849868774,-8.29556179046631,-6.56453371047974,0.636815786361694,-0.2355617582798,-0.0384644865989685,-1.41719102859497,-5.71383714675903,7.57891035079956,0.132025495171547,-0.27538800239563,-0.122388653457165,1.06141197681427,-4.23559141159058,10.109884262085,-0.589956879615784,-0.443898230791092,0.475367218255997,0.71785169839859,-11.1668195724487,-0.882064402103424,0.430451095104218,0.42098343372345,0.272864311933517,91.073622518,-108.188729252,-4.30230316,-0.982016090546042,0.800288624216302,1.76832071432625
-10.528564453125,19.53125,-404.052734375,-12.664794921875,-32.7301025390625,-448.91357421875,4.34104490280151,-8.30302906036377,-6.55691051483154,0.637507379055023,-0.236130386590958,-0.0376761853694916,-1.39718639850616,-5.70897817611694,7.58259201049805,0.132178947329521,-0.276009202003479,-0.123250015079975,1.07874000072479,-4.22651863098145,10.1060132980347,-0.591880857944489,-0.444361209869385,0.474107503890991,0.755075395107269,-11.1282997131348,-0.882974803447723,0.427750915288925,0.426748037338257,0.272553712129593,91.0734721795,-108.1883249755,-4.302239315,-0.981734833127235,0.798997117373227,1.76770209348519
-10.4904174804688,19.4931030273438,-403.74755859375,-12.664794921875,-32.4630737304688,-448.684692382813,4.37655162811279,-8.30532741546631,-6.5515284538269,0.638346135616302,-0.236158773303032,-0.03680170327425,-1.3754700422287,-5.70627307891846,7.58232736587524,0.131927743554115,-0.276162654161453,-0.12370091676712,1.09062910079956,-4.22170400619507,10.1001253128052,-0.593841075897217,-0.445519477128983,0.472465753555298,0.793201923370361,-11.0833301544189,-0.881939113140106,0.4229896068573,0.431558758020401,0.271614074707031,91.073321841,-108.187920699,-4.30217547,-0.981453575708427,0.797705610530151,1.76708347264413
-10.4522705078125,19.4549560546875,-403.4423828125,-12.664794921875,-32.196044921875,-448.455810546875,4.41205787658691,-8.30762577056885,-6.54614686965942,0.639184892177582,-0.236187145113945,-0.0359272249042988,-1.35375380516052,-5.70356798171997,7.58206224441528,0.131676539778709,-0.276316106319427,-0.124151825904846,1.10251820087433,-4.21688985824585,10.09423828125,-0.595801293849945,-0.44667774438858,0.470824003219604,0.831328451633453,-11.0383605957031,-0.880903422832489,0.418228328227997,0.436369448900223,0.27067443728447,91.0731715025,-108.1875164225,-4.302111625,-0.981172318289619,0.796414103687076,1.76646485180307
-10.528564453125,19.6075439453125,-403.13720703125,-12.664794921875,-32.2723388671875,-447.845458984375,4.44756460189819,-8.30992412567139,-6.54076480865479,0.640023589134216,-0.236215531826019,-0.0350527428090572,-1.33203744888306,-5.70086288452148,7.58179759979248,0.131425336003304,-0.276469558477402,-0.124602735042572,1.1144073009491,-4.21207571029663,10.0883502960205,-0.597761511802673,-0.447836011648178,0.469182223081589,0.869454979896545,-10.9933910369873,-0.879867792129517,0.413467019796371,0.441180139780045,0.269734799861908,91.073021164,-108.187112146,-4.30204778,-0.980891060870812,0.795122596844001,1.765846230962
-10.6048583984375,19.7601318359375,-402.83203125,-12.664794921875,-32.3486328125,-447.235107421875,4.48307132720947,-8.31222248077393,-6.5353832244873,0.640862345695496,-0.236243918538094,-0.0341782607138157,-1.31032109260559,-5.698157787323,7.58153295516968,0.131174132227898,-0.276623010635376,-0.125053644180298,1.12629652023315,-4.20726108551025,10.082462310791,-0.599721729755402,-0.448994278907776,0.467540472745895,0.907581508159637,-10.9484214782715,-0.878832101821899,0.408705711364746,0.445990860462189,0.268795132637024,91.0728708255,-108.1867078695,-4.301983935,-0.980609803452004,0.793831090000926,1.76522761012094
-10.4141235351563,19.7601318359375,-402.450561523438,-12.8555297851563,-32.1578979492188,-446.548461914063,4.51857757568359,-8.31452083587646,-6.53000164031982,0.641701102256775,-0.236272290349007,-0.0333037786185741,-1.28860485553741,-5.69545269012451,7.58126783370972,0.130922928452492,-0.276776492595673,-0.125504538416862,1.13818562030792,-4.20244693756104,10.0765743255615,-0.601682007312775,-0.450152546167374,0.465898722410202,0.945708036422729,-10.9034519195557,-0.877796411514282,0.403944432735443,0.45080155134201,0.267855495214462,91.072720487,-108.186303593,-4.30192009,-0.980328546033197,0.792539583157851,1.76460898927988
-10.223388671875,19.7601318359375,-402.069091796875,-13.0462646484375,-31.9671630859375,-445.86181640625,4.55408430099487,-8.316819190979,-6.52461957931519,0.642539858818054,-0.236300677061081,-0.0324292965233326,-1.26688849925995,-5.69274759292603,7.58100318908691,0.130671724677086,-0.276929944753647,-0.125955447554588,1.15007472038269,-4.19763278961182,10.070686340332,-0.603642225265503,-0.451310813426971,0.464256972074509,0.983834564685822,-10.8584823608398,-0.876760721206665,0.399183124303818,0.455612242221832,0.266915857791901,91.0725701485,-108.1858993165,-4.301856245,-0.980047288614389,0.791248076314775,1.76399036843882
-10.1470947265625,19.6075439453125,-401.763916015625,-13.0462646484375,-31.9671630859375,-445.938110351563,4.58959054946899,-8.31911659240723,-6.51923799514771,0.643378615379333,-0.236329048871994,-0.0315548181533813,-1.24517214298248,-5.69004249572754,7.58073806762695,0.130420535802841,-0.277083396911621,-0.126406356692314,1.16196382045746,-4.19281816482544,10.0647993087769,-0.605602443218231,-0.452469080686569,0.462615221738815,1.02196109294891,-10.8135118484497,-0.875725030899048,0.394421845674515,0.460422962903976,0.265976220369339,91.07241981,-108.18549504,-4.3017924,-0.979766031195582,0.7899565694717,1.76337174759776
-10.07080078125,19.4549560546875,-401.458740234375,-13.0462646484375,-31.9671630859375,-446.014404296875,4.62509727478027,-8.32141494750977,-6.51385593414307,0.644217371940613,-0.236357435584068,-0.0306803360581398,-1.22345590591431,-5.68733739852905,7.58047342300415,0.130169332027435,-0.277236849069595,-0.12685726583004,1.17385303974152,-4.18800401687622,10.0589113235474,-0.607562661170959,-0.453627347946167,0.460973471403122,1.06008768081665,-10.7685422897339,-0.874689340591431,0.389660537242889,0.465233653783798,0.265036553144455,91.072252021,-108.1849620225,-4.3017382315,-0.979049083024932,0.788259954352118,1.76347102642395
-9.9945068359375,19.4168090820313,-401.153564453125,-13.3132934570313,-31.8527221679688,-445.175170898438,4.66060400009155,-8.3237133026123,-6.50847434997559,0.645056128501892,-0.236385822296143,-0.0298058539628983,-1.20173954963684,-5.68463230133057,7.58020877838135,0.129918128252029,-0.27739030122757,-0.127308174967766,1.18574213981628,-4.18318939208984,10.0530233383179,-0.609522879123688,-0.454785615205765,0.459331721067429,1.0982141494751,-10.7235727310181,-0.873653650283813,0.384899228811264,0.470044374465942,0.264096915721893,91.072084232,-108.184429005,-4.301684063,-0.978332134854282,0.786563339232536,1.76357030525014
-9.918212890625,19.378662109375,-400.848388671875,-13.580322265625,-31.73828125,-444.3359375,4.69611024856567,-8.32601165771484,-6.50309228897095,0.645894825458527,-0.236414194107056,-0.0289313737303019,-1.18002319335938,-5.68192720413208,7.57994365692139,0.129666924476624,-0.277543753385544,-0.127759084105492,1.19763123989105,-4.17837524414063,10.0471353530884,-0.611483097076416,-0.455943882465363,0.457689940929413,1.13634073734283,-10.6786031723022,-0.872618019580841,0.380137950181961,0.474855065345764,0.263157278299332,91.071916443,-108.1838959875,-4.3016298945,-0.977615186683632,0.784866724112954,1.76366958407633
-9.95635986328125,19.3405151367188,-400.543212890625,-13.5421752929688,-31.7001342773438,-444.107055664063,4.73161697387695,-8.32831001281738,-6.49771070480347,0.646733582019806,-0.23644258081913,-0.0280568916350603,-1.15830683708191,-5.67922210693359,7.57967901229858,0.129415720701218,-0.27769723534584,-0.128209978342056,1.20952033996582,-4.17356109619141,10.0412483215332,-0.613443374633789,-0.45710214972496,0.456048190593719,1.17446720600128,-10.6336336135864,-0.871582329273224,0.375376641750336,0.479665756225586,0.26221764087677,91.071748654,-108.18336297,-4.301575726,-0.976898238512983,0.783170108993372,1.76376886290253
-9.9945068359375,19.3023681640625,-400.238037109375,-13.5040283203125,-31.6619873046875,-443.878173828125,4.76712322235107,-8.33060836791992,-6.49232864379883,0.647572338581085,-0.236470952630043,-0.0271824114024639,-1.13659060001373,-5.67651700973511,7.57941389083862,0.129164516925812,-0.277850687503815,-0.128660887479782,1.22140955924988,-4.16874647140503,10.0353603363037,-0.615403592586517,-0.458260416984558,0.454406440258026,1.21259379386902,-10.5886640548706,-0.870546638965607,0.370615363121033,0.48447647690773,0.261277973651886,91.071580865,-108.1828299525,-4.3015215575,-0.976181290342333,0.78147349387379,1.76386814172872
-9.88006591796875,19.2642211914063,-400.08544921875,-13.5421752929688,-31.6238403320313,-443.801879882813,4.80262994766235,-8.33290672302246,-6.48694705963135,0.648411095142365,-0.236499339342117,-0.0263079293072224,-1.11487424373627,-5.67381191253662,7.57914924621582,0.128913313150406,-0.278004139661789,-0.129111796617508,1.23329865932465,-4.16393232345581,10.0294723510742,-0.617363810539246,-0.459418684244156,0.452764689922333,1.25072026252747,-10.5436944961548,-0.86951094865799,0.365854054689407,0.489287167787552,0.260338336229324,91.071413076,-108.182296935,-4.301467389,-0.975464342171683,0.779776878754208,1.76396742055491
-9.765625,19.22607421875,-399.932861328125,-13.580322265625,-31.585693359375,-443.7255859375,4.8174614906311,-8.33282661437988,-6.48022222518921,0.64929610490799,-0.235323205590248,-0.0252400301396847,-1.09872364997864,-5.67239332199097,7.58070039749146,0.128153383731842,-0.277315706014633,-0.128494828939438,1.23221123218536,-4.16501522064209,10.0210065841675,-0.618986666202545,-0.461648017168045,0.451177537441254,1.27644312381744,-10.5089435577393,-0.836033284664154,0.358557462692261,0.492690593004227,0.258528381586075,91.071245287,-108.1817639175,-4.3014132205,-0.974747394001033,0.778080263634626,1.76406669938111
-9.72747802734375,19.3023681640625,-399.322509765625,-13.3895874023438,-31.43310546875,-443.191528320313,4.83229303359985,-8.33274555206299,-6.47349691390991,0.650181114673615,-0.234147071838379,-0.0241721328347921,-1.08257293701172,-5.67097425460815,7.58225154876709,0.127393469214439,-0.276627242565155,-0.127877876162529,1.23112380504608,-4.16609811782837,10.0125417709351,-0.62060958147049,-0.463877350091934,0.449590384960175,1.30216598510742,-10.4741926193237,-0.802555561065674,0.351260870695114,0.496094048023224,0.256718426942825,91.071077498,-108.1812309,-4.301359052,-0.974030445830384,0.776383648515044,1.7641659782073
-9.6893310546875,19.378662109375,-398.712158203125,-13.1988525390625,-31.280517578125,-442.657470703125,4.84712505340576,-8.33266544342041,-6.46677207946777,0.65106612443924,-0.23297093808651,-0.0231042336672544,-1.06642234325409,-5.6695556640625,7.58380270004272,0.126633539795876,-0.275938808917999,-0.127260908484459,1.23003625869751,-4.16718101501465,10.0040760040283,-0.622232437133789,-0.466106683015823,0.448003262281418,1.3278888463974,-10.4394416809082,-0.769077897071838,0.34396430850029,0.499497473239899,0.254908472299576,91.070909709,-108.1806978825,-4.3013048835,-0.973313497659734,0.774687033395462,1.76426525703349
-9.613037109375,19.3405151367188,-398.5595703125,-13.275146484375,-31.1660766601563,-442.123413085938,4.86195659637451,-8.33258533477783,-6.46004724502563,0.651951193809509,-0.231794804334641,-0.0220363344997168,-1.05027174949646,-5.66813659667969,7.58535385131836,0.125873610377312,-0.275250375270844,-0.126643940806389,1.22894883155823,-4.16826391220093,9.9956111907959,-0.623855352401733,-0.46833598613739,0.446416109800339,1.35361170768738,-10.4046907424927,-0.735600233078003,0.336667716503143,0.502900898456573,0.253098517656326,91.07074192,-108.180164865,-4.301250715,-0.972596549489084,0.772990418275879,1.76436453585969
-9.5367431640625,19.3023681640625,-398.406982421875,-13.3514404296875,-31.0516357421875,-441.58935546875,4.87678813934326,-8.33250522613525,-6.4533224105835,0.652836203575134,-0.230618670582771,-0.0209684353321791,-1.03412103652954,-5.66671800613403,7.58690452575684,0.125113695859909,-0.274561941623688,-0.126026973128319,1.22786140441895,-4.16934680938721,9.98714542388916,-0.625478208065033,-0.470565319061279,0.44482895731926,1.37933456897736,-10.3699388504028,-0.702122569084167,0.329371124505997,0.506304323673248,0.251288563013077,91.070574131,-108.1796318475,-4.3011965465,-0.971879601318434,0.771293803156298,1.76446381468588
-9.46044921875,19.3023681640625,-398.178100585938,-13.5040283203125,-30.82275390625,-441.741943359375,4.89161968231201,-8.33242416381836,-6.4465970993042,0.653721213340759,-0.229442536830902,-0.0199005380272865,-1.01797044277191,-5.66529941558838,7.58845567703247,0.124353766441345,-0.27387347817421,-0.12541002035141,1.22677397727966,-4.17042970657349,9.97867965698242,-0.627101123332977,-0.472794651985168,0.443241804838181,1.40505743026733,-10.3351879119873,-0.668644845485687,0.32207453250885,0.509707808494568,0.249478608369827,91.070406342,-108.17909883,-4.301142378,-0.971162653147785,0.769597188036715,1.76456309351207
-9.3841552734375,19.3023681640625,-397.94921875,-13.6566162109375,-30.5938720703125,-441.89453125,4.90645170211792,-8.33234405517578,-6.43987226486206,0.654606223106384,-0.228266403079033,-0.0188326388597488,-1.00181984901428,-5.66388034820557,7.59000682830811,0.123593844473362,-0.273185044527054,-0.12479305267334,1.22568643093109,-4.17151260375977,9.97021484375,-0.628723978996277,-0.475023984909058,0.441654682159424,1.43078029155731,-10.3004369735718,-0.635167181491852,0.314777940511703,0.513111233711243,0.247668668627739,91.070238553,-108.1785658125,-4.3010882095,-0.970445704977135,0.767900572917133,1.76466237233826
-9.307861328125,19.073486328125,-397.262573242188,-13.6566162109375,-30.5557250976563,-440.97900390625,4.92128324508667,-8.3322639465332,-6.43314743041992,0.655491232872009,-0.227090269327164,-0.0177647396922112,-0.985669195652008,-5.66246175765991,7.59155797958374,0.122833922505379,-0.272496610879898,-0.12417609244585,1.22459900379181,-4.17259550094604,9.96174907684326,-0.630346894264221,-0.477253317832947,0.440067529678345,1.45650315284729,-10.2656860351563,-0.601689517498016,0.307481348514557,0.516514658927917,0.245858713984489,91.070070764,-108.178032795,-4.301034041,-0.969728756806485,0.766203957797551,1.76476165116446
-9.2315673828125,18.8446044921875,-396.575927734375,-13.6566162109375,-30.517578125,-440.0634765625,4.93611478805542,-8.33218288421631,-6.42642259597778,0.656376242637634,-0.225914135575294,-0.0166968423873186,-0.969518542289734,-5.6610426902771,7.59310913085938,0.122074000537395,-0.27180814743042,-0.12355912476778,1.22351157665253,-4.17367839813232,9.95328426361084,-0.631969749927521,-0.479482650756836,0.438480377197266,1.48222601413727,-10.2309350967407,-0.568211793899536,0.300184786319733,0.519918084144592,0.24404875934124,91.069902975,-108.1774997775,-4.3009798725,-0.969011808635835,0.764507342677969,1.76486092999065
-9.19342041015625,18.8064575195313,-395.965576171875,-13.5421752929688,-30.4794311523438,-440.0634765625,4.95094633102417,-8.33210277557373,-6.41969728469849,0.657261252403259,-0.224738001823425,-0.0156289432197809,-0.95336788892746,-5.65962409973145,7.59466028213501,0.121314071118832,-0.271119713783264,-0.122942164540291,1.22242414951324,-4.1747612953186,9.9448184967041,-0.633592665195465,-0.481711983680725,0.436893224716187,1.50794887542725,-10.1961841583252,-0.534734129905701,0.292888194322586,0.523321509361267,0.24223880469799,91.069735186,-108.17696676,-4.300925704,-0.968294860465186,0.762810727558387,1.76496020881684
-9.1552734375,18.768310546875,-395.355224609375,-13.427734375,-30.4412841796875,-440.0634765625,4.96577787399292,-8.33202266693115,-6.41297245025635,0.658146321773529,-0.223561868071556,-0.0145610449835658,-0.93721729516983,-5.65820550918579,7.59621143341064,0.120554149150848,-0.270431280136108,-0.122325204312801,1.22133672237396,-4.17584419250488,9.93635272979736,-0.635215520858765,-0.483941286802292,0.435306072235107,1.53367173671722,-10.1614332199097,-0.501256465911865,0.285591602325439,0.526724994182587,0.240428850054741,91.069567397,-108.1764337425,-4.3008715355,-0.967577912294536,0.761114112438805,1.76505948764304
-9.11712646484375,18.8446044921875,-395.20263671875,-13.5040283203125,-30.059814453125,-439.682006835938,4.98060989379883,-8.33194160461426,-6.40624761581421,0.659031331539154,-0.222385734319687,-0.0134931458160281,-0.921066641807556,-5.65678644180298,7.59776258468628,0.119794227182865,-0.26974281668663,-0.121708236634731,1.22024917602539,-4.17692708969116,9.92788791656494,-0.636838436126709,-0.486170619726181,0.433718949556351,1.5593945980072,-10.1266822814941,-0.467778772115707,0.278295010328293,0.530128419399261,0.238618895411491,91.069399608,-108.175900725,-4.300817367,-0.966860964123886,0.759417497319223,1.76515876646923
-9.0789794921875,18.9208984375,-395.050048828125,-13.580322265625,-29.6783447265625,-439.300537109375,4.99544143676758,-8.33186149597168,-6.39952278137207,0.659916341304779,-0.221209600567818,-0.012425247579813,-0.904915988445282,-5.65536785125732,7.59931373596191,0.119034305214882,-0.269054383039474,-0.121091276407242,1.21916174888611,-4.17800998687744,9.9194221496582,-0.638461291790009,-0.48839995265007,0.432131797075272,1.58511745929718,-10.0919313430786,-0.43430107831955,0.270998418331146,0.533531844615936,0.236808940768242,91.069231819,-108.1753677075,-4.3007631985,-0.966144015953236,0.757720882199641,1.76525804529542
-8.88824462890625,18.7301635742188,-394.821166992188,-13.6947631835938,-29.5639038085938,-438.8427734375,5.0058388710022,-8.33017539978027,-6.38736152648926,0.660761952400208,-0.21962882578373,-0.0114918891340494,-0.893135249614716,-5.64983463287354,7.60027360916138,0.117824546992779,-0.268063247203827,-0.120013952255249,1.21104443073273,-4.18126153945923,9.90677928924561,-0.640052080154419,-0.490523129701614,0.430650293827057,1.59845459461212,-10.0664920806885,-0.403275161981583,0.265102922916412,0.536566317081451,0.23458331823349,91.06906403,-108.17483469,-4.30070903,-0.965427067782587,0.756024267080059,1.76535732412162
-8.697509765625,18.5394287109375,-394.59228515625,-13.8092041015625,-29.449462890625,-438.385009765625,5.01180267333984,-8.32688426971436,-6.36976480484009,0.661568105220795,-0.217643395066261,-0.0106930723413825,-0.885724365711212,-5.64018726348877,7.60064268112183,0.116164952516556,-0.266769409179688,-0.118476279079914,1.19589734077454,-4.18668079376221,9.88995742797852,-0.64161080121994,-0.492540121078491,0.429274469614029,1.59940600395203,-10.0503644943237,-0.374701023101807,0.260608464479446,0.539231836795807,0.231942027807236,91.0239420895,-107.943249825,-4.2907141965,-0.964449764853296,0.753923229283344,1.76610917002697
-8.6212158203125,18.5394287109375,-394.210815429688,-13.7710571289063,-29.4113159179688,-438.156127929688,5.01776599884033,-8.32359313964844,-6.35216808319092,0.662374258041382,-0.215657949447632,-0.00989425461739302,-0.878313481807709,-5.63054037094116,7.60101175308228,0.114505358040333,-0.265475571155548,-0.116938605904579,1.18075025081635,-4.19210052490234,9.87313652038574,-0.643169522285461,-0.494557112455368,0.427898615598679,1.60035741329193,-10.0342378616333,-0.346126884222031,0.25611400604248,0.541897296905518,0.229300737380981,90.978820149,-107.71166496,-4.280719363,-0.963472461924006,0.751822191486629,1.76686101593233
-8.544921875,18.5394287109375,-393.829345703125,-13.73291015625,-29.3731689453125,-437.92724609375,5.02372980117798,-8.32030200958252,-6.33457136154175,0.663180410861969,-0.213672518730164,-0.0090954378247261,-0.87090265750885,-5.6208930015564,7.60138034820557,0.11284576356411,-0.264181733131409,-0.115400925278664,1.16560316085815,-4.19751977920532,9.85631465911865,-0.644728243350983,-0.496574133634567,0.426522761583328,1.60130870342255,-10.0181102752686,-0.317552745342255,0.251619547605515,0.544562816619873,0.226659461855888,90.9336982085,-107.480080095,-4.2707245295,-0.962495158994716,0.749721153689914,1.76761286183768
-8.65936279296875,18.5012817382813,-393.295288085938,-13.9617919921875,-28.99169921875,-437.698364257813,5.02969312667847,-8.31700992584229,-6.31697416305542,0.663986563682556,-0.211687088012695,-0.00829662103205919,-0.863491773605347,-5.61124563217163,7.60174942016602,0.111186169087887,-0.262887895107269,-0.113863252103329,1.15045607089996,-4.20293951034546,9.83949375152588,-0.646286964416504,-0.498591125011444,0.4251469373703,1.60226011276245,-10.0019836425781,-0.288978576660156,0.247125074267387,0.547228336334229,0.224018171429634,90.888576268,-107.24849523,-4.260729696,-0.961517856065426,0.747620115893199,1.76836470774304
-8.7738037109375,18.463134765625,-392.76123046875,-14.190673828125,-28.6102294921875,-437.469482421875,5.03565692901611,-8.31371879577637,-6.29937744140625,0.664792776107788,-0.209701657295227,-0.00749780377373099,-0.856080889701843,-5.60159873962402,7.60211849212646,0.109526574611664,-0.26159405708313,-0.112325578927994,1.13530898094177,-4.2083592414856,9.82267284393311,-0.647845685482025,-0.500608146190643,0.42377108335495,1.60321152210236,-9.9858570098877,-0.26040443778038,0.242630615830421,0.549893856048584,0.22137688100338,90.8434543275,-107.016910365,-4.2507348625,-0.960540553136136,0.745519078096484,1.7691165536484
-8.73565673828125,18.310546875,-392.303466796875,-14.0762329101563,-28.5720825195313,-437.164306640625,5.0416202545166,-8.31042766571045,-6.28178071975708,0.665598928928375,-0.207716226577759,-0.00669898651540279,-0.84867000579834,-5.59195137023926,7.60248756408691,0.107866980135441,-0.26030021905899,-0.110787898302078,1.12016189098358,-4.21377849578857,9.80585098266602,-0.649404406547546,-0.502625107765198,0.4223952293396,1.60416281223297,-9.96972942352295,-0.231830298900604,0.238136157393456,0.552559375762939,0.218735590577126,90.798332387,-106.7853255,-4.240740029,-0.959563250206845,0.743418040299769,1.76986839955375
-8.697509765625,18.157958984375,-391.845703125,-13.9617919921875,-28.533935546875,-436.859130859375,5.04758405685425,-8.30713653564453,-6.26418399810791,0.666405081748962,-0.205730780959129,-0.00590016925707459,-0.841259121894836,-5.58230400085449,7.60285663604736,0.106207385659218,-0.259006351232529,-0.109250225126743,1.10501480102539,-4.21919822692871,9.78903007507324,-0.650963127613068,-0.504642128944397,0.421019405126572,1.60511422157288,-9.95360279083252,-0.203256145119667,0.233641713857651,0.55522483587265,0.216094300150871,90.7532104465,-106.553740635,-4.2307451955,-0.958585947277555,0.741317002503054,1.77062024545911
-8.50677490234375,18.00537109375,-391.616821289063,-13.9999389648438,-28.4194946289063,-436.172485351563,5.05354738235474,-8.3038444519043,-6.24658679962158,0.66721123456955,-0.203745350241661,-0.0051013519987464,-0.833848237991333,-5.57265710830688,7.60322570800781,0.104547791182995,-0.257712513208389,-0.107712551951408,1.0898677110672,-4.22461748123169,9.77220821380615,-0.652521848678589,-0.506659150123596,0.419643551111221,1.60606563091278,-9.93747520446777,-0.174682006239891,0.229147255420685,0.557890355587006,0.213453009724617,90.708088506,-106.32215577,-4.220750362,-0.957608644348265,0.739215964706339,1.77137209136446
-8.3160400390625,17.852783203125,-391.387939453125,-14.0380859375,-28.3050537109375,-435.48583984375,5.05951118469238,-8.30055332183838,-6.22899007797241,0.668017387390137,-0.201759919524193,-0.0043025347404182,-0.82643735408783,-5.56300973892212,7.60359477996826,0.102888204157352,-0.25641867518425,-0.106174871325493,1.07472062110901,-4.23003721237183,9.75538730621338,-0.65408056974411,-0.508676111698151,0.418267726898193,1.6070169210434,-9.92134857177734,-0.146107852458954,0.224652796983719,0.560555875301361,0.210811719298363,90.6629665655,-106.090570905,-4.2107555285,-0.956631341418975,0.737114926909624,1.77212393726982
-8.4686279296875,17.7001953125,-390.777587890625,-13.885498046875,-28.076171875,-435.333251953125,5.06547451019287,-8.29726219177246,-6.21139335632324,0.668823540210724,-0.199774488806725,-0.00350371771492064,-0.819026529788971,-5.55336236953735,7.60396337509155,0.101228609681129,-0.25512483716011,-0.104637198150158,1.05957353115082,-4.2354564666748,9.73856544494629,-0.655639290809631,-0.51069313287735,0.416891872882843,1.6079683303833,-9.9052209854126,-0.117533706128597,0.220158338546753,0.563221395015717,0.20817044377327,90.617844625,-105.85898604,-4.200760695,-0.955654038489685,0.735013889112909,1.77287578317517
-8.6212158203125,17.547607421875,-390.167236328125,-13.73291015625,-27.8472900390625,-435.1806640625,5.07143831253052,-8.29397106170654,-6.19379663467407,0.669629752635956,-0.197789043188095,-0.00270490045659244,-0.811615645885468,-5.54371500015259,7.604332447052,0.0995690152049065,-0.253830999135971,-0.103099524974823,1.04442644119263,-4.24087619781494,9.72174453735352,-0.657198011875153,-0.512710154056549,0.415516018867493,1.60891973972321,-9.88909435272217,-0.0889595597982407,0.215663880109787,0.565886855125427,0.205529153347015,90.5727226845,-105.627401175,-4.1907658615,-0.954676735560394,0.732912851316194,1.77362762908053
-8.4686279296875,17.39501953125,-389.633178710938,-13.7710571289063,-27.77099609375,-434.5703125,5.07740163803101,-8.29067897796631,-6.17619943618774,0.670435905456543,-0.195803612470627,-0.00190608331467956,-0.804204761981964,-5.53406810760498,7.60470151901245,0.0979094207286835,-0.252537161111832,-0.101561844348907,1.02927935123444,-4.24629545211792,9.70492267608643,-0.658756732940674,-0.514727115631104,0.414140194654465,1.60987102985382,-9.87296676635742,-0.0603854134678841,0.211169421672821,0.568552374839783,0.202887862920761,90.527600744,-105.39581631,-4.180771028,-0.953699432631104,0.730811813519479,1.77437947498589
-8.3160400390625,17.242431640625,-389.09912109375,-13.8092041015625,-27.6947021484375,-433.9599609375,5.08336544036865,-8.28738784790039,-6.15860271453857,0.67124205827713,-0.193818181753159,-0.00110726617276669,-0.796793878078461,-5.52442073822021,7.6050705909729,0.0962498262524605,-0.251243323087692,-0.100024171173573,1.01413226127625,-4.25171518325806,9.68810176849365,-0.660315454006195,-0.516744136810303,0.412764340639114,1.61082243919373,-9.85684013366699,-0.0318112671375275,0.206674963235855,0.571217894554138,0.200246572494507,90.4824788035,-105.164231445,-4.1707761945,-0.952722129701814,0.728710775722764,1.77513132089124
-8.27789306640625,17.1279907226563,-388.717651367188,-13.9236450195313,-27.4658203125,-433.807373046875,5.07579469680786,-8.29629707336426,-6.13364124298096,0.672335207462311,-0.19199450314045,0.000211834558285773,-0.79147332906723,-5.5123610496521,7.60882997512817,0.0939311161637306,-0.249092802405357,-0.0982898473739624,0.995413422584534,-4.25151681900024,9.66346168518066,-0.661343455314636,-0.51692920923233,0.411119371652603,1.57313597202301,-9.84348964691162,-0.0429941266775131,0.203980937600136,0.570204854011536,0.196798980236053,90.437356863,-104.93264658,-4.160781361,-0.951744826772524,0.726609737926049,1.7758831667966
-8.23974609375,17.0135498046875,-388.336181640625,-14.0380859375,-27.2369384765625,-433.65478515625,5.06822347640991,-8.30520629882813,-6.1086802482605,0.673428297042847,-0.190170809626579,0.00153093528933823,-0.786152780056,-5.50030088424683,7.61258983612061,0.0916123986244202,-0.246942296624184,-0.0965555235743523,0.976694643497467,-4.25131845474243,9.63882255554199,-0.662371456623077,-0.517114341259003,0.409474432468414,1.53544962406158,-9.83013820648193,-0.0541769862174988,0.201286897063255,0.569191753864288,0.193351402878761,90.3922349225,-104.701061715,-4.1507865275,-0.950767523843233,0.724508700129334,1.77663501270195
-8.3160400390625,17.0516967773438,-387.954711914063,-14.0380859375,-26.9699096679688,-433.502197265625,5.06065273284912,-8.31411647796631,-6.08371877670288,0.674521446228027,-0.18834713101387,0.00285003613680601,-0.780832290649414,-5.48824119567871,7.61634922027588,0.0892936885356903,-0.244791775941849,-0.0948211997747421,0.957975804805756,-4.25112056732178,9.614182472229,-0.663399517536163,-0.51729941368103,0.407829463481903,1.49776315689087,-9.81678771972656,-0.0653598457574844,0.198592871427536,0.568178713321686,0.189903810620308,90.347112982,-104.46947685,-4.140791694,-0.949790220913943,0.72240766233262,1.77738685860731
-8.392333984375,17.08984375,-387.5732421875,-14.0380859375,-26.702880859375,-433.349609375,5.05308151245117,-8.32302570343018,-6.05875730514526,0.675614595413208,-0.1865234375,0.00416913675144315,-0.775511741638184,-5.47618103027344,7.62010908126831,0.0869749784469604,-0.242641255259514,-0.093086875975132,0.939256966114044,-4.25092220306396,9.58954334259033,-0.664427518844604,-0.517484545707703,0.406184494495392,1.46007668972015,-9.80343627929688,-0.0765427052974701,0.195898845791817,0.567165672779083,0.186456218361855,90.3019910415,-104.237891985,-4.1307968605,-0.948812917984653,0.720306624535904,1.77813870451267
-8.3160400390625,16.9754028320313,-387.26806640625,-13.9617919921875,-26.397705078125,-433.120727539063,5.04551076889038,-8.33193492889404,-6.03379583358765,0.676707684993744,-0.184699758887291,0.00548823736608028,-0.770191192626953,-5.46412134170532,7.62386846542358,0.0846562683582306,-0.240490734577179,-0.0913525596261024,0.920538127422333,-4.25072383880615,9.56490325927734,-0.665455520153046,-0.51766961812973,0.404539525508881,1.42239034175873,-9.7900857925415,-0.0877255648374557,0.193204805254936,0.566152632236481,0.183008626103401,90.256869101,-104.00630712,-4.120802027,-0.947835615055363,0.71820558673919,1.77889055041802
-8.23974609375,16.8609619140625,-386.962890625,-13.885498046875,-26.092529296875,-432.891845703125,5.03793954849243,-8.34084415435791,-6.00883483886719,0.677800834178925,-0.182876080274582,0.00680733844637871,-0.764870643615723,-5.45206165313721,7.62762832641602,0.0823375508189201,-0.238340228796005,-0.0896182358264923,0.901819348335266,-4.25052547454834,9.54026317596436,-0.666483521461487,-0.517854690551758,0.402894586324692,1.38470387458801,-9.77673530578613,-0.0989084243774414,0.190510779619217,0.565139532089233,0.179561048746109,90.2117471605,-103.774722255,-4.1108071935,-0.946858312126073,0.716104548942474,1.77964239632338
-8.35418701171875,16.937255859375,-386.505126953125,-13.9999389648438,-25.93994140625,-432.281494140625,5.03036880493164,-8.34975433349609,-5.98387336730957,0.67889392375946,-0.181052386760712,0.00812643859535456,-0.759550154209137,-5.44000148773193,7.63138771057129,0.0800188407301903,-0.23618970811367,-0.0878839120268822,0.883100509643555,-4.25032758712769,9.51562404632568,-0.667511522769928,-0.51803982257843,0.401249617338181,1.3470174074173,-9.76338386535645,-0.110091276466846,0.187816753983498,0.564126491546631,0.176113456487656,90.16662522,-103.54313739,-4.10081236,-0.945881009196782,0.71400351114576,1.78039424222873
-8.4686279296875,17.0135498046875,-386.04736328125,-14.1143798828125,-25.787353515625,-431.671142578125,5.02279758453369,-8.35866355895996,-5.95891189575195,0.679987072944641,-0.179228708148003,0.00944553967565298,-0.754229605197906,-5.42794179916382,7.63514757156372,0.0777001306414604,-0.234039187431335,-0.086149588227272,0.864381670951843,-4.25012922286987,9.4909839630127,-0.668539524078369,-0.518224895000458,0.399604648351669,1.30933105945587,-9.75003337860107,-0.121274136006832,0.185122713446617,0.563113451004028,0.172665864229202,90.1666209405,-103.543254873,-4.100728536,-0.945024469878223,0.711521921041784,1.78176314600751
-8.392333984375,16.8609619140625,-385.43701171875,-14.0380859375,-25.5203247070313,-431.747436523438,5.0152268409729,-8.36757278442383,-5.93395090103149,0.681080222129822,-0.177405014634132,0.0107646407559514,-0.748909056186676,-5.41588163375854,7.63890695571899,0.07538141310215,-0.231888666749001,-0.0844152644276619,0.845662891864777,-4.24993085861206,9.46634483337402,-0.669567584991455,-0.51841002702713,0.39795970916748,1.27164459228516,-9.73668193817139,-0.132457002997398,0.182428687810898,0.562100350856781,0.16921828687191,90.166616661,-103.543372356,-4.100644712,-0.944167930559663,0.709040330937809,1.78313204978628
-8.3160400390625,16.7083740234375,-384.82666015625,-13.9617919921875,-25.2532958984375,-431.82373046875,5.00765562057495,-8.3764820098877,-5.90898942947388,0.682173311710358,-0.175581336021423,0.0120837409049273,-0.743588507175446,-5.40382194519043,7.64266633987427,0.0730627030134201,-0.229738160967827,-0.0826809406280518,0.826944053173065,-4.24973249435425,9.44170475006104,-0.670595586299896,-0.518595099449158,0.396314740180969,1.23395812511444,-9.72333145141602,-0.143639862537384,0.179734662175179,0.561087310314178,0.165770694613457,90.1666123815,-103.543489839,-4.100560888,-0.943311391241103,0.706558740833833,1.78450095356506
-8.12530517578125,16.5176391601563,-384.445190429688,-13.8473510742188,-25.0625610351563,-431.671142578125,5.00008487701416,-8.38539123535156,-5.88402795791626,0.683266460895538,-0.173757657408714,0.0134028419852257,-0.738267958164215,-5.39176225662231,7.6464262008667,0.0707439929246902,-0.227587640285492,-0.0809466168284416,0.808225214481354,-4.24953413009644,9.41706466674805,-0.671623587608337,-0.518780171871185,0.394669771194458,1.19627177715302,-9.70998096466064,-0.15482272207737,0.177040621638298,0.560074269771576,0.162323102355003,90.166608102,-103.543607322,-4.100477064,-0.942454851922543,0.704077150729858,1.78586985734384
-7.9345703125,16.326904296875,-384.063720703125,-13.73291015625,-24.871826171875,-431.5185546875,4.99251365661621,-8.39430141448975,-5.8590669631958,0.684359610080719,-0.171933963894844,0.0147219430655241,-0.732947468757629,-5.37970209121704,7.65018558502197,0.0684252753853798,-0.225437119603157,-0.0792122930288315,0.789506435394287,-4.24933624267578,9.39242553710938,-0.672651588916779,-0.518965303897858,0.393024832010269,1.1585853099823,-9.69662952423096,-0.166005581617355,0.174346596002579,0.559061169624329,0.158875524997711,90.1666038225,-103.543724805,-4.10039324,-0.941598312603983,0.701595560625883,1.78723876112261
-7.781982421875,16.0980224609375,-383.453369140625,-13.7710571289063,-24.6047973632813,-430.984497070313,4.98494291305542,-8.40321063995361,-5.83410549163818,0.685452699661255,-0.170110285282135,0.0160410441458225,-0.727626919746399,-5.36764240264893,7.6539454460144,0.0661065652966499,-0.223286598920822,-0.0774779692292213,0.770787596702576,-4.24913787841797,9.36778545379639,-0.67367959022522,-0.519150376319885,0.391379863023758,1.12089884281158,-9.68327903747559,-0.177188441157341,0.171652570366859,0.558048129081726,0.155427932739258,90.166599543,-103.543842288,-4.100309416,-0.940741773285423,0.699113970521908,1.78860766490139
-7.62939453125,15.869140625,-382.843017578125,-13.8092041015625,-24.3377685546875,-430.450439453125,4.97465944290161,-8.4136381149292,-5.82043266296387,0.686773359775543,-0.16930665075779,0.0176933147013187,-0.72326648235321,-5.36065673828125,7.65638780593872,0.0636034309864044,-0.221120327711105,-0.0758351236581802,0.755457401275635,-4.24742603302002,9.34261703491211,-0.674596726894379,-0.5189328789711,0.389202564954758,1.07092607021332,-9.67092132568359,-0.193872168660164,0.169236078858376,0.555145263671875,0.151891052722931,90.1665952635,-103.543959771,-4.100225592,-0.939885233966863,0.696632380417933,1.78997656868016
-7.74383544921875,15.7546997070313,-382.614135742188,-13.73291015625,-24.0325927734375,-430.221557617188,4.96166372299194,-8.4255838394165,-5.81804800033569,0.688321590423584,-0.169523075222969,0.0196787547320127,-0.719866096973419,-5.35874557495117,7.65751361846924,0.0609158650040627,-0.218938305974007,-0.074283741414547,0.743515849113464,-4.24420070648193,9.31691837310791,-0.675402879714966,-0.518312752246857,0.386492967605591,1.0086669921875,-9.65955638885498,-0.216056793928146,0.167097151279449,0.550352513790131,0.148264870047569,90.166590984,-103.544077254,-4.100141768,-0.939028694648303,0.694150790313957,1.79134547245894
-7.8582763671875,15.6402587890625,-382.38525390625,-13.6566162109375,-23.7274169921875,-429.99267578125,4.94866800308228,-8.43753051757813,-5.81566333770752,0.68986976146698,-0.169739499688148,0.0216641947627068,-0.716465711593628,-5.35683488845825,7.65863943099976,0.0582282990217209,-0.216756284236908,-0.0727323591709137,0.731574356555939,-4.24097537994385,9.29121971130371,-0.676209032535553,-0.517692625522614,0.383783370256424,0.946407914161682,-9.64819240570068,-0.238241404294968,0.164958208799362,0.545559763908386,0.144638687372208,90.1665867045,-103.544194737,-4.100057944,-0.938172155329743,0.691669200209982,1.79271437623771
-7.97271728515625,15.6784057617188,-381.851196289063,-13.5040283203125,-23.5748291015625,-429.763793945313,4.93567228317261,-8.44947624206543,-5.81327867507935,0.691417992115021,-0.169955939054489,0.0236496347934008,-0.713065326213837,-5.35492372512817,7.65976524353027,0.0555407367646694,-0.214574262499809,-0.0711809769272804,0.719632804393768,-4.23775053024292,9.26552104949951,-0.677015244960785,-0.517072558403015,0.381073772907257,0.884148836135864,-9.63682842254639,-0.260426014661789,0.162819281220436,0.540767073631287,0.141012519598007,90.166582425,-103.54431222,-4.09997412,-0.937315616011183,0.689187610106006,1.79408328001649
-8.087158203125,15.716552734375,-381.317138671875,-13.3514404296875,-23.4222412109375,-429.534912109375,4.92267656326294,-8.46142196655273,-5.81089401245117,0.692966222763062,-0.170172363519669,0.0256350748240948,-0.709664940834045,-5.3530125617981,7.66089105606079,0.0528531707823277,-0.212392240762711,-0.0696295946836472,0.707691252231598,-4.23452520370483,9.23982334136963,-0.677821397781372,-0.516452431678772,0.37836417555809,0.821889758110046,-9.62546348571777,-0.28261062502861,0.16068035364151,0.535974323749542,0.137386336922646,90.1665781455,-103.544429703,-4.099890296,-0.936459076692623,0.686706020002031,1.79545218379526
-7.9345703125,15.6021118164063,-380.859375,-13.5421752929688,-23.3840942382813,-429.611206054688,4.90968084335327,-8.47336769104004,-5.808509349823,0.694514393806458,-0.170388787984848,0.0276205148547888,-0.706264555454254,-5.35110139846802,7.66201639175415,0.0501656085252762,-0.210210219025612,-0.0680782124400139,0.695749700069427,-4.23129987716675,9.21412467956543,-0.678627550601959,-0.515832304954529,0.375654548406601,0.759630620479584,-9.61409950256348,-0.304795265197754,0.158541411161423,0.531181573867798,0.133760169148445,90.166573866,-103.544547186,-4.099806472,-0.935602537374063,0.684224429898056,1.79682108757404
-7.781982421875,15.4876708984375,-380.401611328125,-13.73291015625,-23.345947265625,-429.6875,4.8966851234436,-8.48531341552734,-5.80612468719482,0.696062624454498,-0.170605212450027,0.0296059548854828,-0.702864170074463,-5.34919023513794,7.66314220428467,0.0474780425429344,-0.208028197288513,-0.0665268301963806,0.683808147907257,-4.22807455062866,9.18842601776123,-0.679433763027191,-0.515212178230286,0.372944951057434,0.697371542453766,-9.60273551940918,-0.326979875564575,0.156402483582497,0.526388883590698,0.130133986473083,90.1665695865,-103.544664669,-4.099722648,-0.934745998055503,0.68174283979408,1.79818999135281
-7.74383544921875,15.2206420898438,-380.020141601563,-13.7710571289063,-23.193359375,-429.153442382813,4.88368940353394,-8.49726009368896,-5.80374002456665,0.697610795497894,-0.170821636915207,0.0315913967788219,-0.699463784694672,-5.34727954864502,7.66426801681519,0.0447904802858829,-0.205846175551414,-0.0649754479527473,0.671866655349731,-4.22484922409058,9.16272735595703,-0.680239915847778,-0.514592051506042,0.370235353708267,0.635112464427948,-9.59137058258057,-0.349164485931396,0.154263541102409,0.521596133708954,0.126507803797722,90.166565307,-103.544782152,-4.099638824,-0.933889458736943,0.679261249690105,1.79955889513159
-7.7056884765625,14.95361328125,-379.638671875,-13.8092041015625,-23.040771484375,-428.619384765625,4.87069368362427,-8.50920581817627,-5.80135536193848,0.699159026145935,-0.171038061380386,0.0335768349468708,-0.69606339931488,-5.34536838531494,7.6653938293457,0.0421029143035412,-0.203664153814316,-0.0634240657091141,0.659925103187561,-4.22162389755249,9.13702964782715,-0.681046068668365,-0.513971924781799,0.3675257563591,0.572853326797485,-9.58000659942627,-0.371349096298218,0.152124613523483,0.516803383827209,0.122881628572941,90.1665610275,-103.544899635,-4.099555,-0.933032919418383,0.67677965958613,1.80092779891036
-7.66754150390625,14.9917602539063,-379.33349609375,-13.6947631835938,-22.8118896484375,-428.619384765625,4.8576979637146,-8.52115154266357,-5.7989706993103,0.700707256793976,-0.171254485845566,0.03556227684021,-0.692663013935089,-5.34345722198486,7.66651964187622,0.0394153520464897,-0.201482132077217,-0.0618726834654808,0.647983551025391,-4.2183985710144,9.11133098602295,-0.681852281093597,-0.513351798057556,0.364816159009933,0.510594248771667,-9.56864166259766,-0.393533706665039,0.149985685944557,0.51201069355011,0.11925545334816,90.166556748,-103.545017118,-4.099471176,-0.932176380099824,0.674298069482155,1.80229670268914
-7.62939453125,15.0299072265625,-379.0283203125,-13.580322265625,-22.5830078125,-428.619384765625,4.84470224380493,-8.53309726715088,-5.79658603668213,0.702255427837372,-0.171470925211906,0.0375477150082588,-0.689262628555298,-5.34154605865479,7.66764545440674,0.0367277860641479,-0.199300110340118,-0.0603213012218475,0.63604199886322,-4.21517372131348,9.08563232421875,-0.682658433914185,-0.512731730937958,0.362106561660767,0.44833517074585,-9.55727767944336,-0.41571831703186,0.14784674346447,0.507217943668365,0.115629278123379,90.1665524685,-103.545134601,-4.099387352,-0.931319840781264,0.671816479378179,1.80366560646792
-7.59124755859375,14.95361328125,-378.494262695313,-13.5421752929688,-22.3541259765625,-428.466796875,4.83170652389526,-8.5450439453125,-5.79420137405396,0.703803658485413,-0.171687349677086,0.039533156901598,-0.685862243175507,-5.33963537216187,7.6687707901001,0.0340402238070965,-0.19711808860302,-0.0587699189782143,0.624100506305695,-4.21194839477539,9.05993366241455,-0.683464586734772,-0.512111604213715,0.359396934509277,0.386076062917709,-9.54591369628906,-0.437902957201004,0.145707815885544,0.502425193786621,0.112003102898598,90.166548189,-103.545252084,-4.099303528,-0.930463301462704,0.669334889274203,1.80503451024669
-7.5531005859375,14.8773193359375,-377.960205078125,-13.5040283203125,-22.125244140625,-428.314208984375,4.8187108039856,-8.5569896697998,-5.79181671142578,0.705351829528809,-0.171903774142265,0.0415185950696468,-0.682461857795715,-5.33772420883179,7.66989660263062,0.0313526578247547,-0.194936066865921,-0.057218536734581,0.612158954143524,-4.2087230682373,9.03423595428467,-0.684270799160004,-0.511491477489471,0.35668733716011,0.323816984891891,-9.53454875946045,-0.460087567567825,0.143568873405457,0.497632473707199,0.108376920223236,90.1665439095,-103.545369567,-4.099219704,-0.929606762144144,0.666853299170228,1.80640341402547
-7.5531005859375,14.8773193359375,-377.731323242188,-13.427734375,-21.8582153320313,-428.085327148438,4.80571508407593,-8.56893539428711,-5.78943204879761,0.706900060176849,-0.172120198607445,0.043504036962986,-0.679061472415924,-5.33581304550171,7.67102241516113,0.0286650955677032,-0.192754045128822,-0.0556671544909477,0.600217401981354,-4.20549774169922,9.00853729248047,-0.685076951980591,-0.510871350765228,0.353977739810944,0.261557877063751,-9.52318477630615,-0.482272177934647,0.14142994582653,0.492839753627777,0.104750744998455,90.16653963,-103.54548705,-4.09913588,-0.928750222825584,0.664371709066253,1.80777231780424
-7.5531005859375,14.8773193359375,-377.50244140625,-13.3514404296875,-21.5911865234375,-427.8564453125,4.80348205566406,-8.5661039352417,-5.79267168045044,0.708860278129578,-0.17522494494915,0.0458153560757637,-0.678692400455475,-5.34565401077271,7.65840578079224,0.0267594233155251,-0.190381765365601,-0.0538645684719086,0.597965717315674,-4.19481945037842,8.99342155456543,-0.686535835266113,-0.511076271533966,0.350006818771362,0.19597227871418,-9.51830387115479,-0.494743943214417,0.139746084809303,0.486328363418579,0.102221764624119,90.1664329775,-103.5455144525,-4.0990989355,-0.927471922617394,0.662155439639954,1.80981023323506
-7.66754150390625,14.6865844726563,-376.89208984375,-13.73291015625,-21.3623046875,-427.780151367188,4.8012490272522,-8.56327152252197,-5.79591131210327,0.710820555686951,-0.178329676389694,0.0481266751885414,-0.67832338809967,-5.3554949760437,7.64578866958618,0.0248537510633469,-0.188009485602379,-0.0520619824528694,0.595714092254639,-4.18414115905762,8.97830677032471,-0.687994658946991,-0.511281132698059,0.346035897731781,0.130386680364609,-9.51342296600342,-0.507215738296509,0.138062223792076,0.479816973209381,0.0996927842497826,90.166326325,-103.545541855,-4.099061991,-0.926193622409205,0.659939170213656,1.81184814866588
-7.781982421875,14.495849609375,-376.28173828125,-14.1143798828125,-21.1334228515625,-427.703857421875,4.79901599884033,-8.56044006347656,-5.7991509437561,0.712780773639679,-0.1814344227314,0.0504379943013191,-0.677954316139221,-5.3653359413147,7.63317203521729,0.0229480769485235,-0.185637205839157,-0.05025939270854,0.593462407588959,-4.17346286773682,8.96319103240967,-0.689453542232513,-0.511486053466797,0.3420649766922,0.0648010894656181,-9.50854206085205,-0.519687473773956,0.136378362774849,0.473305553197861,0.0971638038754463,90.1662196725,-103.5455692575,-4.0990250465,-0.924915322201015,0.657722900787357,1.81388606409671
-7.781982421875,14.5339965820313,-375.823974609375,-13.6566162109375,-20.7901000976563,-427.24609375,4.79678297042847,-8.55760765075684,-5.80239057540894,0.714741051197052,-0.184539154171944,0.0527493171393871,-0.677585244178772,-5.37517690658569,7.62055492401123,0.0210424046963453,-0.183264926075935,-0.0484568066895008,0.591210782527924,-4.16278505325317,8.94807529449463,-0.690912365913391,-0.511690974235535,0.338094025850296,-0.000784505275078118,-9.50366020202637,-0.532159268856049,0.134694501757622,0.466794162988663,0.0946348160505295,90.16611302,-103.54559666,-4.098988102,-0.923637021992825,0.655506631361058,1.81592397952753
-7.781982421875,14.5721435546875,-375.3662109375,-13.1988525390625,-20.44677734375,-426.788330078125,4.79455041885376,-8.55477619171143,-5.80563020706177,0.71670126914978,-0.187643900513649,0.0550606362521648,-0.677216172218323,-5.38501787185669,7.60793828964233,0.0191367324441671,-0.180892661213875,-0.0466542206704617,0.588959097862244,-4.15210676193237,8.93295955657959,-0.692371249198914,-0.511895835399628,0.334123104810715,-0.0663700997829437,-9.498779296875,-0.544631004333496,0.133010640740395,0.460282772779465,0.0921058356761932,90.1660063675,-103.5456240625,-4.0989511575,-0.922358721784636,0.653290361934759,1.81796189495835
-7.74383544921875,14.5721435546875,-374.984741210938,-13.2369995117188,-20.2178955078125,-426.559448242188,4.79231739044189,-8.55194473266602,-5.8088698387146,0.718661546707153,-0.190748631954193,0.0573719553649426,-0.676847159862518,-5.39485883712769,7.59532165527344,0.0172310601919889,-0.178520381450653,-0.0448516346514225,0.586707413196564,-4.14142847061157,8.91784477233887,-0.693830072879791,-0.512100756168365,0.330152183771133,-0.131955698132515,-9.49389839172363,-0.557102799415588,0.131326779723167,0.453771382570267,0.089576855301857,90.165899715,-103.545651465,-4.098914213,-0.921080421576446,0.651074092508461,1.81999981038917
-7.7056884765625,14.5721435546875,-374.603271484375,-13.275146484375,-19.989013671875,-426.33056640625,4.79008436203003,-8.54911231994629,-5.81210947036743,0.720621764659882,-0.193853378295898,0.0596832744777203,-0.676478087902069,-5.40470027923584,7.58270454406738,0.0153253870084882,-0.176148101687431,-0.043049044907093,0.584455788135529,-4.13075017929077,8.90272903442383,-0.695288956165314,-0.512305617332458,0.326181262731552,-0.197541296482086,-9.48901748657227,-0.569574534893036,0.12964291870594,0.447259962558746,0.0870478749275208,90.1657930625,-103.5456788675,-4.0988772685,-0.919802121368257,0.648857823082162,1.82203772581999
-7.74383544921875,14.3814086914063,-374.374389648438,-13.275146484375,-19.7601318359375,-426.406860351563,4.78785133361816,-8.54628086090088,-5.81534910202026,0.722582042217255,-0.196958109736443,0.061994593590498,-0.67610901594162,-5.41454124450684,7.57008790969849,0.0134197138249874,-0.17377582192421,-0.0412464588880539,0.582204103469849,-4.12007188796997,8.88761329650879,-0.696747779846191,-0.512510538101196,0.322210341691971,-0.263126879930496,-9.4841365814209,-0.582046329975128,0.127959057688713,0.440748572349548,0.0845188945531845,90.16568641,-103.54570627,-4.098840324,-0.918523821160067,0.646641553655863,1.82407564125081
-7.781982421875,14.190673828125,-374.1455078125,-13.275146484375,-19.53125,-426.483154296875,4.7856183052063,-8.54344844818115,-5.8185887336731,0.724542260169983,-0.200062856078148,0.064305916428566,-0.675740003585815,-5.42438220977783,7.55747079849243,0.0115140415728092,-0.171403542160988,-0.0394438728690147,0.579952478408813,-4.10939359664917,8.87249851226807,-0.698206663131714,-0.512715458869934,0.31823942065239,-0.328712493181229,-9.47925567626953,-0.594518065452576,0.126275196671486,0.43423718214035,0.0819899141788483,90.1655797575,-103.5457336725,-4.0988033795,-0.917245520951877,0.644425284229564,1.82611355668163
-7.9345703125,14.1525268554688,-373.458862304688,-13.275146484375,-19.4549560546875,-426.101684570313,4.78338527679443,-8.54061698913574,-5.82182836532593,0.726502537727356,-0.203167602419853,0.0666172355413437,-0.675370931625366,-5.43422317504883,7.54485416412354,0.00960836932063103,-0.169031262397766,-0.0376412868499756,0.577700793743134,-4.09871530532837,8.85738277435303,-0.699665546417236,-0.512920320034027,0.314268499612808,-0.394298076629639,-9.47437477111816,-0.606989860534668,0.124591335654259,0.427725791931152,0.079460933804512,90.165473105,-103.545761075,-4.098766435,-0.915967220743688,0.642209014803265,1.82815147211245
-8.087158203125,14.1143798828125,-372.772216796875,-13.275146484375,-19.378662109375,-425.72021484375,4.78115224838257,-8.53778553009033,-5.82506799697876,0.728462755680084,-0.206272333860397,0.0689285546541214,-0.675001859664917,-5.44406414031982,7.53223752975464,0.00770269613713026,-0.166658982634544,-0.0358387008309364,0.575449109077454,-4.08803749084473,8.84226703643799,-0.701124370098114,-0.513125240802765,0.310297548770905,-0.459883660078049,-9.46949291229248,-0.619461596012115,0.122907474637032,0.421214401721954,0.0769319459795952,90.1653664525,-103.5457884775,-4.0987294905,-0.914688920535498,0.639992745376967,1.83018938754327
-8.0108642578125,13.9999389648438,-372.238159179688,-13.3514404296875,-19.1116333007813,-425.567626953125,4.7789192199707,-8.53495311737061,-5.82830762863159,0.730423033237457,-0.209377080202103,0.0712398737668991,-0.674632847309113,-5.45390510559082,7.51962041854858,0.00579702341929078,-0.164286702871323,-0.034036111086607,0.573197484016418,-4.07735919952393,8.82715225219727,-0.702583253383636,-0.513330161571503,0.306326627731323,-0.525469243526459,-9.46461200714111,-0.631933391094208,0.121223613619804,0.414702981710434,0.0744029656052589,90.1652598,-103.54581588,-4.098692546,-0.913410620327309,0.637776475950668,1.83222730297409
-7.9345703125,13.885498046875,-371.7041015625,-13.427734375,-18.8446044921875,-425.4150390625,4.77668619155884,-8.5321216583252,-5.83154726028442,0.732383251190186,-0.212481811642647,0.0735511928796768,-0.674263775348663,-5.46374607086182,7.50700378417969,0.00389135093428195,-0.161914423108101,-0.0322335250675678,0.570945799350739,-4.06668090820313,8.81203651428223,-0.704042077064514,-0.513535022735596,0.302355706691742,-0.591054856777191,-9.45973110198975,-0.644405126571655,0.119539752602577,0.408191591501236,0.0718739852309227,90.1651531475,-103.5458432825,-4.0986556015,-0.912132320119119,0.635560206524369,1.83426521840492
-7.97271728515625,13.8092041015625,-371.246337890625,-13.427734375,-18.5394287109375,-425.262451171875,4.77322196960449,-8.51358222961426,-5.8323917388916,0.734144330024719,-0.215286046266556,0.0755845084786415,-0.673845171928406,-5.47981023788452,7.48828601837158,0.00329945841804147,-0.159780740737915,-0.0304472353309393,0.571739852428436,-4.05440902709961,8.80023193359375,-0.706239283084869,-0.514696896076202,0.298150420188904,-0.650582075119019,-9.46323680877686,-0.646789789199829,0.117178045213223,0.40197291970253,0.0705421417951584,90.165046495,-103.545870685,-4.098618657,-0.910854019910929,0.63334393709807,1.83630313383574
-8.0108642578125,13.73291015625,-370.78857421875,-13.427734375,-18.2342529296875,-425.10986328125,4.76852655410767,-8.47933578491211,-5.83084106445313,0.735706269741058,-0.217789769172668,0.0773398280143738,-0.67337703704834,-5.50209808349609,7.46346807479858,0.0040213456377387,-0.157885640859604,-0.0286772418767214,0.575579643249512,-4.04054307937622,8.79173755645752,-0.709174752235413,-0.516815662384033,0.293710768222809,-0.704050958156586,-9.47513008117676,-0.639087378978729,0.114138498902321,0.396046996116638,0.0704074427485466,90.1649398425,-103.5458980875,-4.0985817125,-0.90957571970274,0.631127667671771,1.83834104926656
-8.12530517578125,13.6566162109375,-370.407104492188,-13.3514404296875,-18.3486938476563,-424.728393554688,4.76383066177368,-8.44508934020996,-5.82928991317749,0.737268149852753,-0.220293506979942,0.079095147550106,-0.672908961772919,-5.52438592910767,7.43865013122559,0.00474323332309723,-0.155990526080132,-0.0269072465598583,0.579419434070587,-4.02667713165283,8.78324413299561,-0.712110280990601,-0.518934488296509,0.289271086454391,-0.757519841194153,-9.48702239990234,-0.631384968757629,0.111098952591419,0.390121042728424,0.0702727362513542,90.16483319,-103.54592549,-4.098544768,-0.90829741949455,0.628911398245473,1.84037896469738
-8.23974609375,13.580322265625,-370.025634765625,-13.275146484375,-18.463134765625,-424.346923828125,4.75913524627686,-8.41084289550781,-5.82773923873901,0.738830089569092,-0.222797229886055,0.0808504670858383,-0.672440826892853,-5.54667377471924,7.41383218765259,0.00546512100845575,-0.15409542620182,-0.0251372531056404,0.583259165287018,-4.0128116607666,8.77474975585938,-0.715045809745789,-0.521053314208984,0.284831434488297,-0.81098872423172,-9.49891471862793,-0.62368255853653,0.108059406280518,0.38419508934021,0.0701380372047424,90.1647265375,-103.5459528925,-4.0985078235,-0.907019119286361,0.626695128819174,1.8424168801282
-8.35418701171875,13.73291015625,-369.491577148438,-13.2369995117188,-18.157958984375,-424.270629882813,4.75443983078003,-8.37659645080566,-5.82618856430054,0.740392029285431,-0.225300952792168,0.0826057866215706,-0.671972692012787,-5.56896162033081,7.38901424407959,0.00618700822815299,-0.152200326323509,-0.0233672596514225,0.587098956108093,-3.99894571304321,8.76625633239746,-0.717981278896332,-0.523172080516815,0.280391782522202,-0.864457547664642,-9.51080799102783,-0.615980088710785,0.105019859969616,0.378269165754318,0.0700033381581306,90.164619885,-103.545980295,-4.098470879,-0.905740819078171,0.624478859392875,1.84445479555902
-8.4686279296875,13.885498046875,-368.95751953125,-13.1988525390625,-17.852783203125,-424.1943359375,4.74974393844604,-8.34235000610352,-5.8246374130249,0.741953909397125,-0.22780467569828,0.0843610987067223,-0.671504557132721,-5.59124898910522,7.36419630050659,0.00690889591351151,-0.150305226445198,-0.0215972661972046,0.590938746929169,-3.98507976531982,8.75776290893555,-0.72091680765152,-0.525290906429291,0.275952130556107,-0.917926430702209,-9.52270030975342,-0.608277678489685,0.101980313658714,0.372343212366104,0.0698686316609383,90.1645132325,-103.5460076975,-4.0984339345,-0.904462518869981,0.622262589966576,1.84649271098984
-8.3160400390625,13.6566162109375,-368.728637695313,-13.12255859375,-17.5857543945313,-423.88916015625,4.74504852294922,-8.30810356140137,-5.82308673858643,0.743515849113464,-0.230308398604393,0.0861164182424545,-0.671036422252655,-5.6135368347168,7.33937835693359,0.00763078359887004,-0.148410126566887,-0.0198272727429867,0.594778478145599,-3.97121405601501,8.74926853179932,-0.723852336406708,-0.527409732341766,0.271512448787689,-0.971395313739777,-9.534592628479,-0.600575268268585,0.0989407673478127,0.36641725897789,0.0697339326143265,90.16440658,-103.5460351,-4.09839699,-0.903184218661792,0.620046320540277,1.84853062642066
-8.1634521484375,13.427734375,-368.499755859375,-13.0462646484375,-17.3187255859375,-423.583984375,4.74035263061523,-8.27385711669922,-5.82153606414795,0.745077729225159,-0.232812136411667,0.0878717377781868,-0.670568346977234,-5.63582468032837,7.3145604133606,0.00835267081856728,-0.146515011787415,-0.0180572774261236,0.598618268966675,-3.95734810829163,8.7407751083374,-0.726787805557251,-0.529528498649597,0.267072796821594,-1.02486419677734,-9.54648590087891,-0.592872858047485,0.095901221036911,0.360491335391998,0.0695992261171341,90.157396869,-103.4532746275,-4.0922083155,-0.901640865077018,0.618349739934765,1.85136245545728
-8.087158203125,13.3514404296875,-368.118286132813,-13.0081176757813,-17.08984375,-423.27880859375,4.73565721511841,-8.23961067199707,-5.81998491287231,0.746639668941498,-0.23531585931778,0.0896270573139191,-0.670100212097168,-5.65811252593994,7.2897424697876,0.0090745585039258,-0.144619911909103,-0.0162872839719057,0.60245805978775,-3.94348239898682,8.73228073120117,-0.729723334312439,-0.531647324562073,0.262633144855499,-1.07833302021027,-9.55837821960449,-0.585170388221741,0.0928616747260094,0.354565382003784,0.0694645270705223,90.150387158,-103.360514155,-4.086019641,-0.900097511492244,0.616653159329253,1.85419428449391
-8.0108642578125,13.275146484375,-367.73681640625,-12.969970703125,-16.8609619140625,-422.9736328125,4.73096179962158,-8.20536422729492,-5.81843423843384,0.748201608657837,-0.237819582223892,0.0913823768496513,-0.669632077217102,-5.68040037155151,7.26492404937744,0.00979644618928432,-0.142724812030792,-0.0145172905176878,0.606297791004181,-3.92961668968201,8.72378730773926,-0.732658803462982,-0.533766090869904,0.258193492889404,-1.13180196285248,-9.57027149200439,-0.577467978000641,0.0898221284151077,0.348639458417892,0.0693298280239105,90.143377447,-103.2677536825,-4.0798309665,-0.89855415790747,0.614956578723741,1.85702611353053
-8.12530517578125,13.3514404296875,-367.355346679688,-13.0462646484375,-16.5176391601563,-423.049926757813,4.7262659072876,-8.17111778259277,-5.81688356399536,0.749763488769531,-0.240323305130005,0.0931376963853836,-0.669163942337036,-5.70268821716309,7.24010610580444,0.0105183338746428,-0.140829712152481,-0.0127472961321473,0.610137581825256,-3.91575074195862,8.71529293060303,-0.73559433221817,-0.535884916782379,0.253753811120987,-1.1852707862854,-9.58216381072998,-0.569765567779541,0.0867825821042061,0.342713505029678,0.0691951215267181,90.136367736,-103.17499321,-4.073642292,-0.897010804322697,0.613259998118229,1.85985794256715
-8.23974609375,13.427734375,-366.973876953125,-13.12255859375,-16.17431640625,-423.126220703125,4.72157049179077,-8.13687133789063,-5.81533288955688,0.75132542848587,-0.242827042937279,0.0948930084705353,-0.668695867061615,-5.7249755859375,7.21528816223145,0.0112402206286788,-0.138934597373009,-0.0109773026779294,0.613977372646332,-3.90188503265381,8.70679950714111,-0.738529860973358,-0.538003742694855,0.249314159154892,-1.23873960971832,-9.59405612945557,-0.562063157558441,0.0837430357933044,0.336787551641464,0.0690604224801064,90.129358025,-103.0822327375,-4.0674536175,-0.895467450737923,0.611563417512717,1.86268977160378
-8.43048095703125,13.427734375,-366.897583007813,-13.2369995117188,-15.9454345703125,-422.66845703125,4.71687459945679,-8.10262489318848,-5.81378173828125,0.752887308597565,-0.245330765843391,0.0966483280062675,-0.668227732181549,-5.74726343154907,7.19047021865845,0.0119621083140373,-0.137039497494698,-0.00920730829238892,0.617817103862762,-3.88801908493042,8.69830513000488,-0.741465330123901,-0.540122509002686,0.244874507188797,-1.29220855236053,-9.60594940185547,-0.554360687732697,0.0807034894824028,0.330861628055573,0.068925715982914,90.122348314,-102.989472265,-4.061264943,-0.893924097153149,0.609866836907205,1.8655216006404
-8.6212158203125,13.427734375,-366.8212890625,-13.3514404296875,-15.716552734375,-422.210693359375,4.71217918395996,-8.06837844848633,-5.81223106384277,0.754449248313904,-0.247834488749504,0.0984036475419998,-0.667759597301483,-5.76955127716064,7.16565227508545,0.0126839959993958,-0.135144397616386,-0.00743731483817101,0.621656894683838,-3.87415337562561,8.68981170654297,-0.744400858879089,-0.542241334915161,0.240434840321541,-1.34567737579346,-9.61784172058105,-0.546658277511597,0.0776639431715012,0.324935674667358,0.0687910169363022,90.115338603,-102.8967117925,-4.0550762685,-0.892380743568376,0.608170256301693,1.86835342967702
-8.4686279296875,13.5040283203125,-365.982055664063,-13.275146484375,-15.6021118164063,-421.981811523438,4.69619512557983,-8.00559997558594,-5.80116558074951,0.754770994186401,-0.24697607755661,0.098700188100338,-0.670067131519318,-5.78732919692993,7.13888931274414,0.0145906088873744,-0.133836805820465,-0.00625163409858942,0.630462408065796,-3.85941696166992,8.67221546173096,-0.749662399291992,-0.544903695583344,0.236611977219582,-1.37566781044006,-9.63443183898926,-0.545682787895203,0.0763288363814354,0.32139328122139,0.0695687830448151,90.108328892,-102.80395132,-4.048887594,-0.890837389983601,0.60647367569618,1.87118525871365
-8.3160400390625,13.580322265625,-365.142822265625,-13.1988525390625,-15.4876708984375,-421.7529296875,4.68021154403687,-7.94282102584839,-5.79009962081909,0.755092740058899,-0.246117666363716,0.0989967361092567,-0.672374725341797,-5.80510759353638,7.11212635040283,0.0164972208440304,-0.132529214024544,-0.00506595289334655,0.639267861843109,-3.84468078613281,8.65461826324463,-0.75492388010025,-0.547566115856171,0.232789114117622,-1.40565824508667,-9.65102195739746,-0.544707298278809,0.0749937370419502,0.317850917577744,0.0703465566039085,90.101319181,-102.7111908475,-4.0426989195,-0.889294036398828,0.604777095090668,1.87401708775027
-8.43048095703125,13.4658813476563,-364.837646484375,-13.1988525390625,-15.2587890625,-421.676635742188,4.66422748565674,-7.88004207611084,-5.77903413772583,0.755414485931396,-0.245259240269661,0.0992932766675949,-0.674682259559631,-5.82288551330566,7.08536338806152,0.0184038337320089,-0.131221622228622,-0.00388027215376496,0.648073375225067,-3.82994437217712,8.63702201843262,-0.760185420513153,-0.550228476524353,0.228966251015663,-1.43564867973328,-9.66761207580566,-0.543731808662415,0.0736586302518845,0.314308524131775,0.0711243227124214,90.09430947,-102.618430375,-4.036510245,-0.887750682814054,0.603080514485156,1.87684891678689
-8.544921875,13.3514404296875,-364.532470703125,-13.1988525390625,-15.0299072265625,-421.600341796875,4.64824342727661,-7.81726312637329,-5.76796865463257,0.755736231803894,-0.244400829076767,0.0995898172259331,-0.676989853382111,-5.84066390991211,7.05860042572021,0.0203104466199875,-0.12991401553154,-0.00269459118135273,0.656878888607025,-3.81520795822144,8.61942577362061,-0.765446901321411,-0.55289089679718,0.225143387913704,-1.46563923358917,-9.68420219421387,-0.542756319046021,0.0723235234618187,0.310766160488129,0.0719020888209343,90.087299759,-102.5256699025,-4.0303215705,-0.88620732922928,0.601383933879644,1.87968074582351
-8.50677490234375,13.2369995117188,-364.07470703125,-13.1607055664063,-14.6865844726563,-421.218872070313,4.63225984573364,-7.75448417663574,-5.75690317153931,0.756057977676392,-0.243542417883873,0.0998863652348518,-0.679297387599945,-5.8584418296814,7.03183746337891,0.022217059507966,-0.128606423735619,-0.00150891032535583,0.665684401988983,-3.80047154426575,8.60182857513428,-0.770708441734314,-0.555553257465363,0.221320524811745,-1.49562966823578,-9.70079231262207,-0.541780829429626,0.0709884166717529,0.30722376704216,0.0726798623800278,90.080290048,-102.43290943,-4.024132896,-0.884663975644507,0.599687353274132,1.88251257486014
-8.4686279296875,13.12255859375,-363.616943359375,-13.12255859375,-14.34326171875,-420.83740234375,4.61627578735352,-7.69170570373535,-5.74583721160889,0.756379723548889,-0.242684006690979,0.10018290579319,-0.681604981422424,-5.87621974945068,7.0050745010376,0.0241236723959446,-0.127298831939697,-0.000323229352943599,0.674489855766296,-3.78573536872864,8.58423233032227,-0.775969922542572,-0.558215618133545,0.217497661709785,-1.52562010288239,-9.71738243103027,-0.540805339813232,0.0696533173322678,0.303681403398514,0.0734576284885406,90.073280337,-102.3401489575,-4.0179442215,-0.883120622059733,0.59799077266862,1.88534440389676
-8.65936279296875,13.275146484375,-363.388061523438,-13.1988525390625,-13.9236450195313,-420.989990234375,4.60029172897339,-7.6289267539978,-5.73477172851563,0.756701529026031,-0.241825595498085,0.100479446351528,-0.683912515640259,-5.89399814605713,6.97831153869629,0.026030283421278,-0.125991240143776,0.000862451561260968,0.683295369148254,-3.77099895477295,8.56663608551025,-0.781231462955475,-0.560878038406372,0.213674813508987,-1.55561053752899,-9.73397350311279,-0.539829790592194,0.068318210542202,0.300139009952545,0.0742354020476341,90.066270626,-102.247388485,-4.011755547,-0.881577268474959,0.596294192063108,1.88817623293338
-8.85009765625,13.427734375,-363.1591796875,-13.275146484375,-13.5040283203125,-421.142578125,4.58430814743042,-7.56614780426025,-5.72370624542236,0.757023274898529,-0.240967184305191,0.100775994360447,-0.686220109462738,-5.91177606582642,6.95154857635498,0.0279368963092566,-0.124683648347855,0.00204813247546554,0.692100882530212,-3.75626254081726,8.54903888702393,-0.786492943763733,-0.563540399074554,0.209851950407028,-1.5856009721756,-9.750563621521,-0.5388543009758,0.0669831037521362,0.296596646308899,0.075013168156147,90.059260915,-102.1546280125,-4.0055668725,-0.880033914890185,0.594597611457596,1.89100806197001
-8.9263916015625,13.2369995117188,-362.701416015625,-13.12255859375,-13.2369995117188,-420.684814453125,4.56832408905029,-7.50336885452271,-5.71264028549194,0.757345020771027,-0.240108758211136,0.101072534918785,-0.688527643680573,-5.92955446243286,6.92478561401367,0.0298435091972351,-0.123376049101353,0.00323381344787776,0.700906336307526,-3.74152612686157,8.53144264221191,-0.791754484176636,-0.566202819347382,0.206029087305069,-1.6155914068222,-9.7671537399292,-0.537878811359406,0.0656479969620705,0.29305425286293,0.0757909342646599,90.052251204,-102.06186754,-3.999378198,-0.878490561305412,0.592901030852084,1.89383989100663
-9.002685546875,13.0462646484375,-362.24365234375,-12.969970703125,-12.969970703125,-420.22705078125,4.55234003067017,-7.44059038162231,-5.70157480239868,0.757666766643524,-0.239250347018242,0.101369075477123,-0.690835177898407,-5.94733238220215,6.89802265167236,0.0317501239478588,-0.122068457305431,0.00441949442028999,0.709711849689484,-3.72678995132446,8.5138463973999,-0.797016024589539,-0.568865180015564,0.20220622420311,-1.64558184146881,-9.7837438583374,-0.536903321743011,0.0643128976225853,0.289511889219284,0.0765687078237534,90.045241493,-101.9691070675,-3.9931895235,-0.876947207720638,0.591204450246572,1.89667172004325
-8.9263916015625,13.0844116210938,-361.862182617188,-13.12255859375,-12.7029418945313,-419.998168945313,4.5363564491272,-7.37781143188477,-5.69050931930542,0.757988512516022,-0.238391935825348,0.101665623486042,-0.693142771720886,-5.96511030197144,6.87125968933105,0.0336567349731922,-0.12076086550951,0.00560517515987158,0.718517363071442,-3.71205353736877,8.49624919891357,-0.802277505397797,-0.571527540683746,0.198383361101151,-1.67557239532471,-9.80033397674561,-0.535927832126617,0.0629777908325195,0.285969495773315,0.0773464739322662,90.038231782,-101.876346595,-3.987000849,-0.875403854135864,0.58950786964106,1.89950354907987
-8.85009765625,13.12255859375,-361.480712890625,-13.275146484375,-12.4359130859375,-419.769287109375,4.52037239074707,-7.31503248214722,-5.679443359375,0.758310258388519,-0.237533524632454,0.10196216404438,-0.695450305938721,-5.98288869857788,6.84449672698975,0.0355633459985256,-0.119453266263008,0.00679085589945316,0.727322816848755,-3.69731712341309,8.47865295410156,-0.807539045810699,-0.574189960956573,0.194560497999191,-1.70556282997131,-9.81692409515381,-0.534952342510223,0.0616426840424538,0.282427132129669,0.0781242400407791,90.031222071,-101.7835861225,-3.9808121745,-0.87386050055109,0.587811289035547,1.9023353781165
-8.88824462890625,13.0844116210938,-361.02294921875,-13.275146484375,-12.1307373046875,-419.540405273438,4.50438833236694,-7.25225353240967,-5.66837787628174,0.758632004261017,-0.23667511343956,0.102258704602718,-0.6977578997612,-6.00066661834717,6.81773376464844,0.0374699607491493,-0.118145674467087,0.00797653663903475,0.736128330230713,-3.6825807094574,8.46105670928955,-0.812800526618958,-0.576852321624756,0.190737634897232,-1.73555326461792,-9.83351421356201,-0.533976852893829,0.0603075809776783,0.278884738683701,0.0789020135998726,90.02421236,-101.69082565,-3.9746235,-0.872317146966316,0.586114708430035,1.90516720715312
-8.9263916015625,13.0462646484375,-360.565185546875,-13.275146484375,-11.8255615234375,-419.3115234375,4.48315763473511,-7.18262004852295,-5.65939712524414,0.758853852748871,-0.235043525695801,0.102428518235683,-0.700233519077301,-6.01516485214233,6.79653644561768,0.0409109517931938,-0.116870179772377,0.00938654039055109,0.752901673316956,-3.66790127754211,8.44114971160889,-0.818622291088104,-0.578517913818359,0.187470287084579,-1.75547707080841,-9.8447961807251,-0.536924600601196,0.0599862672388554,0.274679929018021,0.0801816135644913,90.009932362,-101.643626662,-3.9722901315,-0.871316300012545,0.584972901235398,1.90885695274813
-9.19342041015625,13.12255859375,-360.183715820313,-13.2369995117188,-11.6729736328125,-419.235229492188,4.4566798210144,-7.1061315536499,-5.65250110626221,0.758975744247437,-0.232638776302338,0.102471597492695,-0.702877163887024,-6.02638292312622,6.78090524673462,0.0458863191306591,-0.115626782178879,0.011020865291357,0.777642905712128,-3.65327882766724,8.41893196105957,-0.82500422000885,-0.579186618328094,0.184758439660072,-1.76533436775208,-9.85077095031738,-0.543795526027679,0.0606787502765656,0.269812703132629,0.0819630548357964,89.995652364,-101.596427674,-3.969956763,-0.870315453058774,0.58383109404076,1.91254669834314
-9.46044921875,13.1988525390625,-359.80224609375,-13.1988525390625,-11.5203857421875,-419.158935546875,4.43020248413086,-7.0296425819397,-5.64560556411743,0.759097635746002,-0.230234041810036,0.102514676749706,-0.705520868301392,-6.03760099411011,6.76527404785156,0.0508616901934147,-0.114383384585381,0.012655190192163,0.8023841381073,-3.63865613937378,8.39671421051025,-0.831386208534241,-0.57985532283783,0.182046592235565,-1.77519166469574,-9.85674476623535,-0.550666511058807,0.0613712333142757,0.264945477247238,0.0837444886565208,89.981372366,-101.549228686,-3.9676233945,-0.869314606105003,0.582689286846122,1.91623644393816
-9.42230224609375,13.2369995117188,-359.268188476563,-13.1988525390625,-11.4059448242188,-418.930053710938,4.40372467041016,-6.95315408706665,-5.6387095451355,0.759219527244568,-0.227829292416573,0.102557756006718,-0.708164513111115,-6.04881906509399,6.74964284896851,0.05583705753088,-0.113139994442463,0.0142895160242915,0.827125370502472,-3.62403345108032,8.37449741363525,-0.837768197059631,-0.580524027347565,0.179334759712219,-1.7850489616394,-9.86271953582764,-0.557537436485291,0.0620637126266956,0.260078251361847,0.0855259299278259,89.967092368,-101.502029698,-3.965290026,-0.868313759151232,0.581547479651484,1.91992618953317
-9.3841552734375,13.275146484375,-358.734130859375,-13.1988525390625,-11.29150390625,-418.701171875,4.37724685668945,-6.8766655921936,-5.63181352615356,0.759341478347778,-0.225424543023109,0.102600835263729,-0.710808157920837,-6.06003713607788,6.73401165008545,0.0608124248683453,-0.111896596848965,0.0159238409250975,0.851866602897644,-3.60941100120544,8.35227966308594,-0.844150125980377,-0.581192791461945,0.176622912287712,-1.79490625858307,-9.86869335174561,-0.564408421516418,0.0627561956644058,0.255211025476456,0.087307371199131,89.95281237,-101.45483071,-3.9629566575,-0.86731291219746,0.580405672456846,1.92361593512818
-9.2315673828125,13.1607055664063,-358.352661132813,-13.1988525390625,-10.9481811523438,-418.624877929688,4.35076904296875,-6.80017709732056,-5.62491750717163,0.759463369846344,-0.223019808530807,0.102643914520741,-0.713451862335205,-6.07125520706177,6.71838045120239,0.0657877922058105,-0.110653199255466,0.017558166757226,0.876607835292816,-3.59478831291199,8.33006191253662,-0.850532114505768,-0.58186149597168,0.173911064863205,-1.80476343631744,-9.87466716766357,-0.571279406547546,0.0634486749768257,0.250343799591064,0.0890888050198555,89.938532372,-101.407631722,-3.960623289,-0.866312065243689,0.579263865262208,1.9273056807232
-9.0789794921875,13.0462646484375,-357.97119140625,-13.1988525390625,-10.6048583984375,-418.548583984375,4.32429122924805,-6.72368860244751,-5.6180214881897,0.75958526134491,-0.220615059137344,0.102686993777752,-0.716095507144928,-6.08247327804565,6.70274925231934,0.0707631632685661,-0.109409801661968,0.0191924907267094,0.901349067687988,-3.58016562461853,8.30784511566162,-0.856914103031158,-0.582530200481415,0.171199232339859,-1.81462073326111,-9.88064193725586,-0.57815033197403,0.0641411617398262,0.245476588606834,0.0908702462911606,89.924252374,-101.360432734,-3.9582899205,-0.865311218289918,0.578122058067571,1.93099542631821
-9.3841552734375,13.1607055664063,-358.123779296875,-13.427734375,-10.4141235351563,-418.39599609375,4.2978138923645,-6.6471996307373,-5.61112594604492,0.759707152843475,-0.218210309743881,0.102730065584183,-0.718739211559296,-6.0936918258667,6.68711805343628,0.0757385343313217,-0.10816640406847,0.0208268165588379,0.92609030008316,-3.56554317474365,8.2856273651123,-0.863296031951904,-0.58319890499115,0.168487384915352,-1.82447803020477,-9.88661575317383,-0.585021317005157,0.0648336410522461,0.240609347820282,0.0926516801118851,89.909972376,-101.313233746,-3.955956552,-0.864310371336147,0.576980250872932,1.93468517191322
-9.6893310546875,13.275146484375,-358.2763671875,-13.6566162109375,-10.223388671875,-418.243408203125,4.2713360786438,-6.57071113586426,-5.60422992706299,0.759829103946686,-0.215805575251579,0.102773144841194,-0.721382856369019,-6.10490989685059,6.67148685455322,0.0807138979434967,-0.106923006474972,0.0224611423909664,0.950831532478333,-3.5509204864502,8.26340961456299,-0.869678020477295,-0.58386766910553,0.165775537490845,-1.83433532714844,-9.89259052276611,-0.591892242431641,0.065526120364666,0.235742121934891,0.0944331213831902,89.895692378,-101.266034758,-3.9536231835,-0.863309524382376,0.575838443678295,1.93837491750824
-9.8419189453125,13.1988525390625,-357.742309570313,-13.427734375,-9.9945068359375,-418.014526367188,4.2448582649231,-6.49422264099121,-5.59733390808105,0.759950995445251,-0.213400825858116,0.102816224098206,-0.724026501178741,-6.11612796783447,6.65585565567017,0.0856892690062523,-0.105679608881474,0.0240954663604498,0.97557270526886,-3.53629803657532,8.24119281768799,-0.876059949398041,-0.584536373615265,0.163063704967499,-1.8441926240921,-9.89856433868408,-0.598763227462769,0.0662186071276665,0.2308748960495,0.0962145626544952,89.88141238,-101.21883577,-3.951289815,-0.862308677428605,0.574696636483657,1.94206466310325
-9.9945068359375,13.12255859375,-357.208251953125,-13.1988525390625,-9.765625,-417.78564453125,4.21838045120239,-6.41773414611816,-5.59043788909912,0.760072886943817,-0.210996076464653,0.102859303355217,-0.726670205593109,-6.12734603881836,6.64022445678711,0.0906646400690079,-0.104436218738556,0.0257297921925783,1.00031399726868,-3.52167534828186,8.21897506713867,-0.882441937923431,-0.585205078125,0.160351857542992,-1.85404992103577,-9.90453910827637,-0.605634152889252,0.0669110864400864,0.226007670164108,0.0979959964752197,89.867132382,-101.171636782,-3.9489564465,-0.861307830474834,0.573554829289019,1.94575440869826
-9.95635986328125,12.9318237304688,-357.208251953125,-13.1607055664063,-9.49859619140625,-417.633056640625,4.19190311431885,-6.34124517440796,-5.58354234695435,0.760194778442383,-0.20859132707119,0.102902382612228,-0.729313850402832,-6.13856410980225,6.62459325790405,0.0956400111317635,-0.103192821145058,0.0273641180247068,1.0250551700592,-3.5070526599884,8.19675731658936,-0.888823926448822,-0.585873782634735,0.157640010118484,-1.86390709877014,-9.91051292419434,-0.61250513792038,0.0676035657525063,0.221140444278717,0.0997774377465248,89.852852384,-101.124437794,-3.946623078,-0.860306983521062,0.572413022094381,1.94944415429328
-9.918212890625,12.7410888671875,-357.208251953125,-13.12255859375,-9.2315673828125,-417.48046875,4.16542530059814,-6.26475667953491,-5.57664632797241,0.760316729545593,-0.206186592578888,0.10294546186924,-0.7319575548172,-6.14978218078613,6.608962059021,0.100615374743938,-0.101949423551559,0.0289984419941902,1.04979646205902,-3.49243021011353,8.17454051971436,-0.895205855369568,-0.586542546749115,0.154928177595139,-1.87376439571381,-9.91648769378662,-0.619376063346863,0.0682960525155067,0.216273218393326,0.101558871567249,89.838572386,-101.077238806,-3.9442897095,-0.859306136567291,0.571271214899743,1.95313389988829
-9.8419189453125,12.8936767578125,-356.979370117188,-13.1607055664063,-9.0789794921875,-417.633056640625,4.13894748687744,-6.18826818466187,-5.56975030899048,0.760438621044159,-0.203781843185425,0.102988541126251,-0.734601199626923,-6.16100025177002,6.59333086013794,0.105590745806694,-0.100706025958061,0.0306327678263187,1.07453763484955,-3.47780752182007,8.15232276916504,-0.901587843894958,-0.58721125125885,0.152216330170631,-1.88362169265747,-9.92246150970459,-0.626247048377991,0.0689885318279266,0.211405992507935,0.103340312838554,89.824292388,-101.030039818,-3.941956341,-0.85830528961352,0.570129407705105,1.9568236454833
-9.765625,13.0462646484375,-356.75048828125,-13.1988525390625,-8.9263916015625,-417.78564453125,4.10610246658325,-6.11802625656128,-5.55463647842407,0.759499073028564,-0.200326979160309,0.103981710970402,-0.742843687534332,-6.16928625106812,6.58393335342407,0.11307018995285,-0.099810428917408,0.0320192351937294,1.11541664600372,-3.45832800865173,8.13291263580322,-0.907216668128967,-0.585034728050232,0.15013824403286,-1.88244032859802,-9.93188190460205,-0.617400765419006,0.0699093267321587,0.206758946180344,0.105694748461246,89.81001239,-100.98284083,-3.9396229725,-0.857304442659749,0.568987600510468,1.96051339107831
-9.80377197265625,13.0462646484375,-356.292724609375,-13.1607055664063,-8.697509765625,-417.709350585938,4.07325792312622,-6.04778432846069,-5.53952312469482,0.75855952501297,-0.196872115135193,0.104974873363972,-0.751086175441742,-6.17757225036621,6.57453536987305,0.120549626648426,-0.0989148393273354,0.0334057062864304,1.15629577636719,-3.43884825706482,8.11350345611572,-0.912845432758331,-0.582858204841614,0.148060157895088,-1.88125896453857,-9.9413013458252,-0.608554482460022,0.0708301216363907,0.202111899852753,0.108049184083939,89.795732392,-100.935641842,-3.937289604,-0.856303595705978,0.56784579331583,1.96420313667333
-9.8419189453125,13.0462646484375,-355.8349609375,-13.12255859375,-8.4686279296875,-417.633056640625,4.04041290283203,-5.97754287719727,-5.52440929412842,0.75762003660202,-0.193417251110077,0.105968043208122,-0.759328663349152,-6.18585872650146,6.56513786315918,0.128029063344002,-0.0980192422866821,0.034792173653841,1.19717478752136,-3.41936874389648,8.09409332275391,-0.91847425699234,-0.580681681632996,0.145982071757317,-1.88007748126984,-9.95072174072266,-0.599708199501038,0.0717509165406227,0.197464838624001,0.11040361225605,89.781452394,-100.888442854,-3.9349562355,-0.855302748752207,0.566703986121192,1.96789288226834
-9.918212890625,12.9318237304688,-355.911254882813,-13.12255859375,-8.23974609375,-417.938232421875,4.00756788253784,-5.90730094909668,-5.50929594039917,0.756680488586426,-0.1899623721838,0.106961213052273,-0.767571151256561,-6.19414472579956,6.55574035644531,0.135508507490158,-0.0971236526966095,0.0361786410212517,1.23805379867554,-3.39988899230957,8.07468318939209,-0.924103081226349,-0.578505098819733,0.143903985619545,-1.87889611721039,-9.9601411819458,-0.590861916542053,0.0726717114448547,0.19281779229641,0.112758047878742,89.767172396,-100.841243866,-3.932622867,-0.854301901798435,0.565562178926554,1.97158262786335
-9.9945068359375,12.8173828125,-355.987548828125,-13.12255859375,-8.0108642578125,-418.243408203125,3.97472310066223,-5.83705902099609,-5.49418210983276,0.755740940570831,-0.186507508158684,0.107954382896423,-0.775813639163971,-6.20243072509766,6.54634237289429,0.142987951636314,-0.0962280556559563,0.0375651083886623,1.27893280982971,-3.38040947914124,8.05527400970459,-0.929731845855713,-0.576328575611115,0.141825899481773,-1.87771475315094,-9.96956157684326,-0.582015633583069,0.0735925063490868,0.188170745968819,0.115112483501434,89.752892398,-100.794044878,-3.9302894985,-0.853301054844664,0.564420371731916,1.97527237345837
-10.0326538085938,12.664794921875,-355.758666992188,-13.1988525390625,-7.781982421875,-418.167114257813,3.94187808036804,-5.76681709289551,-5.47906875610352,0.754801392555237,-0.183052644133568,0.108947545289993,-0.784056127071381,-6.21071672439575,6.53694486618042,0.150467395782471,-0.0953324660658836,0.0389515794813633,1.31981194019318,-3.3609299659729,8.03586387634277,-0.935360670089722,-0.574152052402496,0.139747813344002,-1.87653338909149,-9.97898101806641,-0.573169350624084,0.0745133012533188,0.183523699641228,0.117466919124126,89.7386124,-100.74684589,-3.92795613,-0.852300207890893,0.563278564537278,1.97896211905338
-10.07080078125,12.51220703125,-355.52978515625,-13.275146484375,-7.5531005859375,-418.0908203125,3.90903329849243,-5.69657564163208,-5.46395492553711,0.753861844539642,-0.179597780108452,0.109940715134144,-0.79229861497879,-6.21900272369385,6.52754688262939,0.157946839928627,-0.0944368690252304,0.040338046848774,1.36069095134735,-3.34145021438599,8.01645469665527,-0.940989434719086,-0.571975529193878,0.137669712305069,-1.87535190582275,-9.98840141296387,-0.564323008060455,0.0754340961575508,0.178876638412476,0.119821354746819,89.7388566945,-100.746817591,-3.927915402,-0.852102758594168,0.563093363008563,1.98337577908307
-10.2996826171875,12.664794921875,-355.377197265625,-13.1607055664063,-7.51495361328125,-418.167114257813,3.87618827819824,-5.62633371353149,-5.44884157180786,0.752922296524048,-0.176142916083336,0.110933884978294,-0.8005411028862,-6.22728872299194,6.51814937591553,0.165426284074783,-0.0935412794351578,0.0417245142161846,1.40156996250153,-3.32197070121765,7.99704456329346,-0.946618258953094,-0.56979900598526,0.135591626167297,-1.87417054176331,-9.99782085418701,-0.555476725101471,0.0763548910617828,0.174229592084885,0.122175790369511,89.739100989,-100.746789292,-3.927874674,-0.851905309297442,0.562908161479849,1.98778943911276
-10.528564453125,12.8173828125,-355.224609375,-13.0462646484375,-7.476806640625,-418.243408203125,3.84334349632263,-5.55609178543091,-5.43372774124146,0.751982808113098,-0.17268805205822,0.111927054822445,-0.80878359079361,-6.2355751991272,6.50875186920166,0.172905713319778,-0.0926456823945045,0.0431109815835953,1.44244909286499,-3.30249094963074,7.9776349067688,-0.952247083187103,-0.567622482776642,0.133513540029526,-1.87298917770386,-10.0072412490845,-0.546630442142487,0.0772756859660149,0.169582545757294,0.124530218541622,89.7393452835,-100.746760993,-3.927833946,-0.851707860000717,0.562722959951134,1.99220309914245
-10.4904174804688,12.6266479492188,-354.995727539063,-13.12255859375,-7.28607177734375,-418.472290039063,3.81049847602844,-5.48584985733032,-5.41861391067505,0.751043260097504,-0.169233188033104,0.112920217216015,-0.817026078701019,-6.24386119842529,6.49935388565063,0.180385157465935,-0.0917500928044319,0.0444974526762962,1.48332810401917,-3.2830114364624,7.95822477340698,-0.957875847816467,-0.565445959568024,0.131435453891754,-1.87180781364441,-10.0166616439819,-0.537784159183502,0.0781964808702469,0.164935499429703,0.126884654164314,89.739589578,-100.746732694,-3.927793218,-0.851510410703991,0.562537758422419,1.99661675917214
-10.4522705078125,12.4359130859375,-354.766845703125,-13.1988525390625,-7.0953369140625,-418.701171875,3.77765369415283,-5.41560792922974,-5.4035005569458,0.750103712081909,-0.165778309106827,0.113913387060165,-0.825268566608429,-6.25214719772339,6.48995637893677,0.187864601612091,-0.0908544957637787,0.0458839200437069,1.52420711517334,-3.26353192329407,7.93881511688232,-0.963504672050476,-0.563269376754761,0.129357367753983,-1.87062644958496,-10.0260810852051,-0.528937876224518,0.0791172757744789,0.160288453102112,0.129239082336426,89.7398338725,-100.746704395,-3.92775249,-0.851312961407266,0.562352556893704,2.00103041920183
-10.4522705078125,12.3214721679688,-354.995727539063,-13.2369995117188,-6.866455078125,-418.624877929688,3.74480867385864,-5.34536647796631,-5.38838672637939,0.749164164066315,-0.162323445081711,0.114906556904316,-0.833511054515839,-6.26043319702148,6.4805588722229,0.195344045758247,-0.0899589061737061,0.0472703874111176,1.5650862455368,-3.24405217170715,7.91940546035767,-0.969133496284485,-0.561092853546143,0.127279281616211,-1.86944496631622,-10.0355014801025,-0.520091593265533,0.0800380706787109,0.15564139187336,0.131593525409698,89.740078167,-100.746676096,-3.927711762,-0.85111551211054,0.562167355364989,2.00544407923152
-10.4522705078125,12.20703125,-355.224609375,-13.275146484375,-6.6375732421875,-418.548583984375,3.71196389198303,-5.27512454986572,-5.37327337265015,0.74822461605072,-0.158868581056595,0.115899726748466,-0.841753542423248,-6.26871919631958,6.47116088867188,0.202823489904404,-0.0890633091330528,0.0486568547785282,1.60596525669098,-3.22457265853882,7.89999580383301,-0.974762260913849,-0.558916330337524,0.125201195478439,-1.86826360225677,-10.0449209213257,-0.511245310306549,0.080958865582943,0.150994345545769,0.13394795358181,89.7403224615,-100.746647797,-3.927671034,-0.850918062813815,0.561982153836274,2.00985773926121
-10.6048583984375,12.2833251953125,-355.300903320313,-13.3895874023438,-6.6375732421875,-418.548583984375,3.68633270263672,-5.21422147750854,-5.35269498825073,0.747276604175568,-0.155014351010323,0.117545060813427,-0.85440582036972,-6.27607822418213,6.45905208587646,0.211427956819534,-0.0887394770979881,0.049493096768856,1.64349913597107,-3.20340943336487,7.87942314147949,-0.979403555393219,-0.557049155235291,0.123694889247417,-1.86470556259155,-10.0587339401245,-0.511150300502777,0.0826147496700287,0.147103607654572,0.136590853333473,89.740566756,-100.746619498,-3.927630306,-0.85072061351709,0.561796952307559,2.0142713992909
-10.7574462890625,12.359619140625,-355.377197265625,-13.5040283203125,-6.6375732421875,-418.548583984375,3.6679151058197,-5.16265678405762,-5.32665252685547,0.746320128440857,-0.150760754942894,0.119842559099197,-0.87146782875061,-6.28251028060913,6.44423151016235,0.221157446503639,-0.0889873951673508,0.0497791096568108,1.67768776416779,-3.18056297302246,7.85768842697144,-0.983057260513306,-0.555491328239441,0.122760355472565,-1.85877072811127,-10.076940536499,-0.519806623458862,0.0850057303905487,0.143969163298607,0.139522224664688,89.7408110505,-100.746591199,-3.927589578,-0.850523164220364,0.561611750778844,2.01868505932059
-10.7574462890625,12.4740600585938,-355.300903320313,-13.3514404296875,-6.44683837890625,-419.00634765625,3.64949774742126,-5.11109256744385,-5.30060958862305,0.745363593101501,-0.146507158875465,0.122140057384968,-0.8885298371315,-6.28894186019897,6.42941093444824,0.230886936187744,-0.0892353132367134,0.0500651262700558,1.7118763923645,-3.15771651268005,7.83595323562622,-0.986710965633392,-0.553933441638947,0.121825829148293,-1.85283589363098,-10.0951471328735,-0.528462886810303,0.0873967111110687,0.140834718942642,0.142453581094742,89.741055345,-100.7465629,-3.92754885,-0.850325714923639,0.561426549250129,2.02309871935028
-10.7574462890625,12.5885009765625,-355.224609375,-13.1988525390625,-6.256103515625,-419.464111328125,3.63108015060425,-5.05952787399292,-5.27456712722778,0.744407117366791,-0.142253562808037,0.124437555670738,-0.905591905117035,-6.29537391662598,6.41459035873413,0.240616425871849,-0.089483231306076,0.0503511391580105,1.74606502056122,-3.13487005233765,7.81421852111816,-0.990364730358124,-0.552375614643097,0.12089130282402,-1.84690117835999,-10.113353729248,-0.537119209766388,0.0897876918315887,0.137700274586678,0.145384937524796,89.7412996395,-100.746534601,-3.927508122,-0.850128265626913,0.561241347721414,2.02751237937997
-10.7955932617188,12.5503540039063,-355.300903320313,-13.3132934570313,-6.1798095703125,-419.464111328125,3.61266279220581,-5.00796365737915,-5.24852466583252,0.743450582027435,-0.137999966740608,0.126735046505928,-0.922653913497925,-6.30180597305298,6.39976978302002,0.250345915555954,-0.0897311568260193,0.0506371520459652,1.78025364875793,-3.11202359199524,7.79248332977295,-0.99401843547821,-0.550817787647247,0.119956769049168,-1.8409663438797,-10.1315603256226,-0.545775473117828,0.0921786725521088,0.134565830230713,0.14831630885601,89.741543934,-100.746506302,-3.927467394,-0.849930816330188,0.561056146192699,2.03192603940966
-10.833740234375,12.51220703125,-355.377197265625,-13.427734375,-6.103515625,-419.464111328125,3.59424543380737,-4.95639944076538,-5.2224817276001,0.742494106292725,-0.13374637067318,0.129032552242279,-0.939715921878815,-6.30823755264282,6.38494968414307,0.26007542014122,-0.0899790748953819,0.0509231686592102,1.81444227695465,-3.08917713165283,7.77074813842773,-0.997672140598297,-0.549259960651398,0.119022242724895,-1.83503150939941,-10.1497669219971,-0.554431736469269,0.0945696532726288,0.131431385874748,0.151247665286064,89.7417882285,-100.746478003,-3.927426666,-0.849733367033462,0.560870944663984,2.03633969943935
-10.986328125,12.4359130859375,-355.377197265625,-13.427734375,-6.103515625,-419.769287109375,3.57582783699036,-4.90483474731445,-5.19643926620483,0.741537570953369,-0.129492774605751,0.131330043077469,-0.956777989864349,-6.31466960906982,6.37012910842896,0.269804924726486,-0.0902269929647446,0.0512091815471649,1.84863090515137,-3.06633067131042,7.74901342391968,-1.00132584571838,-0.547702133655548,0.118087716400623,-1.82909679412842,-10.1679735183716,-0.563088059425354,0.0969606339931488,0.128296941518784,0.154179021716118,89.742032523,-100.746449704,-3.927385938,-0.849535917736737,0.560685743135269,2.04075335946904
-11.138916015625,12.359619140625,-355.377197265625,-13.427734375,-6.103515625,-420.074462890625,3.55741047859192,-4.85327053070068,-5.17039632797241,0.740581095218658,-0.125239193439484,0.13362754881382,-0.973839998245239,-6.32110118865967,6.35530853271484,0.27953439950943,-0.0904749110341072,0.0514951944351196,1.88281953334808,-3.04348421096802,7.72727823257446,-1.00497961044312,-0.546144247055054,0.117153182625771,-1.82316195964813,-10.1861801147461,-0.571744322776794,0.0993516221642494,0.125162497162819,0.157110393047333,89.7422768175,-100.746421405,-3.92734521,-0.849338468440012,0.560500541606555,2.04516701949873
-11.2152099609375,12.2833251953125,-355.300903320313,-13.4658813476563,-6.06536865234375,-420.150756835938,3.5389928817749,-4.80170583724976,-5.14435386657715,0.739624559879303,-0.120985589921474,0.13592503964901,-0.990902006626129,-6.32753324508667,6.34048795700073,0.289263904094696,-0.0907228365540504,0.0517812110483646,1.9170081615448,-3.02063775062561,7.70554351806641,-1.00863337516785,-0.544586420059204,0.116218656301498,-1.81722712516785,-10.2043867111206,-0.58040064573288,0.101742602884769,0.122028060257435,0.160041749477386,89.742521112,-100.746393106,-3.927304482,-0.849141019143286,0.56031534007784,2.04958067952842
-11.29150390625,12.20703125,-355.224609375,-13.5040283203125,-6.0272216796875,-420.22705078125,3.52057552337646,-4.75014162063599,-5.11831140518188,0.738668084144592,-0.116731993854046,0.138222545385361,-1.00796401500702,-6.33396530151367,6.32566738128662,0.29899337887764,-0.0909707546234131,0.0520672239363194,1.95119690895081,-2.9977912902832,7.68380832672119,-1.01228702068329,-0.543028593063354,0.115284122526646,-1.81129240989685,-10.2225933074951,-0.58905690908432,0.104133583605289,0.11889361590147,0.162973120808601,89.7427654065,-100.746364807,-3.927263754,-0.848943569846561,0.560130138549125,2.05399433955811
-11.5203857421875,12.20703125,-355.300903320313,-13.3895874023438,-5.91278076171875,-420.22705078125,3.50215792655945,-4.69857692718506,-5.09226846694946,0.737711548805237,-0.112478405237198,0.140520036220551,-1.02502608299255,-6.34039688110352,6.31084680557251,0.308722883462906,-0.0912186726927757,0.0523532368242741,1.98538553714752,-2.9749448299408,7.66207361221313,-1.01594078540802,-0.541470766067505,0.114349596202374,-1.80535757541656,-10.2407999038696,-0.597713232040405,0.106524564325809,0.115759171545506,0.165904477238655,89.743009701,-100.746336508,-3.927223026,-0.848746120549835,0.55994493702041,2.0584079995878
-11.749267578125,12.20703125,-355.377197265625,-13.275146484375,-5.79833984375,-420.22705078125,3.48374056816101,-4.64701271057129,-5.0662260055542,0.736755073070526,-0.108224809169769,0.142817541956902,-1.04208815097809,-6.34682893753052,6.29602670669556,0.318452388048172,-0.0914665907621384,0.0526392497122288,2.01957416534424,-2.95209836959839,7.64033842086792,-1.01959455013275,-0.53991287946701,0.113415069878101,-1.79942274093628,-10.2590065002441,-0.606369495391846,0.108915545046329,0.112624734640121,0.168835833668709,89.7432539955,-100.746308209,-3.927182298,-0.84854867125311,0.559759735491695,2.06282165961749
-11.749267578125,12.054443359375,-355.453491210938,-13.427734375,-5.645751953125,-420.913696289063,3.46532297134399,-4.59544801712036,-5.04018306732178,0.735798537731171,-0.103971213102341,0.145115032792091,-1.05915009975433,-6.35326051712036,6.28120613098145,0.328181862831116,-0.0917145162820816,0.0529252663254738,2.05376267433167,-2.92925190925598,7.61860370635986,-1.02324819564819,-0.538355052471161,0.112480536103249,-1.79348802566528,-10.2772130966187,-0.615025818347931,0.11130652576685,0.109490290284157,0.171767204999924,89.74349829,-100.74627991,-3.92714157,-0.848351221956385,0.55957453396298,2.06723531964718
-11.749267578125,11.90185546875,-355.52978515625,-13.580322265625,-5.4931640625,-421.600341796875,3.44690561294556,-4.54388380050659,-5.01414060592651,0.73484206199646,-0.0997176170349121,0.147412538528442,-1.07621216773987,-6.35969257354736,6.26638555526733,0.337911367416382,-0.0919624343514442,0.0532112792134285,2.08795142173767,-2.90640544891357,7.59686851501465,-1.02690196037292,-0.536797225475311,0.111546009778976,-1.787553191185,-10.2954196929932,-0.623682081699371,0.11369750648737,0.106355845928192,0.174698561429977,89.7431849555,-100.7435979945,-3.928358331,-0.849664083062268,0.560349726321795,2.07202654207401
-11.6729736328125,11.9400024414063,-355.911254882813,-13.5040283203125,-5.4168701171875,-421.829223632813,3.43197536468506,-4.52119874954224,-4.9863133430481,0.732877731323242,-0.093901127576828,0.151415914297104,-1.12169432640076,-6.35804319381714,6.27741479873657,0.347488939762115,-0.0948304980993271,0.0513217113912106,2.10024094581604,-2.8840925693512,7.56950569152832,-1.03395628929138,-0.534334719181061,0.110976316034794,-1.77258622646332,-10.3186540603638,-0.655663669109344,0.11623065918684,0.104450106620789,0.17807774245739,89.742871621,-100.740916079,-3.929575092,-0.850976944168152,0.56112491868061,2.07681776450084
-11.5966796875,11.9781494140625,-356.292724609375,-13.427734375,-5.340576171875,-422.05810546875,3.41704535484314,-4.49851369857788,-4.95848655700684,0.730913400650024,-0.0880846455693245,0.155419275164604,-1.16717660427094,-6.35639381408691,6.28844404220581,0.357066512107849,-0.0976985618472099,0.0494321435689926,2.11253023147583,-2.86177968978882,7.54214286804199,-1.04101049900055,-0.53187221288681,0.110406614840031,-1.75761938095093,-10.3418884277344,-0.687645256519318,0.118763819336891,0.102544367313385,0.181456938385963,89.7425582865,-100.7382341635,-3.930791853,-0.852289805274037,0.561900111039425,2.08160898692767
-11.8637084960938,11.7874145507813,-356.4453125,-13.3895874023438,-5.30242919921875,-422.134399414063,3.40211510658264,-4.47582817077637,-4.93065929412842,0.728949129581451,-0.0822681561112404,0.159422650933266,-1.21265876293182,-6.35474443435669,6.29947328567505,0.366644084453583,-0.100566625595093,0.0475425757467747,2.1248197555542,-2.83946681022644,7.51478004455566,-1.04806482791901,-0.52940970659256,0.109836921095848,-1.74265241622925,-10.365122795105,-0.719626843929291,0.121296972036362,0.100638628005981,0.184836119413376,89.742244952,-100.735552248,-3.932008614,-0.853602666379921,0.56267530339824,2.08640020935449
-12.1307373046875,11.5966796875,-356.597900390625,-13.3514404296875,-5.2642822265625,-422.210693359375,3.38718509674072,-4.45314311981201,-4.90283203125,0.726984798908234,-0.0764516666531563,0.163426011800766,-1.258141040802,-6.35309505462646,6.31050252914429,0.376221656799316,-0.103434689342976,0.0456530079245567,2.13710927963257,-2.81715393066406,7.48741722106934,-1.05511915683746,-0.526947259902954,0.109267227351665,-1.72768545150757,-10.3883571624756,-0.751608371734619,0.123830132186413,0.0987328812479973,0.188215315341949,89.7419316175,-100.7328703325,-3.933225375,-0.854915527485805,0.563450495757054,2.09119143178132
-12.2833251953125,11.5966796875,-356.903076171875,-13.3514404296875,-5.035400390625,-422.36328125,3.37225484848022,-4.43045806884766,-4.87500476837158,0.725020468235016,-0.0706351846456528,0.167429387569427,-1.30362319946289,-6.35144567489624,6.32153177261353,0.38579922914505,-0.106302753090858,0.0437634401023388,2.14939856529236,-2.79484105110168,7.46005439758301,-1.06217348575592,-0.524484753608704,0.108697526156902,-1.71271860599518,-10.4115924835205,-0.783589959144592,0.126363292336464,0.0968271419405937,0.191594496369362,89.741618283,-100.730188417,-3.934442136,-0.856228388591688,0.564225688115869,2.09598265420815
-12.4359130859375,11.5966796875,-357.208251953125,-13.3514404296875,-4.8065185546875,-422.515869140625,3.35732483863831,-4.4077730178833,-4.84717798233032,0.723056137561798,-0.0648186951875687,0.171432748436928,-1.34910547733307,-6.34979629516602,6.33256101608276,0.395376801490784,-0.109170816838741,0.0418738722801208,2.16168808937073,-2.77252817153931,7.43269157409668,-1.06922769546509,-0.522022247314453,0.10812783241272,-1.6977516412735,-10.4348268508911,-0.815571546554565,0.128896445035934,0.0949214026331902,0.194973677396774,89.7413049485,-100.7275065015,-3.935658897,-0.857541249697572,0.565000880474684,2.10077387663497
-12.3977661132813,11.5203857421875,-357.589721679688,-13.3514404296875,-4.69207763671875,-422.897338867188,3.34239459037781,-4.38508749008179,-4.8193507194519,0.721091866493225,-0.0590022094547749,0.175436124205589,-1.39458763599396,-6.34814691543579,6.34359073638916,0.404954344034195,-0.112038880586624,0.0399843044579029,2.17397737503052,-2.75021529197693,7.40532875061035,-1.07628202438354,-0.519559741020203,0.107558138668537,-1.68278479576111,-10.4580612182617,-0.847553133964539,0.131429597735405,0.0930156633257866,0.198352873325348,89.740991614,-100.724824586,-3.936875658,-0.858854110803457,0.565776072833499,2.1055650990618
-12.359619140625,11.444091796875,-357.97119140625,-13.3514404296875,-4.57763671875,-423.27880859375,3.32746458053589,-4.36240243911743,-4.79152345657349,0.719127535820007,-0.053185723721981,0.17943948507309,-1.44006991386414,-6.34649753570557,6.3546199798584,0.414531916379929,-0.114906944334507,0.038094736635685,2.18626689910889,-2.72790241241455,7.37796592712402,-1.083336353302,-0.517097234725952,0.106988437473774,-1.66781783103943,-10.4812955856323,-0.879534721374512,0.133962750434875,0.091109924018383,0.20173205435276,89.7406782795,-100.7221426705,-3.938092419,-0.86016697190934,0.566551265192314,2.11035632148863
-12.3977661132813,11.444091796875,-358.352661132813,-13.2369995117188,-4.425048828125,-424.118041992188,3.31253433227539,-4.33971738815308,-4.76369667053223,0.71716320514679,-0.0473692379891872,0.183442860841751,-1.48555207252502,-6.34484815597534,6.36564922332764,0.424109488725662,-0.11777500808239,0.036205168813467,2.19855642318726,-2.70558953285217,7.3506031036377,-1.09039056301117,-0.514634728431702,0.106418743729591,-1.65285086631775,-10.5045299530029,-0.911516308784485,0.136495918035507,0.0892041847109795,0.205111250281334,89.740364945,-100.719460755,-3.93930918,-0.861479833015224,0.567326457551129,2.11514754391546
-12.4359130859375,11.444091796875,-358.734130859375,-13.12255859375,-4.2724609375,-424.957275390625,3.29760408401489,-4.31703233718872,-4.73586940765381,0.715198874473572,-0.0415527485311031,0.187446236610413,-1.53103423118591,-6.34319877624512,6.37667846679688,0.433687061071396,-0.120643071830273,0.0343156009912491,2.21084570884705,-2.68327665328979,7.32324028015137,-1.09744489192963,-0.512172222137451,0.105849049985409,-1.63788402080536,-10.5277643203735,-0.943497896194458,0.139029070734978,0.0872984454035759,0.208490431308746,89.7400516105,-100.7167788395,-3.940525941,-0.862792694121108,0.568101649909944,2.11993876634228
-12.51220703125,11.444091796875,-359.115600585938,-13.0844116210938,-4.08172607421875,-425.643920898438,3.28267407417297,-4.29434728622437,-4.70804214477539,0.713234543800354,-0.0357362627983093,0.191449597477913,-1.57651650905609,-6.34154939651489,6.38770771026611,0.44326463341713,-0.123511135578156,0.0324260331690311,2.22313523292542,-2.66096377372742,7.29587745666504,-1.10449922084808,-0.509709775447845,0.105279348790646,-1.62291705608368,-10.5509986877441,-0.975479423999786,0.141562223434448,0.0853926986455917,0.211869612336159,89.739738276,-100.714096924,-3.941742702,-0.864105555226992,0.568876842268759,2.12472998876911
-12.5885009765625,11.444091796875,-359.4970703125,-13.0462646484375,-3.8909912109375,-426.33056640625,3.26774382591248,-4.27166175842285,-4.68021535873413,0.711270272731781,-0.0299197770655155,0.195452973246574,-1.62199866771698,-6.33990001678467,6.39873695373535,0.452842205762863,-0.126379191875458,0.0305364672094584,2.23542475700378,-2.63865089416504,7.26851463317871,-1.11155343055725,-0.507247269153595,0.104709655046463,-1.607950091362,-10.5742330551147,-1.0074610710144,0.144095376133919,0.0834869593381882,0.215248808264732,89.7394249415,-100.7114150085,-3.942959463,-0.865418416332876,0.569652034627574,2.12952121119594
-12.7029418945313,11.3677978515625,-359.573364257813,-13.2369995117188,-3.70025634765625,-426.254272460938,3.25281381607056,-4.2489767074585,-4.65238809585571,0.709305942058563,-0.0241032894700766,0.199456334114075,-1.66748094558716,-6.33825063705444,6.40976619720459,0.462419778108597,-0.129247263073921,0.0286468993872404,2.24771404266357,-2.61633801460266,7.24115180969238,-1.11860775947571,-0.504784762859344,0.10413996130228,-1.59298324584961,-10.5974674224854,-1.03944265842438,0.146628528833389,0.0815812200307846,0.218627989292145,89.739111607,-100.708733093,-3.944176224,-0.86673127743876,0.570427226986389,2.13431243362277
-12.8173828125,11.29150390625,-359.649658203125,-13.427734375,-3.509521484375,-426.177978515625,3.23827147483826,-4.25807857513428,-4.6386284828186,0.706632196903229,-0.0179898552596569,0.204183340072632,-1.71147572994232,-6.32546520233154,6.4323992729187,0.470862746238708,-0.132820665836334,0.0259012170135975,2.25311470031738,-2.60145401954651,7.21872758865356,-1.12541115283966,-0.50088506937027,0.103640161454678,-1.57393038272858,-10.6219673156738,-1.06688380241394,0.147806510329247,0.0807453915476799,0.221838504076004,89.7387982725,-100.7060511775,-3.945392985,-0.868044138544644,0.571202419345203,2.1391036560496
-12.969970703125,11.0244750976563,-360.488891601563,-13.3895874023438,-3.31878662109375,-426.864624023438,3.22411680221558,-4.2989673614502,-4.63893604278564,0.703248977661133,-0.0115794716402888,0.209633961319923,-1.75398313999176,-6.30154371261597,6.46663570404053,0.478171080350876,-0.137099415063858,0.0222994200885296,2.25162625312805,-2.59399843215942,7.20124197006226,-1.1319637298584,-0.495548188686371,0.103210255503654,-1.5507915019989,-10.6477317810059,-1.08978462219238,0.147629290819168,0.0809794813394547,0.224880337715149,89.738484938,-100.703369262,-3.946609746,-0.869356999650528,0.571977611704018,2.14389487847642
-13.12255859375,10.7574462890625,-361.328125,-13.3514404296875,-3.1280517578125,-427.55126953125,3.20996236801147,-4.33985614776611,-4.63924360275269,0.699865818023682,-0.00516908802092075,0.215084597468376,-1.79649066925049,-6.27762222290039,6.50087261199951,0.485479444265366,-0.141378164291382,0.0186976250261068,2.25013780593872,-2.58654308319092,7.18375635147095,-1.13851630687714,-0.490211308002472,0.102780349552631,-1.52765262126923,-10.6734952926636,-1.11268556118011,0.147452086210251,0.0812135636806488,0.227922171354294,89.7381716035,-100.7006873465,-3.947826507,-0.870669860756412,0.572752804062833,2.14868610090325
-13.12255859375,10.68115234375,-361.785888671875,-13.3514404296875,-2.8228759765625,-427.8564453125,3.19580769538879,-4.38074493408203,-4.63955116271973,0.69648265838623,0.00124129571486264,0.220535218715668,-1.83899807929993,-6.25370025634766,6.5351095199585,0.492787778377533,-0.145656898617744,0.0150958281010389,2.24864959716797,-2.57908749580383,7.1662712097168,-1.14506888389587,-0.484874427318573,0.102350451052189,-1.50451374053955,-10.6992597579956,-1.13558638095856,0.147274866700172,0.081447646021843,0.2309640198946,89.737858269,-100.698005431,-3.949043268,-0.871982721862296,0.573527996421648,2.15347732333008
-13.12255859375,10.6048583984375,-362.24365234375,-13.3514404296875,-2.5177001953125,-428.16162109375,3.18165302276611,-4.42163372039795,-4.63985919952393,0.693099439144135,0.0076516792178154,0.22598585486412,-1.88150548934937,-6.22977876663208,6.56934595108032,0.500096142292023,-0.149935647845268,0.011494031175971,2.24716114997864,-2.57163190841675,7.14878559112549,-1.15162146091461,-0.479537546634674,0.101920545101166,-1.48137485980988,-10.7250242233276,-1.158487200737,0.147097662091255,0.0816817358136177,0.234005853533745,89.7375449345,-100.6953235155,-3.950260029,-0.87329558296818,0.574303188780463,2.15826854575691
-13.0844116210938,10.5667114257813,-362.701416015625,-13.1988525390625,-2.44140625,-428.924560546875,3.16749858856201,-4.46252250671387,-4.64016675949097,0.689716279506683,0.0140620628371835,0.231436491012573,-1.9240128993988,-6.2058572769165,6.60358285903931,0.507404446601868,-0.154214397072792,0.00789223425090313,2.24567270278931,-2.56417655944824,7.13129997253418,-1.15817403793335,-0.474200665950775,0.101490639150143,-1.4582359790802,-10.7507877349854,-1.18138802051544,0.146920457482338,0.0819158181548119,0.23704768717289,89.7372316,-100.6926416,-3.95147679,-0.874608444074064,0.575078381139278,2.16305976818373
-13.0462646484375,10.528564453125,-363.1591796875,-13.0462646484375,-2.3651123046875,-429.6875,3.15334391593933,-4.50341129302979,-4.64047431945801,0.686333119869232,0.0204724464565516,0.236887112259865,-1.96652030944824,-6.18193531036377,6.63781976699829,0.514712810516357,-0.158493146300316,0.0042904382571578,2.24418449401855,-2.55672097206116,7.11381435394287,-1.16472661495209,-0.468863785266876,0.1010607406497,-1.43509709835052,-10.7765522003174,-1.20428884029388,0.14674323797226,0.082149900496006,0.240089520812035,89.737433887,-100.692278211,-3.9514073025,-0.879033892368671,0.576132473296773,2.16777861086469
-13.2369995117188,10.3378295898438,-364.151000976563,-13.0844116210938,-2.17437744140625,-430.145263671875,3.13918948173523,-4.5443000793457,-4.64078187942505,0.682949900627136,0.0268828291445971,0.242337748408318,-2.00902771949768,-6.15801382064819,6.67205619812012,0.522021174430847,-0.16277189552784,0.000688641623128206,2.24269604682922,-2.54926562309265,7.09632873535156,-1.17127919197083,-0.463526874780655,0.100630834698677,-1.41195821762085,-10.8023166656494,-1.22718977928162,0.146566033363342,0.0823839902877808,0.24313135445118,89.737636174,-100.691914822,-3.951337815,-0.883459340663279,0.577186565454268,2.17249745354564
-13.427734375,10.1470947265625,-365.142822265625,-13.12255859375,-1.983642578125,-430.60302734375,3.12503480911255,-4.58518886566162,-4.64108991622925,0.679566740989685,0.0332932136952877,0.247788369655609,-2.05153512954712,-6.13409233093262,6.7062931060791,0.529329478740692,-0.167050644755363,-0.00291315489448607,2.24120759963989,-2.54181003570557,7.07884311676025,-1.17783176898956,-0.458189994096756,0.100200928747654,-1.38881933689117,-10.8280801773071,-1.25009059906006,0.146388813853264,0.0826180726289749,0.246173188090324,89.737838461,-100.691551433,-3.9512683275,-0.887884788957887,0.578240657611764,2.1772162962266
-13.580322265625,10.0326538085938,-365.982055664063,-13.0462646484375,-1.94549560546875,-431.289672851563,3.11088013648987,-4.62607765197754,-4.64139747619629,0.676183521747589,0.0397035963833332,0.253239005804062,-2.09404277801514,-6.11017036437988,6.74052953720093,0.536637842655182,-0.171329393982887,-0.00651495158672333,2.23971939086914,-2.53435444831848,7.06135749816895,-1.1843843460083,-0.452853113412857,0.0997710302472115,-1.3656804561615,-10.8538446426392,-1.2729914188385,0.146211609244347,0.0828521624207497,0.249215021729469,89.738040748,-100.691188044,-3.95119884,-0.892310237252495,0.579294749769259,2.18193513890756
-13.73291015625,9.918212890625,-366.8212890625,-12.969970703125,-1.9073486328125,-431.976318359375,3.09672570228577,-4.66696643829346,-4.64170503616333,0.672800362110138,0.0461139790713787,0.258689641952515,-2.13655018806458,-6.08624887466431,6.77476644515991,0.543946206569672,-0.17560812830925,-0.0101167475804687,2.23823094367981,-2.52689909934998,7.04387235641479,-1.19093692302704,-0.447516232728958,0.0993411242961884,-1.34254157543182,-10.8796091079712,-1.29589223861694,0.146034389734268,0.0830862447619438,0.252256870269775,89.738243035,-100.690824655,-3.9511293525,-0.896735685547102,0.580348841926754,2.18665398158851
-13.6566162109375,9.65118408203125,-367.355346679688,-13.0081176757813,-1.4495849609375,-432.43408203125,3.08257102966309,-4.70785522460938,-4.64201259613037,0.669417202472687,0.0525243654847145,0.264140248298645,-2.17905759811401,-6.06232738494873,6.8090033531189,0.551254570484161,-0.179886877536774,-0.0137185445055366,2.23674249649048,-2.51944351196289,7.02638673782349,-1.19748950004578,-0.442179352045059,0.0989112183451653,-1.31940269470215,-10.9053735733032,-1.31879317760468,0.145857185125351,0.083320327103138,0.25529870390892,89.738445322,-100.690461266,-3.951059865,-0.90116113384171,0.581402934084249,2.19137282426947
-13.580322265625,9.3841552734375,-367.889404296875,-13.0462646484375,-0.9918212890625,-432.891845703125,3.06841659545898,-4.74874401092529,-4.64232063293457,0.666033983230591,0.05893474817276,0.269590884447098,-2.22156500816345,-6.038405418396,6.84323978424072,0.558562874794006,-0.184165626764297,-0.0173203404992819,2.23525428771973,-2.51198816299438,7.00890111923218,-1.20404207706451,-0.43684247136116,0.0984813198447227,-1.29626381397247,-10.9311370849609,-1.34169399738312,0.145679965615273,0.0835544168949127,0.258340537548065,89.738647609,-100.690097877,-3.9509903775,-0.905586582136317,0.582457026241745,2.19609166695043
-13.580322265625,9.1552734375,-368.804931640625,-12.8555297851563,-0.87738037109375,-433.807373046875,3.0542619228363,-4.78963279724121,-4.64262819290161,0.66265082359314,0.0653451308608055,0.275041520595551,-2.26407241821289,-6.01448392868042,6.87747669219971,0.565871238708496,-0.188444375991821,-0.0209221374243498,2.2337658405304,-2.5045325756073,6.99141550064087,-1.21059465408325,-0.431505590677261,0.0980514138936996,-1.2731249332428,-10.956901550293,-1.36459481716156,0.145502761006355,0.0837884992361069,0.26138237118721,89.738849896,-100.689734488,-3.95092089,-0.910012030430926,0.58351111839924,2.20081050963138
-13.580322265625,8.9263916015625,-369.720458984375,-12.664794921875,-0.762939453125,-434.722900390625,3.0618200302124,-4.91702651977539,-4.67554903030396,0.661018073558807,0.0687007680535316,0.279211461544037,-2.25380492210388,-5.9813985824585,6.9282054901123,0.566903412342072,-0.194278702139854,-0.0257779769599438,2.21670031547546,-2.51752090454102,6.99066591262817,-1.2109352350235,-0.421351820230484,0.0968039333820343,-1.25734639167786,-10.9710817337036,-1.36885857582092,0.143276795744896,0.0857348889112473,0.262775331735611,89.739052183,-100.689371099,-3.9508514025,-0.914437478725533,0.584565210556735,2.20552935231234
-13.6947631835938,8.58306884765625,-370.635986328125,-12.6266479492188,-0.5340576171875,-435.104370117188,3.0693781375885,-5.04442024230957,-4.70846939086914,0.65938538312912,0.0720564126968384,0.283381402492523,-2.24353742599487,-5.94831323623657,6.9789342880249,0.567935585975647,-0.200113013386726,-0.0306338183581829,2.19963479042053,-2.53050923347473,6.98991584777832,-1.21127581596375,-0.411198049783707,0.0955564603209496,-1.24156785011292,-10.9852628707886,-1.37312233448029,0.141050845384598,0.0876812860369682,0.264168322086334,89.73925447,-100.68900771,-3.950781915,-0.918862927020141,0.585619302714231,2.21024819499329
-13.8092041015625,8.23974609375,-371.551513671875,-12.5885009765625,-0.30517578125,-435.48583984375,3.0769362449646,-5.17181396484375,-4.74139022827148,0.657752633094788,0.0754120498895645,0.287551373243332,-2.23326992988586,-5.91522789001465,7.0296630859375,0.568967759609222,-0.20594733953476,-0.035489659756422,2.1825692653656,-2.54349756240845,6.98916625976563,-1.2116162776947,-0.401044279336929,0.0943089798092842,-1.22578930854797,-10.9994430541992,-1.37738621234894,0.138824880123138,0.0896276757121086,0.265561282634735,89.739456757,-100.688644321,-3.9507124275,-0.923288375314748,0.586673394871726,2.21496703767425
-13.6947631835938,7.89642333984375,-372.314453125,-12.5503540039063,-0.2288818359375,-436.630249023438,3.0844943523407,-5.29920768737793,-4.77431106567383,0.6561199426651,0.0787676945328712,0.291721314191818,-2.22300243377686,-5.88214254379272,7.08039140701294,0.569999933242798,-0.211781665682793,-0.0403454974293709,2.16550374031067,-2.55648589134216,6.98841667175293,-1.21195685863495,-0.390890508890152,0.0930614992976189,-1.21001076698303,-11.0136241912842,-1.3816499710083,0.13659892976284,0.0915740728378296,0.266954243183136,89.739659044,-100.688280932,-3.95064294,-0.927713823609356,0.587727487029221,2.21968588035521
-13.580322265625,7.5531005859375,-373.077392578125,-12.51220703125,-0.152587890625,-437.774658203125,3.09205269813538,-5.42660140991211,-4.80723142623901,0.654487192630768,0.0821233317255974,0.295891255140305,-2.21273517608643,-5.84905672073364,7.13112020492554,0.571032047271729,-0.217615976929665,-0.04520133882761,2.14843821525574,-2.56947422027588,6.98766708374023,-1.2122974395752,-0.380736738443375,0.0918140187859535,-1.19423222541809,-11.0278043746948,-1.38591372966766,0.134372964501381,0.09352046251297,0.268347233533859,89.739861331,-100.687917543,-3.9505734525,-0.932139271903964,0.588781579186717,2.22440472303616
-13.4658813476563,7.51495361328125,-374.069213867188,-12.5503540039063,0.0762939453125,-438.461303710938,3.09961080551147,-5.55399513244629,-4.84015226364136,0.65285450220108,0.0854789763689041,0.300061196088791,-2.20246767997742,-5.81597137451172,7.18184900283813,0.572064220905304,-0.223450303077698,-0.0500571802258492,2.13137269020081,-2.58246254920959,6.98691701889038,-1.21263802051544,-0.370582967996597,0.0905665457248688,-1.17845368385315,-11.0419845581055,-1.39017748832703,0.132147014141083,0.0954668596386909,0.26974019408226,89.740063618,-100.687554154,-3.950503965,-0.936564720198572,0.589835671344212,2.22912356571712
-13.3514404296875,7.476806640625,-375.06103515625,-12.5885009765625,0.30517578125,-439.14794921875,3.10716891288757,-5.68138837814331,-4.87307262420654,0.651221752166748,0.0888346135616302,0.3042311668396,-2.19220018386841,-5.78288602828979,7.23257780075073,0.573096394538879,-0.229284629225731,-0.0549130216240883,2.11430740356445,-2.59545087814331,6.98616743087769,-1.21297860145569,-0.360429227352142,0.0893190652132034,-1.16267502307892,-11.0561656951904,-1.39444124698639,0.129921048879623,0.0974132493138313,0.271133184432983,89.740265905,-100.687190765,-3.9504344775,-0.940990168493179,0.590889763501707,2.23384240839808
-13.3895874023438,7.13348388671875,-375.9765625,-12.664794921875,0.49591064453125,-439.75830078125,3.11472702026367,-5.80878210067749,-4.90599346160889,0.649589061737061,0.092190258204937,0.308401107788086,-2.1819326877594,-5.74980068206787,7.28330659866333,0.574128568172455,-0.235118940472603,-0.0597688592970371,2.09724187850952,-2.60843920707703,6.98541784286499,-1.21331918239594,-0.350275456905365,0.0880715847015381,-1.14689648151398,-11.0703458786011,-1.39870500564575,0.127695098519325,0.0993596464395523,0.272526144981384,89.740468192,-100.686827376,-3.95036499,-0.945415616787787,0.591943855659202,2.23856125107903
-13.427734375,6.7901611328125,-376.89208984375,-12.7410888671875,0.6866455078125,-440.36865234375,3.12228512763977,-5.93617582321167,-4.93891429901123,0.647956311702728,0.0955458953976631,0.312571048736572,-2.17166519165039,-5.71671533584595,7.33403539657593,0.57516074180603,-0.240953266620636,-0.0646247044205666,2.08017635345459,-2.62142753601074,6.98466777801514,-1.21365964412689,-0.340121686458588,0.0868241116404533,-1.13111793994904,-11.084527015686,-1.4029688835144,0.125469133257866,0.101306036114693,0.273919105529785,89.740670479,-100.686463987,-3.9502955025,-0.949841065082394,0.592997947816697,2.24328009375999
-13.4658813476563,6.52313232421875,-377.960205078125,-12.6266479492188,0.762939453125,-441.055297851563,3.12984323501587,-6.06356954574585,-4.97183465957642,0.646323621273041,0.0989015325903893,0.316740989685059,-2.16139769554138,-5.68362998962402,7.38476419448853,0.576192915439606,-0.246787592768669,-0.0694805383682251,2.06311082839966,-2.63441586494446,6.98391819000244,-1.21400022506714,-0.32996791601181,0.085576631128788,-1.11533939838409,-11.0987071990967,-1.40723264217377,0.123243175446987,0.103252425789833,0.275312095880508,89.740872766,-100.686100598,-3.950226015,-0.954266513377003,0.594052039974193,2.24799893644094
-13.5040283203125,6.256103515625,-379.0283203125,-12.51220703125,0.8392333984375,-441.741943359375,3.13740134239197,-6.19096326828003,-5.00475549697876,0.644690871238708,0.102257177233696,0.320910930633545,-2.15113019943237,-5.6505446434021,7.43549251556396,0.577225089073181,-0.252621918916702,-0.0743363797664642,2.04604530334473,-2.64740419387817,6.98316860198975,-1.21434080600739,-0.319814145565033,0.0843291506171227,-1.09956085681915,-11.1128873825073,-1.41149640083313,0.121017217636108,0.105198822915554,0.276705056428909,89.741075053,-100.685737209,-3.9501565275,-0.95869196167161,0.595106132131688,2.2527177791219
-13.4658813476563,6.14166259765625,-380.020141601563,-12.5503540039063,1.02996826171875,-442.657470703125,3.14495944976807,-6.31835699081421,-5.0376763343811,0.643058180809021,0.105612814426422,0.325080901384354,-2.14086270332336,-5.61745929718018,7.48622131347656,0.578257262706757,-0.258456230163574,-0.0791922211647034,2.02897977828979,-2.66039252281189,6.98241853713989,-1.21468138694763,-0.309660375118256,0.0830816775560379,-1.08378231525421,-11.1270685195923,-1.41576015949249,0.11879125982523,0.107145212590694,0.27809801697731,89.74127734,-100.68537382,-3.95008704,-0.963117409966218,0.596160224289183,2.25743662180286
-13.427734375,6.0272216796875,-381.011962890625,-12.5885009765625,1.220703125,-443.572998046875,3.15251755714417,-6.44575071334839,-5.07059669494629,0.641425430774689,0.108968459069729,0.32925084233284,-2.13059520721436,-5.58437395095825,7.53695011138916,0.579289436340332,-0.264290541410446,-0.0840480625629425,2.01191425323486,-2.67338085174561,6.9816689491272,-1.21502196788788,-0.299506604671478,0.0818341970443726,-1.06800377368927,-11.1412487030029,-1.42002391815186,0.116565302014351,0.109091609716415,0.279491007328033,89.667093923,-100.506965375,-3.9456826065,-0.970277211297496,0.596737494787793,2.26170940710025
-13.3514404296875,5.76019287109375,-382.461547851563,-12.7410888671875,1.1444091796875,-444.488525390625,3.17569088935852,-6.60849285125732,-5.10956525802612,0.639913856983185,0.111502438783646,0.33471205830574,-2.07588839530945,-5.55258846282959,7.59836101531982,0.576076984405518,-0.2666035592556,-0.0865694880485535,1.99072432518005,-2.699711561203,7.01634740829468,-1.21101760864258,-0.289241582155228,0.0796387568116188,-1.04628551006317,-11.1558532714844,-1.41639685630798,0.115187771618366,0.111451633274555,0.280081450939178,89.592910506,-100.32855693,-3.941278173,-0.977437012628774,0.597314765286402,2.26598219239764
-13.275146484375,5.4931640625,-383.9111328125,-12.8936767578125,1.068115234375,-445.404052734375,3.21447944641113,-6.80658292770386,-5.15458106994629,0.63852334022522,0.113214761018753,0.341464519500732,-1.97674167156219,-5.52210378646851,7.6704535484314,0.568620026111603,-0.265395253896713,-0.0867564901709557,1.96540999412537,-2.73938488960266,7.08645343780518,-1.20266830921173,-0.278865337371826,0.0764953643083572,-1.01862740516663,-11.1708822250366,-1.40487885475159,0.114658683538437,0.114225283265114,0.279869347810745,89.518727089,-100.150148485,-3.9368737395,-0.984596813960053,0.597892035785012,2.27025497769504
-13.12255859375,5.07354736328125,-384.750366210938,-12.8555297851563,1.2969970703125,-445.785522460938,3.25326776504517,-7.00467300415039,-5.19959688186646,0.637132883071899,0.11492707580328,0.348216980695724,-1.87759518623352,-5.49161863327026,7.74254608154297,0.561163067817688,-0.264186918735504,-0.0869434997439384,1.94009554386139,-2.7790584564209,7.15655946731567,-1.19431900978088,-0.268489092588425,0.0733519643545151,-0.99096941947937,-11.1859102249146,-1.39336085319519,0.114129595458508,0.116998933255672,0.279657274484634,89.444543672,-99.97174004,-3.932469306,-0.991756615291331,0.598469306283622,2.27452776299243
-12.969970703125,4.6539306640625,-385.589599609375,-12.8173828125,1.52587890625,-446.1669921875,3.29205632209778,-7.20276308059692,-5.24461317062378,0.635742425918579,0.116639398038387,0.354969441890717,-1.77844858169556,-5.46113395690918,7.81463861465454,0.553706049919128,-0.262978613376617,-0.0871305018663406,1.9147812128067,-2.81873178482056,7.22666597366333,-1.18596971035004,-0.258112818002701,0.0702085644006729,-0.963311374187469,-11.2009391784668,-1.38184285163879,0.113600507378578,0.119772583246231,0.279445171356201,89.370360255,-99.793331595,-3.9280648725,-0.998916416622609,0.599046576782231,2.27880054828983
-12.8936767578125,4.15802001953125,-386.810302734375,-12.8555297851563,1.678466796875,-446.701049804688,3.33084487915039,-7.40085315704346,-5.28962898254395,0.634351909160614,0.118351720273495,0.361721903085709,-1.67930197715759,-5.43064880371094,7.88673162460327,0.546249091625214,-0.261770308017731,-0.0873175114393234,1.88946688175201,-2.85840511322021,7.29677200317383,-1.17762041091919,-0.247736573219299,0.0670651718974113,-0.935653328895569,-11.2159671783447,-1.3703248500824,0.113071419298649,0.12254623323679,0.27923309803009,89.296176838,-99.61492315,-3.923660439,-1.00607621795389,0.599623847280841,2.28307333358722
-12.8173828125,3.662109375,-388.031005859375,-12.8936767578125,1.8310546875,-447.235107421875,3.36963319778442,-7.59894323348999,-5.33464479446411,0.632961452007294,0.120064035058022,0.368474364280701,-1.58015549182892,-5.40016412734985,7.95882415771484,0.538792073726654,-0.260562002658844,-0.0875045210123062,1.86415243148804,-2.89807868003845,7.36687803268433,-1.16927111148834,-0.237360313534737,0.0639217719435692,-0.907995283603668,-11.230996131897,-1.358806848526,0.112542323768139,0.125319883227348,0.279020994901657,89.221993421,-99.436514705,-3.9192560055,-1.01323601928517,0.60020111777945,2.28734611888462
-12.7410888671875,3.24249267578125,-389.022827148438,-12.9318237304688,1.8310546875,-448.074340820313,3.40842175483704,-7.79703330993652,-5.37966108322144,0.631570994853973,0.121776357293129,0.375226825475693,-1.48100888729095,-5.36967897415161,8.03091716766357,0.531335115432739,-0.259353697299957,-0.0876915231347084,1.83883810043335,-2.93775200843811,7.43698453903198,-1.1609218120575,-0.226984053850174,0.060778371989727,-0.880337238311768,-11.2460241317749,-1.3472888469696,0.11201323568821,0.128093540668488,0.278808921575546,89.147810004,-99.25810626,-3.914851572,-1.02039582061644,0.60077838827806,2.29161890418201
-12.664794921875,2.8228759765625,-390.0146484375,-12.969970703125,1.8310546875,-448.91357421875,3.44721007347107,-7.99512338638306,-5.4246768951416,0.630180478096008,0.123488679528236,0.381979286670685,-1.38186228275299,-5.33919429779053,8.10300922393799,0.523878157138824,-0.258145362138748,-0.0878785327076912,1.81352376937866,-2.97742533683777,7.50709056854248,-1.15257251262665,-0.216607794165611,0.0576349757611752,-0.852679193019867,-11.2610530853271,-1.3357709646225,0.11148414760828,0.130867183208466,0.278596818447113,89.073626587,-99.079697815,-3.9104471385,-1.02755562194772,0.60135565877667,2.29589168947941
-12.51220703125,2.63214111328125,-391.311645507813,-12.8936767578125,1.94549560546875,-449.371337890625,3.48599863052368,-8.19321346282959,-5.46969270706177,0.628790020942688,0.125201001763344,0.388731747865677,-1.28271579742432,-5.30870914459229,8.17510223388672,0.516421139240265,-0.256937056779861,-0.0880655348300934,1.78820931911469,-3.01709890365601,7.57719659805298,-1.1442232131958,-0.20623154938221,0.0544915795326233,-0.825021147727966,-11.2760810852051,-1.3242529630661,0.110955059528351,0.133640840649605,0.278384745121002,88.99944317,-98.90128937,-3.906042705,-1.034715423279,0.601932929275279,2.3001644747768
-12.359619140625,2.44140625,-392.608642578125,-12.8173828125,2.0599365234375,-449.8291015625,3.52478718757629,-8.39130401611328,-5.51470899581909,0.627399504184723,0.126913323998451,0.395484209060669,-1.18356919288635,-5.2782244682312,8.24719429016113,0.50896418094635,-0.255728751420975,-0.0882525444030762,1.76289498806,-3.05677223205566,7.64730310440063,-1.13587391376495,-0.195855289697647,0.0513481795787811,-0.79736316204071,-11.2911100387573,-1.3127349615097,0.110425971448421,0.136414498090744,0.278172641992569,88.925259753,-98.722880925,-3.9016382715,-1.04187522461028,0.602510199773889,2.3044372600742
-12.20703125,2.0599365234375,-394.058227539063,-12.8555297851563,2.2125244140625,-450.74462890625,3.56357550621033,-8.58939361572266,-5.55972480773926,0.626009047031403,0.128625631332397,0.402236670255661,-1.08442258834839,-5.24773931503296,8.31928730010986,0.501507222652435,-0.254520446062088,-0.0884395465254784,1.73758065700531,-3.09644556045532,7.71740913391113,-1.12752461433411,-0.185479030013084,0.0482047833502293,-0.76970511674881,-11.3061380386353,-1.30121695995331,0.109896883368492,0.139188140630722,0.277960568666458,88.851076336,-98.54447248,-3.897233838,-1.04903502594156,0.603087470272498,2.30871004537159
-12.054443359375,1.678466796875,-395.5078125,-12.8936767578125,2.3651123046875,-451.66015625,3.60236406326294,-8.78748416900635,-5.60474061965942,0.624618589878082,0.130337953567505,0.408989131450653,-0.98527604341507,-5.21725463867188,8.39138031005859,0.494050204753876,-0.253312110900879,-0.0886265560984612,1.71226632595062,-3.13611888885498,7.78751516342163,-1.11917531490326,-0.175102770328522,0.0450613871216774,-0.742047071456909,-11.3211669921875,-1.28969895839691,0.109367787837982,0.141961798071861,0.277748465538025,88.776892919,-98.366064035,-3.8928294045,-1.05619482727284,0.603664740771108,2.31298283066899
-11.8255615234375,1.220703125,-397.03369140625,-13.0081176757813,2.47955322265625,-451.96533203125,3.64115238189697,-8.98557376861572,-5.64975690841675,0.623228073120117,0.132050275802612,0.415741592645645,-0.886129438877106,-5.18676948547363,8.46347236633301,0.486593246459961,-0.252103805541992,-0.0888135582208633,1.68695187568665,-3.17579245567322,7.85762166976929,-1.11082601547241,-0.16472652554512,0.0419179871678352,-0.714389026165009,-11.3361949920654,-1.27818095684052,0.108838699758053,0.144735440611839,0.277536392211914,88.702709502,-98.18765559,-3.888424971,-1.06335462860411,0.604242011269718,2.31725561596638
-11.5966796875,0.762939453125,-398.5595703125,-13.12255859375,2.593994140625,-452.2705078125,3.67994093894958,-9.18366432189941,-5.69477272033691,0.621837615966797,0.13376259803772,0.422494053840637,-0.786982893943787,-5.15628480911255,8.53556537628174,0.479136258363724,-0.250895500183105,-0.0890005677938461,1.66163754463196,-3.21546578407288,7.92772769927979,-1.10247671604156,-0.154350265860558,0.0387745909392834,-0.686730980873108,-11.3512239456177,-1.26666295528412,0.108309611678123,0.147509098052979,0.277324289083481,88.628526085,-98.009247145,-3.8840205375,-1.07051442993539,0.604819281768327,2.32152840126377
-11.3296508789063,0.26702880859375,-400.161743164063,-13.275146484375,2.55584716796875,-453.109741210938,3.77706265449524,-9.42171859741211,-5.68776082992554,0.621619760990143,0.137393742799759,0.429226636886597,-0.708262264728546,-5.09667682647705,8.57202816009521,0.467177212238312,-0.244275227189064,-0.0843868926167488,1.63229215145111,-3.27337026596069,8.08877277374268,-1.08829164505005,-0.152488023042679,0.0350263454020023,-0.659743905067444,-11.3672657012939,-1.2577987909317,0.110704600811005,0.150669753551483,0.27567532658577,88.554342668,-97.8308387,-3.879616104,-1.07767423126667,0.605396552266937,2.32580118656117
-11.0626220703125,-0.2288818359375,-401.763916015625,-13.427734375,2.5177001953125,-453.948974609375,3.87418413162231,-9.6597728729248,-5.68074941635132,0.621401906013489,0.141024872660637,0.435959219932556,-0.62954169511795,-5.03706932067871,8.60849094390869,0.455218195915222,-0.237654954195023,-0.0797732248902321,1.60294675827026,-3.33127450942993,8.24981689453125,-1.07410669326782,-0.150625795125961,0.0312780998647213,-0.63275682926178,-11.3833084106445,-1.24893450737,0.113099597394466,0.153830394148827,0.274026364088058,88.480159251,-97.652430255,-3.8752116705,-1.08483403259795,0.605973822765546,2.33007397185856
-10.528564453125,-0.5340576171875,-403.289794921875,-13.6184692382813,2.6702880859375,-454.177856445313,3.97130584716797,-9.8978271484375,-5.67373752593994,0.621184051036835,0.144656017422676,0.442691802978516,-0.55082106590271,-4.97746133804321,8.64495468139648,0.44325914978981,-0.23103466629982,-0.0751595497131348,1.57360136508942,-3.38917899131775,8.41086196899414,-1.05992162227631,-0.148763552308083,0.0275298524647951,-0.60576981306076,-11.3993501663208,-1.24007034301758,0.115494586527348,0.156991049647331,0.272377401590347,88.405975834,-97.47402181,-3.870807237,-1.09199383392923,0.606551093264156,2.33434675715596
-9.9945068359375,-0.8392333984375,-404.815673828125,-13.8092041015625,2.8228759765625,-454.40673828125,4.06842756271362,-10.1358804702759,-5.66672563552856,0.620966196060181,0.148287162184715,0.449424356222153,-0.472100466489792,-4.91785383224487,8.68141746520996,0.431300103664398,-0.224414393305779,-0.070545881986618,1.54425597190857,-3.44708323478699,8.57190704345703,-1.04573655128479,-0.146901324391365,0.0237816050648689,-0.578782737255096,-11.4153928756714,-1.23120617866516,0.117889575660229,0.160151690244675,0.270728439092636,88.331792417,-97.295613365,-3.8664028035,-1.09915363526051,0.607128363762765,2.33861954245335
-9.19342041015625,-0.95367431640625,-406.112670898438,-13.885498046875,2.93731689453125,-454.864501953125,4.16554927825928,-10.3739347457886,-5.65971422195435,0.620748341083527,0.151918306946754,0.456156939268112,-0.393379867076874,-4.85824584960938,8.71788024902344,0.419341057538986,-0.217794120311737,-0.0659322068095207,1.51491057872772,-3.5049877166748,8.73295211791992,-1.03155159950256,-0.145039081573486,0.0200333595275879,-0.551795661449432,-11.4314346313477,-1.22234189510345,0.12028457224369,0.163312345743179,0.269079476594925,88.257609,-97.11720492,-3.86199837,-1.10631343659178,0.607705634261375,2.34289232775075
-8.392333984375,-1.068115234375,-407.40966796875,-13.9617919921875,3.0517578125,-455.322265625,4.26267099380493,-10.6119890213013,-5.65270233154297,0.620530486106873,0.155549436807632,0.462889522314072,-0.314659267663956,-4.79863834381104,8.75434303283691,0.407382041215897,-0.211173847317696,-0.0613185353577137,1.48556518554688,-3.56289196014404,8.8939962387085,-1.01736652851105,-0.143176853656769,0.0162851121276617,-0.524808585643768,-11.4474773406982,-1.21347773075104,0.122679561376572,0.166472986340523,0.267430514097214,88.257569905,-97.1171998685,-3.86195907,-1.11204382596157,0.607050426699045,2.34657341160605
-7.9345703125,-1.4495849609375,-407.943725585938,-14.0380859375,2.899169921875,-455.780029296875,4.35979223251343,-10.850043296814,-5.64569044113159,0.620312631130219,0.159180581569672,0.469622105360031,-0.235938653349876,-4.73903036117554,8.79080677032471,0.395422995090485,-0.204553574323654,-0.0567048639059067,1.45621979236603,-3.62079644203186,9.05504131317139,-1.00318157672882,-0.14131461083889,0.0125368665903807,-0.497821539640427,-11.4635190963745,-1.20461344718933,0.125074550509453,0.169633641839027,0.265781551599503,88.25753081,-97.117194817,-3.86191977,-1.11777421533136,0.606395219136715,2.35025449546135
-7.476806640625,-1.8310546875,-408.477783203125,-14.1143798828125,2.74658203125,-456.23779296875,4.45691394805908,-11.0880975723267,-5.63867902755737,0.620094776153564,0.162811726331711,0.476354688405991,-0.157218053936958,-4.6794228553772,8.82726955413818,0.383463948965073,-0.197933301329613,-0.0520911924540997,1.42687439918518,-3.6787006855011,9.21608638763428,-0.988996505737305,-0.139452382922173,0.00878862012177706,-0.470834463834763,-11.4795618057251,-1.19574928283691,0.127469539642334,0.172794282436371,0.264132589101791,88.257491715,-97.1171897655,-3.86188047,-1.12350460470114,0.605740011574385,2.35393557931665
-7.43865966796875,-2.25067138671875,-409.622192382813,-14.190673828125,3.01361083984375,-456.84814453125,4.55403566360474,-11.3261518478394,-5.631667137146,0.61987692117691,0.166442856192589,0.48308727145195,-0.0784974470734596,-4.6198148727417,8.86373233795166,0.371504902839661,-0.19131301343441,-0.0474775172770023,1.39752900600433,-3.73660516738892,9.37713050842285,-0.974811494350433,-0.137590140104294,0.00504037365317345,-0.443847388029099,-11.4956035614014,-1.1868851184845,0.129864543676376,0.175954937934875,0.26248362660408,88.25745262,-97.117184714,-3.86184117,-1.12923499407093,0.605084804012055,2.35761666317195
-7.4005126953125,-2.6702880859375,-410.7666015625,-14.2669677734375,3.2806396484375,-457.45849609375,4.65115737915039,-11.5642061233521,-5.62465524673462,0.619659066200256,0.170074000954628,0.48981985449791,0.000223155380808748,-4.56020736694336,8.90019512176514,0.359545886516571,-0.184692740440369,-0.0428638458251953,1.36818361282349,-3.79450941085815,9.53817558288574,-0.960626423358917,-0.135727912187576,0.00129212730098516,-0.416860342025757,-11.511646270752,-1.17802083492279,0.132259532809258,0.17911559343338,0.260834664106369,88.257413525,-97.1171796625,-3.86180187,-1.13496538344071,0.604429596449725,2.36129774702725
-7.01904296875,-3.16619873046875,-411.911010742188,-14.34326171875,3.24249267578125,-457.916259765625,4.74827909469604,-11.8022594451904,-5.6176438331604,0.619441211223602,0.173705145716667,0.496552407741547,0.0789437592029572,-4.50059938430786,8.93665790557861,0.347586840391159,-0.178072467446327,-0.0382501743733883,1.33883821964264,-3.85241389274597,9.69922065734863,-0.946441411972046,-0.133865669369698,-0.00245611905120313,-0.389873266220093,-11.5276880264282,-1.16915667057037,0.134654521942139,0.182276234030724,0.259185701608658,88.25737443,-97.117174611,-3.86176257,-1.1406957728105,0.603774388887395,2.36497883088255
-6.6375732421875,-3.662109375,-413.055419921875,-14.4195556640625,3.204345703125,-458.3740234375,4.8454008102417,-12.0403137207031,-5.61063194274902,0.619223356246948,0.177336275577545,0.503284990787506,0.157664358615875,-4.44099187850952,8.97312164306641,0.335627794265747,-0.171452194452286,-0.0336365029215813,1.30949282646179,-3.91031813621521,9.86026477813721,-0.932256400585175,-0.13200344145298,-0.0062043652869761,-0.362886190414429,-11.5437307357788,-1.16029250621796,0.13704951107502,0.185436889529228,0.257536739110947,88.257335335,-97.1171695595,-3.86172327,-1.14642616218028,0.603119181325065,2.36865991473785
-6.866455078125,-4.08172607421875,-414.657592773438,-14.5721435546875,3.16619873046875,-458.526611328125,4.94252252578735,-12.2783679962158,-5.60362005233765,0.619005501270294,0.180967420339584,0.510017573833466,0.236384972929955,-4.38138389587402,9.00958442687988,0.323668748140335,-0.164831921458244,-0.0290228296071291,1.28014743328094,-3.96822261810303,10.0213098526001,-0.918071389198303,-0.130141198635101,-0.009952612221241,-0.335899144411087,-11.5597724914551,-1.15142822265625,0.139444500207901,0.188597530126572,0.255887776613235,88.25729624,-97.117164508,-3.86168397,-1.15215655155007,0.602463973762736,2.37234099859315
-7.0953369140625,-4.5013427734375,-416.259765625,-14.7247314453125,3.1280517578125,-458.67919921875,5.02257966995239,-12.4632129669189,-5.58917570114136,0.620042026042938,0.183479070663452,0.513842642307281,0.265304535627365,-4.34422826766968,9.02318668365479,0.311770051717758,-0.158012211322784,-0.0240698996931314,1.24217319488525,-4.02812957763672,10.1704597473145,-0.905709385871887,-0.132472544908524,-0.0119206290692091,-0.313201874494553,-11.5738544464111,-1.15579009056091,0.141508743166924,0.191458642482758,0.254230290651321,88.257257145,-97.1171594565,-3.86164467,-1.15788694091986,0.601808766200406,2.37602208244845
-6.6375732421875,-4.99725341796875,-416.793823242188,-14.9917602539063,3.1280517578125,-459.28955078125,5.08557271957397,-12.5948486328125,-5.56729793548584,0.62233293056488,0.18487124145031,0.514760255813599,0.244423091411591,-4.32952404022217,9.01392841339111,0.299931704998016,-0.150993064045906,-0.018777709454298,1.19557011127472,-4.09003973007202,10.3077144622803,-0.895170450210571,-0.138997480273247,-0.0121084162965417,-0.29479444026947,-11.585976600647,-1.17337799072266,0.143242210149765,0.194020226597786,0.252564281225204,88.25721805,-97.117154405,-3.86160537,-1.16361733028964,0.601153558638076,2.37970316630375
-6.1798095703125,-5.4931640625,-417.327880859375,-15.2587890625,3.1280517578125,-459.89990234375,5.14856576919556,-12.7264842987061,-5.54542064666748,0.624623835086823,0.186263412237167,0.515677869319916,0.223541647195816,-4.31482028961182,9.00467109680176,0.288093358278275,-0.143973916769028,-0.0134855201467872,1.14896702766418,-4.15194940567017,10.4449701309204,-0.884631514549255,-0.145522400736809,-0.0122962035238743,-0.276387006044388,-11.5980978012085,-1.19096577167511,0.144975677132607,0.196581810712814,0.25089830160141,88.257178955,-97.1171493535,-3.86156607,-1.16934771965943,0.600498351075746,2.38338425015905
-5.98907470703125,-5.98907470703125,-417.861938476563,-15.4876708984375,3.24249267578125,-460.052490234375,5.21155881881714,-12.8581209182739,-5.52354335784912,0.626914739608765,0.187655583024025,0.516595482826233,0.20266018807888,-4.30011606216431,8.99541282653809,0.276255011558533,-0.136954784393311,-0.00819332990795374,1.10236382484436,-4.21385955810547,10.5822248458862,-0.874092578887939,-0.152047336101532,-0.0124839907512069,-0.257979542016983,-11.6102199554443,-1.20855367183685,0.146709159016609,0.199143394827843,0.249232292175293,88.25713986,-97.117144302,-3.86152677,-1.17507810902921,0.599843143513416,2.38706533401435
-5.79833984375,-6.4849853515625,-418.39599609375,-15.716552734375,3.35693359375,-460.205078125,5.27455186843872,-12.9897565841675,-5.5016655921936,0.629205644130707,0.189047753810883,0.51751309633255,0.181778743863106,-4.2854118347168,8.98615455627441,0.264416664838791,-0.129935637116432,-0.00290114060044289,1.05576074123383,-4.27576923370361,10.7194795608521,-0.863553643226624,-0.158572256565094,-0.0126717779785395,-0.239572107791901,-11.6223411560059,-1.2261415719986,0.148442625999451,0.201704978942871,0.247566282749176,88.257100765,-97.1171392505,-3.86148747,-1.180808498399,0.599187935951086,2.39074641786966
-5.340576171875,-6.98089599609375,-419.00634765625,-15.5258178710938,3.1280517578125,-460.739135742188,5.3375449180603,-13.121392250061,-5.47978830337524,0.631496608257294,0.19043992459774,0.518430709838867,0.16089728474617,-4.27070808410645,8.97689723968506,0.252578318119049,-0.122916497290134,0.00239104893989861,1.00915765762329,-4.33767890930176,10.8567342758179,-0.853014707565308,-0.165097191929817,-0.0128595652058721,-0.221164658665657,-11.6344633102417,-1.24372935295105,0.150176092982292,0.204266563057899,0.245900273323059,88.25706167,-97.117134199,-3.86144817,-1.18653888776879,0.598532728388756,2.39442750172496
-4.8828125,-7.476806640625,-419.61669921875,-15.3350830078125,2.899169921875,-461.273193359375,5.40053796768188,-13.2530279159546,-5.45791101455688,0.633787512779236,0.191832095384598,0.519348323345184,0.140015840530396,-4.25600385665894,8.96763896942139,0.240739971399307,-0.115897357463837,0.00768323848024011,0.962554514408112,-4.39958906173706,10.9939889907837,-0.842475771903992,-0.171622112393379,-0.0130473524332047,-0.202757209539413,-11.6465845108032,-1.26131725311279,0.151909574866295,0.206828147172928,0.244234278798103,88.257022575,-97.1171291475,-3.86140887,-1.19226927713857,0.597877520826426,2.39810858558026
-4.57763671875,-7.66754150390625,-419.845581054688,-15.4876708984375,2.9754638671875,-461.73095703125,5.46353101730347,-13.3846635818481,-5.43603324890137,0.636078417301178,0.193224266171455,0.520265936851501,0.11913438141346,-4.24130010604858,8.95838069915771,0.228901609778404,-0.108878217637539,0.0129754282534122,0.915951430797577,-4.46149873733521,11.1312446594238,-0.831936836242676,-0.178147047758102,-0.0132351396605372,-0.18434976041317,-11.6587066650391,-1.27890515327454,0.153643041849136,0.209389731287956,0.242568269371986,88.25698348,-97.117124096,-3.86136957,-1.19799966650836,0.597222313264096,2.40178966943556
-4.2724609375,-7.8582763671875,-420.074462890625,-15.6402587890625,3.0517578125,-462.188720703125,5.52652406692505,-13.5162992477417,-5.41415596008301,0.63836932182312,0.194616436958313,0.521183550357819,0.0982529297471046,-4.22659587860107,8.94912338256836,0.217063263058662,-0.101859070360661,0.0182676184922457,0.869348287582397,-4.52340888977051,11.2684993743896,-0.82139790058136,-0.184671968221664,-0.0134229268878698,-0.165942326188087,-11.6708278656006,-1.29649293422699,0.155376508831978,0.211951315402985,0.240902274847031,88.256944385,-97.1171190445,-3.86133027,-1.20373005587814,0.596567105701766,2.40547075329086
-4.1961669921875,-7.9345703125,-420.913696289063,-15.6402587890625,3.01361083984375,-462.34130859375,5.58951711654663,-13.6479349136353,-5.39227819442749,0.640660226345062,0.196008607745171,0.522101104259491,0.0773714780807495,-4.21189165115356,8.93986511230469,0.205224916338921,-0.0948399305343628,0.023559806868434,0.822745144367218,-4.58531856536865,11.4057540893555,-0.810858964920044,-0.191196903586388,-0.013610715046525,-0.147534877061844,-11.6829500198364,-1.31408083438873,0.157109990715981,0.214512899518013,0.239236265420914,88.25690529,-97.117113993,-3.86129097,-1.20946044524793,0.595911898139436,2.40915183714616
-4.119873046875,-8.0108642578125,-421.7529296875,-15.6402587890625,2.9754638671875,-462.493896484375,5.65251016616821,-13.7795715332031,-5.37040090560913,0.642951130867004,0.197400778532028,0.523018717765808,0.0564900264143944,-4.19718790054321,8.93060684204102,0.193386569619179,-0.087820790708065,0.0288519971072674,0.776142060756683,-4.64722871780396,11.5430088043213,-0.800320029258728,-0.19772182404995,-0.0137985022738576,-0.1291274279356,-11.6950712203979,-1.33166873455048,0.158843457698822,0.217074483633041,0.237570270895958,88.256866195,-97.1171089415,-3.86125167,-1.21519083461772,0.595256690577106,2.41283292100146
-4.23431396484375,-8.23974609375,-422.36328125,-15.4876708984375,2.86102294921875,-463.027954101563,5.71550321578979,-13.9112071990967,-5.34852361679077,0.645242094993591,0.198792949318886,0.523936331272125,0.0356085747480392,-4.1824836730957,8.92134857177734,0.181548207998276,-0.0808016508817673,0.0341441854834557,0.729538917541504,-4.7091383934021,11.6802644729614,-0.789781093597412,-0.204246759414673,-0.0139862895011902,-0.110719986259937,-11.7071933746338,-1.34925663471222,0.160576924681664,0.21963606774807,0.235904261469841,88.2568271,-97.11710389,-3.86121237,-1.2209212239875,0.594601483014776,2.41651400485676
-4.3487548828125,-8.4686279296875,-422.9736328125,-15.3350830078125,2.74658203125,-463.56201171875,5.77849626541138,-14.0428428649902,-5.32664585113525,0.647532999515533,0.200185120105743,0.524853944778442,0.0147271230816841,-4.16777992248535,8.91209125518799,0.169709861278534,-0.0737825036048889,0.0394363775849342,0.682935833930969,-4.7710485458374,11.8175191879272,-0.779242157936096,-0.210771679878235,-0.0141740767285228,-0.0923125371336937,-11.7193145751953,-1.36684441566467,0.162310406565666,0.222197651863098,0.234238266944885,88.2243584675,-97.0745449005,-3.859803796,-1.22067162135482,0.595221659281462,2.41968101151913
-4.5013427734375,-8.544921875,-423.202514648438,-15.56396484375,2.6702880859375,-463.714599609375,5.84148931503296,-14.1744785308838,-5.30476856231689,0.649823904037476,0.201577290892601,0.52577155828476,-0.00615432858467102,-4.15307569503784,8.90283298492432,0.157871514558792,-0.0667633637785912,0.0447285659611225,0.63633269071579,-4.83295822143555,11.9547739028931,-0.76870322227478,-0.217296615242958,-0.0143618639558554,-0.0739050954580307,-11.7314367294312,-1.38443231582642,0.164043873548508,0.224759235978127,0.232572257518768,88.191889835,-97.031985911,-3.858395222,-1.22042201872213,0.595841835548148,2.42284801818149
-4.6539306640625,-8.6212158203125,-423.431396484375,-15.7928466796875,2.593994140625,-463.8671875,5.84017133712769,-14.2233657836914,-5.28340673446655,0.654081463813782,0.209564805030823,0.517443537712097,-0.0572804883122444,-4.17690086364746,8.86722564697266,0.149148121476173,-0.0626478493213654,0.0477981343865395,0.607664167881012,-4.85087728500366,11.9530420303345,-0.773516178131104,-0.222404420375824,-0.0105082662776113,-0.0606059841811657,-11.7336568832397,-1.42269790172577,0.163433626294136,0.225722312927246,0.231239452958107,88.1594212025,-96.9894269215,-3.856986648,-1.22017241608944,0.596462011814834,2.42601502484386
-4.84466552734375,-8.544921875,-423.431396484375,-15.6402587890625,2.55584716796875,-464.248657226563,5.83885335922241,-14.2722520828247,-5.26204490661621,0.658339023590088,0.217552319169044,0.509115517139435,-0.108406648039818,-4.20072650909424,8.831618309021,0.140424713492393,-0.0585323423147202,0.0508677065372467,0.578995645046234,-4.86879634857178,11.9513101577759,-0.778329074382782,-0.22751222550869,-0.00665466859936714,-0.0473068691790104,-11.735876083374,-1.46096348762512,0.162823393940926,0.226685389876366,0.229906648397446,88.12695257,-96.946867932,-3.855578074,-1.21992281345675,0.59708218808152,2.42918203150622
-5.035400390625,-8.4686279296875,-423.431396484375,-15.4876708984375,2.5177001953125,-464.630126953125,5.83753538131714,-14.3211393356323,-5.24068355560303,0.662596583366394,0.225539833307266,0.500787496566772,-0.159532815217972,-4.22455167770386,8.79601192474365,0.131701320409775,-0.0544168315827847,0.0539372749626637,0.550327122211456,-4.88671541213989,11.9495782852173,-0.783142030239105,-0.232620045542717,-0.00280107092112303,-0.0340077579021454,-11.7380962371826,-1.49922907352448,0.162213146686554,0.227648481726646,0.228573843836784,88.0944839375,-96.9043089425,-3.8541695,-1.21967321082407,0.597702364348205,2.43234903816859
-5.18798828125,-8.43048095703125,-423.431396484375,-15.7546997070313,2.44140625,-464.553833007813,5.83621740341187,-14.3700256347656,-5.21932172775269,0.666854202747345,0.233527347445488,0.492459505796432,-0.210658967494965,-4.24837732315063,8.76040458679199,0.122977919876575,-0.0503013208508492,0.0570068471133709,0.521658599376678,-4.90463447570801,11.9478464126587,-0.787954926490784,-0.237727850675583,0.00105252687353641,-0.0207086447626352,-11.7403163909912,-1.53749465942383,0.161602899432182,0.228611558675766,0.227241039276123,88.062015305,-96.861749953,-3.852760926,-1.21942360819138,0.598322540614891,2.43551604483095
-5.340576171875,-8.392333984375,-423.431396484375,-16.021728515625,2.3651123046875,-464.4775390625,5.83489942550659,-14.4189128875732,-5.19795989990234,0.671111762523651,0.24151486158371,0.48413148522377,-0.261785119771957,-4.27220249176025,8.72479724884033,0.114254519343376,-0.0461858101189137,0.0600764155387878,0.492990046739578,-4.92255306243896,11.9461145401001,-0.792767882347107,-0.242835655808449,0.0049061244353652,-0.00740953302010894,-11.7425365447998,-1.57576024532318,0.160992667078972,0.229574635624886,0.225908249616623,88.0295466725,-96.8191909635,-3.851352352,-1.21917400555869,0.598942716881577,2.43868305149332
-5.18798828125,-8.27789306640625,-423.583984375,-16.0598754882813,2.3651123046875,-464.630126953125,5.83358144760132,-14.4677991867065,-5.176598072052,0.675369322299957,0.249502375721931,0.475803464651108,-0.312911301851273,-4.29602766036987,8.68918991088867,0.105531118810177,-0.0420702993869781,0.0631459876894951,0.4643215239048,-4.94047212600708,11.9443826675415,-0.797580778598785,-0.247943460941315,0.00875972211360931,0.00588957965373993,-11.7447557449341,-1.61402583122253,0.1603824198246,0.230537712574005,0.224575445055962,87.99707804,-96.776631974,-3.849943778,-1.218924402926,0.599562893148263,2.44185005815569
-5.035400390625,-8.1634521484375,-423.736572265625,-16.0980224609375,2.3651123046875,-464.78271484375,5.83226299285889,-14.5166864395142,-5.15523624420166,0.679626882076263,0.257489889860153,0.467475473880768,-0.364037454128265,-4.31985330581665,8.65358257293701,0.0968077182769775,-0.0379547886550426,0.0662155523896217,0.435653001070023,-4.9583911895752,11.9426507949829,-0.802393734455109,-0.253051280975342,0.0126133197918534,0.0191886927932501,-11.7469758987427,-1.65229141712189,0.159772172570229,0.231500789523125,0.2232426404953,87.9646094075,-96.7340729845,-3.848535204,-1.21867480029332,0.600183069414948,2.44501706481805
-4.92095947265625,-8.12530517578125,-423.583984375,-16.0598754882813,2.17437744140625,-465.240478515625,5.83094501495361,-14.5655727386475,-5.13387441635132,0.68388444185257,0.265477389097214,0.459147453308105,-0.415163606405258,-4.34367847442627,8.61797523498535,0.0880843177437782,-0.0338392779231071,0.069285124540329,0.406984478235245,-4.97631025314331,11.9409189224243,-0.807206630706787,-0.258159071207047,0.0164669174700975,0.0324878059327602,-11.7491960525513,-1.69055700302124,0.159161940217018,0.232463866472244,0.221909835934639,87.932140775,-96.691513995,-3.84712663,-1.21842519766063,0.600803245681634,2.44818407148042
-4.8065185546875,-8.087158203125,-423.431396484375,-16.021728515625,1.983642578125,-465.6982421875,5.82962703704834,-14.6144599914551,-5.11251306533813,0.688142001628876,0.273464918136597,0.450819432735443,-0.466289758682251,-4.36750411987305,8.58236885070801,0.0793609246611595,-0.0297237653285265,0.0723546966910362,0.378315955400467,-4.99422931671143,11.9391870498657,-0.81201958656311,-0.263266891241074,0.0203205160796642,0.0457869172096252,-11.7514152526855,-1.72882258892059,0.158551692962646,0.233426958322525,0.220577031373978,87.8996721425,-96.6489550055,-3.845718056,-1.21817559502794,0.60142342194832,2.45135107814278
-4.8065185546875,-8.1634521484375,-424.1943359375,-15.9454345703125,1.79290771484375,-465.927124023438,5.82830905914307,-14.6633472442627,-5.09115123748779,0.692399561405182,0.281452417373657,0.442491412162781,-0.517415940761566,-4.39132928848267,8.54676151275635,0.0706375241279602,-0.025608254596591,0.0754242688417435,0.349647432565689,-5.01214838027954,11.9374551773071,-0.816832542419434,-0.268374681472778,0.0241741128265858,0.0590860284864902,-11.7536354064941,-1.76708817481995,0.157941445708275,0.234390035271645,0.219244226813316,87.86720351,-96.606396016,-3.844309482,-1.21792599239526,0.602043598215006,2.45451808480515
-4.8065185546875,-8.23974609375,-424.957275390625,-15.869140625,1.6021728515625,-466.156005859375,5.82699108123779,-14.712233543396,-5.06978940963745,0.696657180786133,0.28943994641304,0.434163391590118,-0.568542063236237,-4.41515445709229,8.51115417480469,0.0619141235947609,-0.0214927438646555,0.0784938335418701,0.320978879928589,-5.03006744384766,11.9357233047485,-0.821645438671112,-0.273482501506805,0.0280277114361525,0.0723851397633553,-11.7558555603027,-1.8053537607193,0.157331213355064,0.235353112220764,0.217911422252655,87.8347348775,-96.5638370265,-3.842900908,-1.21767638976257,0.602663774481692,2.45768509146751
-5.14984130859375,-8.20159912109375,-424.728393554688,-15.8309936523438,1.4495849609375,-466.30859375,5.82567310333252,-14.7611207962036,-5.04842758178711,0.700914740562439,0.297427445650101,0.425835400819778,-0.619668245315552,-4.43898010253906,8.47554683685303,0.0531907230615616,-0.01737723313272,0.0815634056925774,0.292310357093811,-5.04798650741577,11.9339914321899,-0.826458394527435,-0.278590321540833,0.0318813100457191,0.0856842547655106,-11.758074760437,-1.84361934661865,0.156720966100693,0.236316189169884,0.216578617691994,87.802266245,-96.521278037,-3.841492334,-1.21742678712988,0.603283950748377,2.46085209812988
-5.4931640625,-8.1634521484375,-424.49951171875,-15.7928466796875,1.2969970703125,-466.461181640625,5.82435512542725,-14.8100070953369,-5.02706575393677,0.705172300338745,0.305414974689484,0.417507380247116,-0.670794427394867,-4.46280527114868,8.43993949890137,0.0444673262536526,-0.0132617224007845,0.0846329778432846,0.263641834259033,-5.06590557098389,11.9322595596313,-0.831271290779114,-0.283698111772537,0.0357349067926407,0.0989833697676659,-11.7602949142456,-1.88188493251801,0.156110718846321,0.237279266119003,0.215245813131332,87.7697976125,-96.4787190475,-3.84008376,-1.21717718449719,0.603904127015063,2.46401910479224
-5.91278076171875,-8.04901123046875,-424.346923828125,-15.8309936523438,0.87738037109375,-466.384887695313,5.78582572937012,-14.7726774215698,-5.02754497528076,0.708803772926331,0.312573403120041,0.406995266675949,-0.714377582073212,-4.49600267410278,8.40438747406006,0.0375964045524597,-0.0106151103973389,0.0864449515938759,0.254217177629471,-5.07213735580444,11.8781967163086,-0.842367351055145,-0.284135729074478,0.0393256992101669,0.108549259603024,-11.7623243331909,-1.90155494213104,0.154726818203926,0.238432869315147,0.213644057512283,87.73732898,-96.436160058,-3.838675186,-1.21692758186451,0.604524303281749,2.46718611145461
-6.3323974609375,-7.9345703125,-424.1943359375,-15.869140625,0.457763671875,-466.30859375,5.71008443832397,-14.6491298675537,-5.04986524581909,0.711809158325195,0.318902760744095,0.3942990899086,-0.750417709350586,-4.53857135772705,8.36888885498047,0.032577957957983,-0.00943739712238312,0.0869993269443512,0.264036357402802,-5.06668281555176,11.771803855896,-0.859746515750885,-0.27990311384201,0.0426536872982979,0.114381931722164,-11.7641639709473,-1.90262925624847,0.152569249272346,0.239776968955994,0.211773335933685,87.7048603475,-96.3936010685,-3.837266612,-1.21667797923182,0.605144479548435,2.47035311811697
-6.29425048828125,-7.7056884765625,-423.812866210938,-16.0980224609375,0.41961669921875,-466.537475585938,5.63434362411499,-14.5255832672119,-5.07218503952026,0.714814484119415,0.325232118368149,0.381602883338928,-0.78645783662796,-4.58114004135132,8.3333911895752,0.0275595095008612,-0.00825968384742737,0.0875537022948265,0.273855566978455,-5.06122779846191,11.6654100418091,-0.877125680446625,-0.275670528411865,0.0459816716611385,0.120214603841305,-11.7660026550293,-1.90370357036591,0.150411680340767,0.24112106859684,0.209902614355087,87.672391715,-96.351042079,-3.835858038,-1.21642837659913,0.605764655815121,2.47352012477934
-6.256103515625,-7.476806640625,-423.431396484375,-16.326904296875,0.3814697265625,-466.766357421875,5.55860233306885,-14.4020357131958,-5.09450531005859,0.71781986951828,0.33156144618988,0.368906676769257,-0.822497963905334,-4.62370872497559,8.29789257049561,0.0225410647690296,-0.00708197103813291,0.0881080776453018,0.283674776554108,-5.05577325820923,11.5590171813965,-0.894504845142365,-0.27143794298172,0.0493096597492695,0.126047268509865,-11.7678422927856,-1.90477800369263,0.148254111409187,0.242465168237686,0.208031892776489,87.6399230825,-96.3084830895,-3.834449464,-1.21617877396644,0.606384832081806,2.47668713144171
-6.67572021484375,-7.28607177734375,-423.431396484375,-16.326904296875,0.30517578125,-466.842651367188,5.48286104202271,-14.278489112854,-5.11682558059692,0.720825254917145,0.337890803813934,0.356210470199585,-0.858538091182709,-4.66627740859985,8.26239490509033,0.0175226181745529,-0.00590425776317716,0.0886624604463577,0.293493956327438,-5.05031824111938,11.4526233673096,-0.911884009838104,-0.267205357551575,0.0526376478374004,0.131879940629005,-11.7696809768677,-1.90585231781006,0.146096542477608,0.243809267878532,0.206161171197891,87.60745445,-96.2659241,-3.83304089,-1.21592917133376,0.607005008348492,2.47985413810407
-7.0953369140625,-7.0953369140625,-423.431396484375,-16.326904296875,0.2288818359375,-466.9189453125,5.40712022781372,-14.1549425125122,-5.1391453742981,0.723830580711365,0.344220161437988,0.343514293432236,-0.894578218460083,-4.70884609222412,8.22689723968506,0.0125041715800762,-0.00472654448822141,0.089216835796833,0.303313165903091,-5.04486322402954,11.3462295532227,-0.929263174533844,-0.262972742319107,0.0559656322002411,0.137712612748146,-11.7715196609497,-1.90692663192749,0.143938973546028,0.245153367519379,0.204290449619293,87.607288856,-96.265826484,-3.8329401605,-1.21317668797847,0.608048444522105,2.48267567365162
-7.13348388671875,-6.98089599609375,-423.202514648438,-16.4031982421875,0.0762939453125,-466.690063476563,5.33137893676758,-14.0313949584961,-5.16146564483643,0.726835966110229,0.350549519062042,0.330818086862564,-0.930618345737457,-4.75141477584839,8.19139862060547,0.00748572498559952,-0.00354883121326566,0.0897712111473083,0.313132375478745,-5.03940868377686,11.2398366928101,-0.946642339229584,-0.258740156888962,0.059293620288372,0.143545284867287,-11.7733592987061,-1.90800094604492,0.141781404614449,0.246497467160225,0.202419728040695,87.607123262,-96.265728868,-3.832839431,-1.21042420462318,0.609091880695718,2.48549720919917
-7.171630859375,-6.866455078125,-422.9736328125,-16.4794921875,-0.0762939453125,-466.461181640625,5.25563812255859,-13.9078483581543,-5.1837854385376,0.729841351509094,0.356878876686096,0.318121910095215,-0.966658473014832,-4.79398345947266,8.1559009552002,0.00246727862395346,-0.00237111793830991,0.0903255864977837,0.322951555252075,-5.03395366668701,11.1334428787231,-0.964021444320679,-0.254507541656494,0.062621608376503,0.149377956986427,-11.7751979827881,-1.90907526016235,0.139623820781708,0.247841566801071,0.200549006462097,87.606957668,-96.265631252,-3.8327387015,-1.2076717212679,0.610135316869331,2.48831874474672
-7.36236572265625,-6.561279296875,-422.897338867188,-16.2506103515625,-0.26702880859375,-466.9189453125,5.17989683151245,-13.7843008041382,-5.20610570907593,0.732846677303314,0.36320823431015,0.305425703525543,-1.00269854068756,-4.83655214309692,8.12040233612061,-0.00255116773769259,-0.00119340477976948,0.0908799692988396,0.332770764827728,-5.02849912643433,11.0270500183105,-0.981400609016418,-0.250274956226349,0.0659495964646339,0.155210629105568,-11.7770376205444,-1.91014957427979,0.137466251850128,0.249185666441917,0.198678284883499,87.606792074,-96.265533636,-3.832637972,-1.20491923791261,0.611178753042943,2.49114028029427
-7.5531005859375,-6.256103515625,-422.821044921875,-16.021728515625,-0.457763671875,-467.376708984375,5.10415554046631,-13.6607542037964,-5.22842597961426,0.735852062702179,0.369537591934204,0.292729496955872,-1.03873872756958,-4.87912082672119,8.08490467071533,-0.00756961386650801,-1.56915775733069e-05,0.0914343446493149,0.342589944601059,-5.02304410934448,10.9206562042236,-0.998779773712158,-0.246042370796204,0.0692775845527649,0.161043301224709,-11.7788763046265,-1.91122388839722,0.135308682918549,0.250529766082764,0.196807563304901,87.60662648,-96.26543602,-3.8325372425,-1.20216675455732,0.612222189216556,2.49396181584182
-7.9345703125,-5.8746337890625,-422.515869140625,-15.8309936523438,-0.6866455078125,-467.453002929688,5.02841472625732,-13.5372066497803,-5.25074577331543,0.738857448101044,0.375866919755936,0.2800332903862,-1.07477879524231,-4.92168951034546,8.04940605163574,-0.0125880604609847,0.0011620216537267,0.0919887199997902,0.352409154176712,-5.0175895690918,10.814263343811,-1.0161589384079,-0.241809770464897,0.0726055651903152,0.166875973343849,-11.7807159423828,-1.91229832172394,0.133151113986969,0.251873850822449,0.194936841726303,87.606460886,-96.265338404,-3.832436513,-1.19941427120203,0.613265625390169,2.49678335138937
-8.3160400390625,-5.4931640625,-422.210693359375,-15.6402587890625,-0.91552734375,-467.529296875,4.95267343521118,-13.4136600494385,-5.27306604385376,0.741862833499908,0.38219627737999,0.267337113618851,-1.11081898212433,-4.96425819396973,8.01390838623047,-0.0176065061241388,0.00233973492868245,0.0925430953502655,0.362228363752365,-5.01213455200195,10.7078695297241,-1.03353810310364,-0.237577170133591,0.0759335532784462,0.17270864546299,-11.7825546264648,-1.91337263584137,0.130993545055389,0.253217965364456,0.193066120147705,87.606295292,-96.265240788,-3.8323357835,-1.19666178784675,0.614309061563781,2.49960488693692
-8.4686279296875,-5.2642822265625,-422.05810546875,-15.8309936523438,-1.220703125,-467.376708984375,4.8769326210022,-13.2901124954224,-5.29538583755493,0.744868159294128,0.388525635004044,0.254640907049179,-1.14685904979706,-5.00682687759399,7.97841024398804,-0.0226249527186155,0.00351744797080755,0.0930974781513214,0.372047543525696,-5.00668001174927,10.6014766693115,-1.05091726779938,-0.233344584703445,0.0792615413665771,0.17854131758213,-11.7843942642212,-1.9144469499588,0.12883597612381,0.254562050104141,0.191195398569107,87.606129698,-96.265143172,-3.832235054,-1.19390930449146,0.615352497737394,2.50242642248448
-8.6212158203125,-5.035400390625,-421.905517578125,-16.021728515625,-1.52587890625,-467.22412109375,4.80119132995605,-13.1665658950806,-5.31770610809326,0.747873544692993,0.394854992628098,0.241944715380669,-1.18289923667908,-5.04939556121826,7.94291210174561,-0.0276433993130922,0.0046951612457633,0.0936518535017967,0.381866753101349,-5.00122499465942,10.4950828552246,-1.06829643249512,-0.229111984372139,0.0825895294547081,0.184373989701271,-11.7862329483032,-1.91552126407623,0.12667840719223,0.255906164646149,0.189324676990509,87.605964104,-96.265045556,-3.8321343245,-1.19115682113617,0.616395933911007,2.50524795803203
-8.65936279296875,-4.730224609375,-421.7529296875,-16.1361694335938,-1.79290771484375,-467.300415039063,4.69089794158936,-12.9645700454712,-5.32539892196655,0.746739268302917,0.390732765197754,0.234777420759201,-1.19491744041443,-5.08207082748413,7.90885925292969,-0.0292617920786142,0.00445465883240104,0.0932252034544945,0.439415246248245,-4.99655103683472,10.3814191818237,-1.08170235157013,-0.215767338871956,0.0819103941321373,0.171547144651413,-11.7996854782104,-1.8866993188858,0.124600194394588,0.25705623626709,0.187153041362762,87.60579851,-96.26494794,-3.832033595,-1.18840433778088,0.61743937008462,2.50806949357958
-8.697509765625,-4.425048828125,-421.600341796875,-16.2506103515625,-2.0599365234375,-467.376708984375,4.58060455322266,-12.7625751495361,-5.33309173583984,0.745604991912842,0.38661053776741,0.227610126137733,-1.20693552494049,-5.11474609375,7.87480640411377,-0.0308801829814911,0.00421415641903877,0.0927985459566116,0.496963709592819,-4.99187755584717,10.2677545547485,-1.09510827064514,-0.202422708272934,0.0812312513589859,0.158720299601555,-11.8131380081177,-1.85787749290466,0.122521981596947,0.258206307888031,0.184981405735016,87.605632916,-96.264850324,-3.8319328655,-1.1856518544256,0.618482806258233,2.51089102912713
-9.11712646484375,-4.00543212890625,-421.371459960938,-16.4031982421875,-2.0599365234375,-467.453002929688,4.47031116485596,-12.5605792999268,-5.34078454971313,0.744470715522766,0.382488310337067,0.220442831516266,-1.21895372867584,-5.14742136001587,7.84075355529785,-0.0324985757470131,0.00397365400567651,0.0923718959093094,0.554512202739716,-4.98720359802246,10.1540908813477,-1.10851418972015,-0.189078062772751,0.0805521160364151,0.145893454551697,-11.8265905380249,-1.82905554771423,0.120443768799305,0.25935634970665,0.182809770107269,87.605467322,-96.264752708,-3.831832136,-1.18289937107031,0.619526242431845,2.51371256467468
-9.5367431640625,-3.5858154296875,-421.142578125,-16.5557861328125,-2.0599365234375,-467.529296875,4.36001777648926,-12.3585834503174,-5.34847736358643,0.743336498737335,0.378366082906723,0.213275536894798,-1.23097193241119,-5.18009662628174,7.80670118331909,-0.0341169685125351,0.0037331513594836,0.0919452458620071,0.61206066608429,-4.98252964019775,10.0404272079468,-1.12192010879517,-0.175733417272568,0.0798729807138443,0.133066609501839,-11.8400440216064,-1.80023372173309,0.118365556001663,0.260506421327591,0.180638134479523,87.605301728,-96.264655092,-3.8317314065,-1.18014688771502,0.620569678605458,2.51653410022223
-9.65118408203125,-3.35693359375,-420.608520507813,-16.632080078125,-2.32696533203125,-467.529296875,4.24972438812256,-12.1565885543823,-5.35617017745972,0.74220222234726,0.374243885278702,0.206108242273331,-1.24299001693726,-5.21277189254761,7.77264833450317,-0.0357353612780571,0.00349264894612134,0.0915185958147049,0.669609189033508,-4.97785568237305,9.92676258087158,-1.13532614707947,-0.162388786673546,0.0791938379406929,0.120239771902561,-11.8534965515137,-1.77141177654266,0.116287343204021,0.261656492948532,0.178466498851776,87.605136134,-96.264557476,-3.831630677,-1.17739440435973,0.621613114779071,2.51935563576978
-9.765625,-3.1280517578125,-420.074462890625,-16.7083740234375,-2.593994140625,-467.529296875,4.13943099975586,-11.9545927047729,-5.36386299133301,0.741067945957184,0.370121657848358,0.198940947651863,-1.25500822067261,-5.24544715881348,7.73859548568726,-0.0373537503182888,0.00325214653275907,0.0910919383168221,0.727157652378082,-4.9731822013855,9.8130989074707,-1.14873206615448,-0.149044141173363,0.0785147026181221,0.107412926852703,-11.8669490814209,-1.74258995056152,0.11420913040638,0.262806564569473,0.17629486322403,87.60497054,-96.26445986,-3.8315299475,-1.17464192100445,0.622656550952684,2.52217717131733
-10.1089477539063,-2.70843505859375,-419.769287109375,-16.5557861328125,-2.9754638671875,-467.376708984375,4.02913761138916,-11.7525978088379,-5.3715558052063,0.739933669567108,0.365999430418015,0.191773653030396,-1.26702630519867,-5.27812242507935,7.70454263687134,-0.0389721430838108,0.00301164388656616,0.0906652882695198,0.784706115722656,-4.96850824356079,9.69943523406982,-1.16213798522949,-0.135699510574341,0.0778355598449707,0.0945860892534256,-11.8804016113281,-1.71376800537109,0.112130917608738,0.263956606388092,0.174123227596283,87.604804946,-96.264362244,-3.831429218,-1.17188943764916,0.623699987126296,2.52499870686488
-10.4522705078125,-2.288818359375,-419.464111328125,-16.4031982421875,-3.35693359375,-467.22412109375,3.91884398460388,-11.5506019592285,-5.37924861907959,0.738799393177032,0.361877202987671,0.184606358408928,-1.27904450893402,-5.31079769134521,7.67048978805542,-0.0405905358493328,0.0027711414732039,0.0902386382222176,0.842254638671875,-4.96383428573608,9.58577060699463,-1.1755439043045,-0.122354865074158,0.0771564245223999,0.0817592442035675,-11.8938541412354,-1.68494617938995,0.110052704811096,0.265106678009033,0.171951591968536,87.604639352,-96.264264628,-3.8313284885,-1.16913695429387,0.624743423299909,2.52782024241243
-10.7192993164063,-2.09808349609375,-419.235229492188,-16.2506103515625,-3.509521484375,-467.147827148438,3.80855059623718,-11.3486061096191,-5.38694143295288,0.737665116786957,0.357754975557327,0.17743906378746,-1.29106271266937,-5.34347295761108,7.6364369392395,-0.0422089286148548,0.00253063905984163,0.0898119807243347,0.899803102016449,-4.95916080474854,9.47210693359375,-1.18894982337952,-0.109010227024555,0.0764772891998291,0.0689323991537094,-11.9073066711426,-1.65612423419952,0.107974492013454,0.266256749629974,0.16977995634079,87.604473758,-96.264167012,-3.831227759,-1.16638447093859,0.625786859473522,2.53064177795998
-10.986328125,-1.9073486328125,-419.00634765625,-16.0980224609375,-3.662109375,-467.071533203125,3.69825720787048,-11.1466112136841,-5.39463424682617,0.736530840396881,0.353632748126984,0.170271769165993,-1.30308079719543,-5.37614822387695,7.60238409042358,-0.0438273213803768,0.00229013664647937,0.0893853306770325,0.957351565361023,-4.95448684692383,9.35844326019287,-1.20235574245453,-0.0956655815243721,0.0757981464266777,0.0561055541038513,-11.9207592010498,-1.62730228900909,0.105896279215813,0.267406821250916,0.167608320713043,87.604308164,-96.264069396,-3.8311270295,-1.1636319875833,0.626830295647135,2.53346331350753
-11.138916015625,-1.56402587890625,-418.777465820313,-16.1361694335938,-3.96728515625,-467.300415039063,3.58796381950378,-10.9446153640747,-5.40232706069946,0.73539662361145,0.34951052069664,0.163104474544525,-1.31509900093079,-5.40882349014282,7.56833171844482,-0.0454457104206085,0.0020496342331171,0.0889586806297302,1.01490008831024,-4.94981288909912,9.24477863311768,-1.21576166152954,-0.0823209434747696,0.0751190111041069,0.0432787127792835,-11.9342126846313,-1.59848046302795,0.103818066418171,0.268556892871857,0.165436685085297,87.60414257,-96.26397178,-3.8310263,-1.16087950422801,0.627873731820748,2.53628484905508
-11.29150390625,-1.220703125,-418.548583984375,-16.17431640625,-4.2724609375,-467.529296875,3.47767043113708,-10.7426195144653,-5.41001987457275,0.734262347221375,0.345388293266296,0.155937179923058,-1.32711720466614,-5.44149875640869,7.53427886962891,-0.0470641031861305,0.00180913170333952,0.0885320231318474,1.07244849205017,-4.94513940811157,9.1311149597168,-1.22916758060455,-0.0689763054251671,0.0744398757815361,0.0304518695920706,-11.9476652145386,-1.56965851783752,0.101739853620529,0.269706934690475,0.16326504945755,87.6038493,-96.2636985615,-3.83096959,-1.15796884055276,0.628384620509512,2.53892941276797
-11.3296508789063,-1.18255615234375,-418.167114257813,-16.1361694335938,-4.425048828125,-467.071533203125,3.36737704277039,-10.5406246185303,-5.41771268844604,0.733128070831299,0.341266065835953,0.14876988530159,-1.3391352891922,-5.47417402267456,7.50022602081299,-0.0486824959516525,0.00156862917356193,0.0881053730845451,1.12999701499939,-4.94046545028687,9.01745128631592,-1.24257349967957,-0.0556316636502743,0.0737607330083847,0.0176250264048576,-11.9611177444458,-1.54083669185638,0.0996616408228874,0.270857006311417,0.161093413829803,87.60355603,-96.263425343,-3.83091288,-1.15505817687751,0.628895509198276,2.54157397648085
-11.3677978515625,-1.1444091796875,-417.78564453125,-16.0980224609375,-4.57763671875,-466.61376953125,3.27104687690735,-10.3490114212036,-5.41342878341675,0.731762051582336,0.33409970998764,0.145797282457352,-1.34093225002289,-5.49829530715942,7.47494983673096,-0.0494071915745735,0.000785237934906036,0.0874942392110825,1.19824993610382,-4.92840194702148,8.93183135986328,-1.250368475914,-0.0442383363842964,0.0722797513008118,1.32410614241962e-05,-11.982349395752,-1.51502227783203,0.0997399166226387,0.270054996013641,0.15930013358593,87.60326276,-96.2631521245,-3.83085617,-1.15214751320227,0.62940639788704,2.54421854019373
-11.5203857421875,-0.64849853515625,-417.404174804688,-16.2124633789063,-4.61578369140625,-466.766357421875,3.18868017196655,-10.1677799224854,-5.39716815948486,0.730164289474487,0.323889195919037,0.14701934158802,-1.33250784873962,-5.51386213302612,7.45845079421997,-0.0492381863296032,-0.00054104212904349,0.0866986289620399,1.27720737457275,-4.90894937515259,8.8742561340332,-1.25255250930786,-0.0347963161766529,0.0699969232082367,-0.0223834849894047,-12.0113611221313,-1.49221551418304,0.101974666118622,0.267300933599472,0.15788522362709,87.60296949,-96.262878906,-3.83079946,-1.14923684952702,0.629917286575804,2.54686310390662
-11.6729736328125,-0.152587890625,-417.022705078125,-16.326904296875,-4.6539306640625,-466.9189453125,3.10631346702576,-9.98654937744141,-5.38090753555298,0.728566527366638,0.313678681850433,0.148241400718689,-1.32408344745636,-5.52942895889282,7.44195127487183,-0.0490691810846329,-0.00186732213478535,0.0859030112624168,1.3561646938324,-4.88949632644653,8.81667995452881,-1.25473654270172,-0.0253542959690094,0.0677141025662422,-0.0447802096605301,-12.0403718948364,-1.46940875053406,0.104209423065186,0.26454684138298,0.15647029876709,87.60267622,-96.2626056875,-3.83074275,-1.14632618585177,0.630428175264568,2.5495076676195
-12.054443359375,0.11444091796875,-416.412353515625,-16.632080078125,-4.84466552734375,-467.071533203125,3.02394652366638,-9.80531787872314,-5.36464691162109,0.726968765258789,0.30346816778183,0.149463474750519,-1.3156590461731,-5.54499530792236,7.42545223236084,-0.0489001758396626,-0.00319360219873488,0.0851074010133743,1.43512201309204,-4.87004375457764,8.75910472869873,-1.25692057609558,-0.015912277624011,0.0654312744736671,-0.0671769380569458,-12.0693836212158,-1.44660186767578,0.106444172561169,0.261792778968811,0.155055373907089,87.60238295,-96.262332469,-3.83068604,-1.14341552217652,0.630939063953332,2.55215223133238
-12.4359130859375,0.3814697265625,-415.802001953125,-16.937255859375,-5.035400390625,-467.22412109375,2.94157981872559,-9.62408638000488,-5.34838628768921,0.72537100315094,0.293257653713226,0.150685533881187,-1.30723464488983,-5.56056213378906,7.4089527130127,-0.0487311743199825,-0.00451988214626908,0.0843117833137512,1.51407945156097,-4.85059118270874,8.70152950286865,-1.25910449028015,-0.00647025788202882,0.0631484463810921,-0.0895736590027809,-12.0983953475952,-1.42379510402679,0.108678929507732,0.259038716554642,0.15364046394825,87.60208968,-96.2620592505,-3.83062933,-1.14050485850127,0.631449952642096,2.55479679504527
-12.6266479492188,0.762939453125,-415.573120117188,-16.8228149414063,-5.07354736328125,-467.071533203125,2.85921311378479,-9.44285583496094,-5.33212614059448,0.723773241043091,0.283047139644623,0.151907593011856,-1.29881024360657,-5.57612895965576,7.39245319366455,-0.0485621690750122,-0.00584616232663393,0.0835161656141281,1.59303677082062,-4.83113813400269,8.64395427703857,-1.26128852367401,0.00297176116146147,0.0608656220138073,-0.111970387399197,-12.1274061203003,-1.40098834037781,0.110913679003716,0.25628462433815,0.152225539088249,87.60179641,-96.261786032,-3.83057262,-1.13759419482603,0.63196084133086,2.55744135875815
-12.8173828125,1.1444091796875,-415.34423828125,-16.7083740234375,-5.1116943359375,-466.9189453125,2.77684617042542,-9.26162433624268,-5.3158655166626,0.722175478935242,0.272836625576019,0.153129667043686,-1.2903858423233,-5.59169578552246,7.37595415115356,-0.0483931638300419,-0.00717244250699878,0.0827205553650856,1.67199409008026,-4.81168556213379,8.5863790512085,-1.26347255706787,0.0124137802049518,0.0585827976465225,-0.134367108345032,-12.1564178466797,-1.37818145751953,0.113148435950279,0.253530561923981,0.150810614228249,87.60150314,-96.2615128135,-3.83051591,-1.13468353115078,0.632471730019624,2.56008592247103
-12.8936767578125,1.4495849609375,-415.191650390625,-16.632080078125,-5.4168701171875,-466.766357421875,2.69447946548462,-9.08039379119873,-5.29960489273071,0.720577657222748,0.262626081705093,0.154351726174355,-1.28196144104004,-5.60726261138916,7.35945463180542,-0.0482241585850716,-0.00849872268736362,0.0819249376654625,1.75095152854919,-4.79223251342773,8.5288028717041,-1.26565659046173,0.0218557994812727,0.0562999695539474,-0.156763836741447,-12.1854286193848,-1.35537469387054,0.115383185446262,0.250776469707489,0.149395704269409,87.60120987,-96.261239595,-3.8304592,-1.13177286747553,0.632982618708388,2.56273048618392
-12.969970703125,1.7547607421875,-415.0390625,-16.5557861328125,-5.7220458984375,-466.61376953125,2.61211276054382,-8.89916229248047,-5.28334426879883,0.718979895114899,0.25241556763649,0.155573785305023,-1.27353703975677,-5.62282943725586,7.34295558929443,-0.0480551570653915,-0.00982500240206718,0.08112932741642,1.82990884780884,-4.77277994155884,8.47122764587402,-1.2678405046463,0.0312978178262711,0.0540171451866627,-0.179160565137863,-12.2144403457642,-1.33256793022156,0.117617942392826,0.24802240729332,0.147980779409409,87.6009166,-96.2609663765,-3.83040249,-1.12886220380028,0.633493507397152,2.5653750498968
-13.12255859375,2.09808349609375,-414.657592773438,-16.4413452148438,-5.7220458984375,-466.537475585938,2.52974581718445,-8.71793174743652,-5.26708364486694,0.71738213300705,0.242205068469048,0.156795859336853,-1.2651127576828,-5.63839626312256,7.32645606994629,-0.0478861518204212,-0.0111512830480933,0.0803337097167969,1.90886628627777,-4.75332736968994,8.41365242004395,-1.27002453804016,0.0407398380339146,0.0517343208193779,-0.201557293534279,-12.2434520721436,-1.30976104736328,0.119852691888809,0.245268329977989,0.146565869450569,87.60062333,-96.260693158,-3.83034578,-1.12595154012503,0.634004396085916,2.56801961360968
-13.275146484375,2.44140625,-414.276123046875,-16.326904296875,-5.7220458984375,-466.461181640625,2.44737911224365,-8.53670024871826,-5.25082302093506,0.7157843708992,0.231994539499283,0.158017918467522,-1.25668835639954,-5.6539626121521,7.3099570274353,-0.0477171465754509,-0.0124775627627969,0.0795380994677544,1.98782360553741,-4.73387432098389,8.35607719421387,-1.27220857143402,0.0501818582415581,0.0494514927268028,-0.223954021930695,-12.2724628448486,-1.28695428371429,0.122087448835373,0.242514252662659,0.145150944590569,87.60033006,-96.2604199395,-3.83028907,-1.12304087644978,0.63451528477468,2.57066417732257
-13.1988525390625,2.78472900390625,-413.818359375,-16.3650512695313,-5.8746337890625,-466.690063476563,2.36501240730286,-8.35546970367432,-5.23456287384033,0.714186608791351,0.221784025430679,0.15923997759819,-1.24826395511627,-5.6695294380188,7.29345750808716,-0.0475481413304806,-0.0138038424775004,0.0787424817681313,2.06678104400635,-4.71442174911499,8.29850101470947,-1.27439260482788,0.0596238784492016,0.0471686683595181,-0.246350735425949,-12.301474571228,-1.26414752006531,0.124322198331356,0.239760190248489,0.143736019730568,87.60003679,-96.260146721,-3.83023236,-1.12013021277454,0.635026173463444,2.57330874103545
-13.12255859375,3.1280517578125,-413.360595703125,-16.4031982421875,-6.0272216796875,-466.9189453125,2.28264546394348,-8.17423820495605,-5.21830224990845,0.712588846683502,0.211573511362076,0.16046205163002,-1.23983955383301,-5.6850962638855,7.27695846557617,-0.0473791398108006,-0.0151301231235266,0.0779468715190887,2.14573836326599,-4.69496870040894,8.24092578887939,-1.27657651901245,0.0690658986568451,0.044885840266943,-0.268747478723526,-12.3304853439331,-1.24134063720703,0.126556947827339,0.237006112933159,0.142321109771729,87.59974352,-96.2598735025,-3.83017565,-1.11721954909929,0.635537062152208,2.57595330474834
-13.1988525390625,3.47137451171875,-413.360595703125,-16.4413452148438,-6.14166259765625,-466.9189453125,2.20027875900269,-7.99300718307495,-5.20204162597656,0.710991084575653,0.201362997293472,0.161684110760689,-1.23141515254974,-5.7006630897522,7.26045894622803,-0.0472101345658302,-0.0164564028382301,0.0771512538194656,2.22469568252563,-4.67551612854004,8.18335056304932,-1.27876055240631,0.0785079151391983,0.0426030158996582,-0.291144192218781,-12.3594970703125,-1.21853387355804,0.128791704773903,0.234252035617828,0.140906184911728,87.59945025,-96.259600284,-3.83011894,-1.11430888542404,0.636047950840972,2.57859786846122
-13.275146484375,3.814697265625,-413.360595703125,-16.4794921875,-6.256103515625,-466.9189453125,2.18543028831482,-7.85984373092651,-5.19866561889648,0.7105473279953,0.190839603543282,0.169469326734543,-1.22029173374176,-5.70660877227783,7.25212526321411,-0.0451525114476681,-0.0176063627004623,0.0761622339487076,2.27207565307617,-4.63083028793335,8.16527462005615,-1.27168726921082,0.0889149308204651,0.0370509549975395,-0.312440246343613,-12.3803367614746,-1.22590053081512,0.133296325802803,0.229658007621765,0.139723733067513,87.59915698,-96.2593270655,-3.83006223,-1.11139822174879,0.636558839529736,2.5812424321741
-13.427734375,4.08172607421875,-412.826538085938,-16.4794921875,-6.3323974609375,-466.9189453125,2.17058157920837,-7.72667980194092,-5.19529008865356,0.710103571414948,0.180316209793091,0.177254557609558,-1.20916831493378,-5.71255493164063,7.24379205703735,-0.0430948920547962,-0.0187563207000494,0.0751732066273689,2.31945562362671,-4.5861439704895,8.1471996307373,-1.26461410522461,0.0993219465017319,0.0314988940954208,-0.333736270666122,-12.4011754989624,-1.23326730728149,0.137800946831703,0.225063979625702,0.138541296124458,87.59886371,-96.259053847,-3.83000552,-1.10848755807354,0.6370697282185,2.58388699588699
-13.580322265625,4.3487548828125,-412.29248046875,-16.4794921875,-6.40869140625,-466.9189453125,2.15573310852051,-7.59351634979248,-5.19191408157349,0.70965975522995,0.1697928160429,0.185039773583412,-1.19804489612579,-5.71850061416626,7.23545837402344,-0.0410372689366341,-0.0199062805622816,0.0741841867566109,2.36683559417725,-4.54145812988281,8.12912368774414,-1.25754082202911,0.109728962182999,0.0259468350559473,-0.355032324790955,-12.4220151901245,-1.24063396453857,0.142305567860603,0.220469951629639,0.137358844280243,87.59857044,-96.2587806285,-3.82994881,-1.1055768943983,0.637580616907265,2.58653155959987
-13.7710571289063,4.5013427734375,-412.29248046875,-16.78466796875,-6.6375732421875,-466.537475585938,2.14088463783264,-7.46035289764404,-5.18853807449341,0.709215998649597,0.159269422292709,0.192825004458427,-1.1869215965271,-5.72444677352905,7.22712516784668,-0.0389796495437622,-0.0210562404245138,0.0731951668858528,2.41421580314636,-4.49677181243896,8.11104774475098,-1.25046765804291,0.120135977864265,0.0203947760164738,-0.376328378915787,-12.4428548812866,-1.24800062179565,0.146810188889503,0.215875908732414,0.136176407337189,87.59827717,-96.25850741,-3.8298921,-1.10266623072305,0.638091505596029,2.58917612331275
-13.9617919921875,4.6539306640625,-412.29248046875,-17.08984375,-6.866455078125,-466.156005859375,2.1260359287262,-7.32718896865845,-5.18516206741333,0.708772242069244,0.148746028542519,0.200610220432281,-1.17579817771912,-5.73039245605469,7.21879148483276,-0.0369220264256001,-0.022206200286746,0.0722061395645142,2.4615957736969,-4.45208597183228,8.09297180175781,-1.24339437484741,0.130542993545532,0.0148427151143551,-0.397624433040619,-12.4636945724487,-1.25536727905273,0.151314809918404,0.211281880736351,0.134993955492973,87.520363296,-96.131686611,-3.8195097715,-1.1012158211765,0.638516205438617,2.5918113949001
-14.0762329101563,4.92095947265625,-411.911010742188,-17.1279907226563,-6.82830810546875,-466.537475585938,2.11118745803833,-7.19402551651001,-5.18178653717041,0.708328485488892,0.138222634792328,0.208395436406136,-1.16467475891113,-5.73633813858032,7.21045780181885,-0.0348644033074379,-0.0233561582863331,0.0712171196937561,2.50897574424744,-4.40739965438843,8.07489681243896,-1.23632121086121,0.140950009226799,0.00929065514355898,-0.418920457363129,-12.4845333099365,-1.2627340555191,0.155819430947304,0.206687852740288,0.133811518549919,87.442449422,-96.004865812,-3.809127443,-1.09976541162994,0.638940905281205,2.59444666648745
-14.190673828125,5.18798828125,-411.529541015625,-17.1661376953125,-6.7901611328125,-466.9189453125,2.09633874893188,-7.06086158752441,-5.17841053009033,0.707884728908539,0.127699255943298,0.216180667281151,-1.15355134010315,-5.74228429794312,7.20212459564209,-0.032806783914566,-0.0245061181485653,0.0702280923724174,2.55635571479797,-4.36271381378174,8.0568208694458,-1.22924792766571,0.151357024908066,0.00373859540559351,-0.440216511487961,-12.5053730010986,-1.27010071277618,0.160324051976204,0.202093824744225,0.132629066705704,87.364535548,-95.878045013,-3.7987451145,-1.09831500208339,0.639365605123794,2.5970819380748
-14.190673828125,5.30242919921875,-411.453247070313,-17.0516967773438,-6.82830810546875,-466.461181640625,2.08149027824402,-6.92769813537598,-5.17503452301025,0.707440972328186,0.117175854742527,0.223965883255005,-1.14242792129517,-5.74822998046875,7.19379091262817,-0.030749162659049,-0.0256560780107975,0.0692390725016594,2.60373568534851,-4.31802749633789,8.03874492645264,-1.2221747636795,0.161764040589333,-0.00181346468161792,-0.461512565612793,-12.5262126922607,-1.27746737003326,0.164828673005104,0.197499796748161,0.13144662976265,87.286621674,-95.751224214,-3.788362786,-1.09686459253684,0.639790304966382,2.59971720966215
-14.190673828125,5.4168701171875,-411.376953125,-16.937255859375,-6.866455078125,-466.00341796875,2.06664180755615,-6.79453468322754,-5.17165899276733,0.706997156143188,0.106652460992336,0.23175111413002,-1.13130450248718,-5.75417613983154,7.18545770645142,-0.0286915395408869,-0.0268060360103846,0.0682500526309013,2.65111565589905,-4.2733416557312,8.02066993713379,-1.21510148048401,0.172171056270599,-0.00736552476882935,-0.482808619737625,-12.5470514297485,-1.28483414649963,0.169333294034004,0.192905768752098,0.130264177918434,87.2087078,-95.624403415,-3.7779804575,-1.09541418299028,0.64021500480897,2.6023524812495
-14.190673828125,5.68389892578125,-411.148071289063,-16.937255859375,-6.82830810546875,-465.774536132813,2.05179309844971,-6.66137075424194,-5.16828298568726,0.706553399562836,0.0961290672421455,0.239536330103874,-1.1201810836792,-5.76012182235718,7.1771240234375,-0.0266339182853699,-0.0279559958726168,0.0672610253095627,2.69849562644958,-4.22865533828735,8.00259399414063,-1.2080283164978,0.182578071951866,-0.0129175847396255,-0.504104673862457,-12.5678911209106,-1.29220080375671,0.173837915062904,0.188311740756035,0.129081726074219,87.130793926,-95.497582616,-3.767598129,-1.09396377344373,0.640639704651559,2.60498775283684
-14.190673828125,5.950927734375,-410.919189453125,-16.937255859375,-6.7901611328125,-465.545654296875,2.03694462776184,-6.52820730209351,-5.16490697860718,0.706109642982483,0.0856056809425354,0.247321546077728,-1.10905778408051,-5.76606750488281,7.16879034042358,-0.0245762970298529,-0.029105955734849,0.0662720054388046,2.7458758354187,-4.18396949768066,7.98451852798462,-1.20095503330231,0.192985087633133,-0.0184696447104216,-0.525400698184967,-12.5887308120728,-1.29956746101379,0.178342536091805,0.18371769785881,0.127899289131165,87.052880052,-95.370761817,-3.7572158005,-1.09251336389718,0.641064404494147,2.60762302442419
-14.190673828125,6.1798095703125,-410.919189453125,-16.78466796875,-6.75201416015625,-465.6982421875,2.02209615707397,-6.39504384994507,-5.16153144836426,0.70566588640213,0.0750822871923447,0.255106776952744,-1.09793436527252,-5.77201366424561,7.16045713424683,-0.0225186757743359,-0.030255913734436,0.0652829855680466,2.79325580596924,-4.13928318023682,7.96644258499146,-1.1938818693161,0.2033921033144,-0.0240217056125402,-0.546696722507477,-12.6095695495605,-1.30693423748016,0.182847157120705,0.179123669862747,0.126716837286949,86.974966178,-95.243941018,-3.746833472,-1.09106295435062,0.641489104336735,2.61025829601154
-14.190673828125,6.40869140625,-410.919189453125,-16.632080078125,-6.7138671875,-465.850830078125,2.00724744796753,-6.26187992095947,-5.15815544128418,0.705222129821777,0.0645588934421539,0.262892007827759,-1.08681094646454,-5.77795934677124,7.15212345123291,-0.0204610545188189,-0.0314058735966682,0.0642939582467079,2.84063577651978,-4.09459733963013,7.94836711883545,-1.18680858612061,0.213799118995667,-0.0295737646520138,-0.567992806434631,-12.6304092407227,-1.31430089473724,0.187351778149605,0.174529641866684,0.125534400343895,86.897052304,-95.117120219,-3.7364511435,-1.08961254480407,0.641913804179324,2.61289356759889
-14.2288208007813,6.7138671875,-410.995483398438,-16.9754028320313,-6.82830810546875,-465.850830078125,2.02378463745117,-6.15860080718994,-5.15872526168823,0.705195665359497,0.0561755634844303,0.27153953909874,-1.07414650917053,-5.78292322158813,7.14423274993896,-0.0176224708557129,-0.0322799347341061,0.0635308399796486,2.85854125022888,-4.04744243621826,7.9426064491272,-1.17947959899902,0.222649246454239,-0.0351246930658817,-0.588652491569519,-12.6473255157471,-1.31834316253662,0.190606638789177,0.171321496367455,0.124595738947392,86.81913843,-94.99029942,-3.726068815,-1.08816213525752,0.642338504021912,2.61552883918624
-14.2669677734375,7.01904296875,-411.07177734375,-17.3187255859375,-6.9427490234375,-465.850830078125,2.07170724868774,-6.08520650863647,-5.16324090957642,0.705586493015289,0.0499322973191738,0.281049370765686,-1.05994117259979,-5.78690528869629,7.13678407669067,-0.0140029266476631,-0.0328780934214592,0.062993623316288,2.84697222709656,-3.99781942367554,7.94916152954102,-1.17189490795135,0.229942470788956,-0.0406744927167892,-0.60867577791214,-12.6603174209595,-1.3190610408783,0.19261172413826,0.16949924826622,0.1239008679986,86.741224556,-94.863478621,-3.7156864865,-1.08671172571097,0.6427632038645,2.61816411077359
-14.4195556640625,7.20977783203125,-410.995483398438,-17.4331665039063,-7.01904296875,-466.00341796875,2.11962985992432,-6.01181173324585,-5.1677565574646,0.705977320671082,0.0436890348792076,0.290559202432632,-1.04573571681976,-5.79088735580444,7.12933588027954,-0.0103833824396133,-0.0334762558341026,0.0624564103782177,2.83540320396423,-3.94819641113281,7.95571613311768,-1.1643100976944,0.237235695123672,-0.0462242923676968,-0.628699123859406,-12.6733093261719,-1.31977891921997,0.194616809487343,0.167677000164986,0.123205989599228,86.663310682,-94.736657822,-3.705304158,-1.08526131616441,0.643187903707089,2.62079938236094
-14.5721435546875,7.4005126953125,-410.919189453125,-17.547607421875,-7.0953369140625,-466.156005859375,2.16755247116089,-5.93841743469238,-5.17227220535278,0.706368207931519,0.0374457687139511,0.300069034099579,-1.03153038024902,-5.7948694229126,7.12188720703125,-0.00676383823156357,-0.0340744145214558,0.0619191974401474,2.82383418083191,-3.89857339859009,7.96227073669434,-1.15672540664673,0.244528904557228,-0.0517740920186043,-0.648722410202026,-12.6863012313843,-1.32049679756165,0.196621894836426,0.165854752063751,0.122511118650436,86.585396808,-94.609837023,-3.6949218295,-1.08381090661786,0.643612603549677,2.62343465394828
-14.5721435546875,7.62939453125,-410.842895507813,-17.6620483398438,-7.171630859375,-466.079711914063,2.21547532081604,-5.86502265930176,-5.17678785324097,0.706759035587311,0.0312025044113398,0.309578865766525,-1.01732492446899,-5.79885149002075,7.11443901062012,-0.00314429402351379,-0.0346725732088089,0.0613819845020771,2.81226515769958,-3.84895014762878,7.96882581710815,-1.14914059638977,0.251822143793106,-0.0573238916695118,-0.668745696544647,-12.6992931365967,-1.32121467590332,0.198626980185509,0.164032503962517,0.121816247701645,86.507482934,-94.483016224,-3.684539501,-1.08236049707131,0.644037303392266,2.62606992553563
-14.5721435546875,7.8582763671875,-410.7666015625,-17.7764892578125,-7.2479248046875,-466.00341796875,2.26339793205261,-5.79162836074829,-5.18130350112915,0.707149863243103,0.0249592382460833,0.319088727235794,-1.00311946868896,-5.80283355712891,7.10699081420898,0.00047525018453598,-0.0352707356214523,0.0608447678387165,2.80069613456726,-3.79932713508606,7.97538042068481,-1.14155578613281,0.259115368127823,-0.0628736913204193,-0.688769042491913,-12.7122859954834,-1.321932554245,0.200632065534592,0.162210240960121,0.121121369302273,86.42956906,-94.356195425,-3.6741571725,-1.08091008752475,0.644462003234854,2.62870519712298
-14.6102905273438,8.0108642578125,-410.919189453125,-17.7764892578125,-7.28607177734375,-465.774536132813,2.31132054328918,-5.71823358535767,-5.18581914901733,0.70754075050354,0.0187159739434719,0.32859855890274,-0.988914132118225,-5.80681562423706,7.09954214096069,0.00409479439258575,-0.0358688943088055,0.0603075549006462,2.78912711143494,-3.74970412254333,7.98193502426147,-1.13397109508514,0.26640859246254,-0.0684234946966171,-0.708792328834534,-12.7252779006958,-1.32265043258667,0.202637150883675,0.160387992858887,0.120426498353481,86.351655186,-94.229374626,-3.663774844,-1.0794596779782,0.644886703077442,2.63134046871033
-14.6484375,8.1634521484375,-411.07177734375,-17.7764892578125,-7.32421875,-465.545654296875,2.35924315452576,-5.6448392868042,-5.19033432006836,0.707931578159332,0.012472708709538,0.338108390569687,-0.974708735942841,-5.81079769134521,7.09209394454956,0.00771433860063553,-0.0364670567214489,0.0597703382372856,2.77755832672119,-3.70008087158203,7.98849010467529,-1.12638628482819,0.273701786994934,-0.0739732906222343,-0.728815674781799,-12.7382698059082,-1.32336819171906,0.204642236232758,0.158565744757652,0.11973162740469,86.273741312,-94.102553827,-3.6533925155,-1.07800926843165,0.645311402920031,2.63397574029768
-14.801025390625,8.43048095703125,-411.300659179688,-17.7383422851563,-7.2479248046875,-465.469360351563,2.40716600418091,-5.57144451141357,-5.19484996795654,0.708322405815125,0.00622944347560406,0.347618222236633,-0.960503339767456,-5.81477975845337,7.08464527130127,0.0113338828086853,-0.037065215408802,0.0592331252992153,2.76598930358887,-3.65045785903931,7.99504470825195,-1.11880159378052,0.280995011329651,-0.0795230939984322,-0.74883896112442,-12.7512617111206,-1.32408607006073,0.206647321581841,0.156743496656418,0.119036749005318,86.195827438,-93.975733028,-3.643010187,-1.0765588588851,0.645736102762619,2.63661101188503
-14.95361328125,8.697509765625,-411.529541015625,-17.7001953125,-7.171630859375,-465.39306640625,2.45508861541748,-5.49805021286011,-5.19936561584473,0.708713293075562,-1.38215173137723e-05,0.35712805390358,-0.946297883987427,-5.81876134872437,7.07719707489014,0.0149534270167351,-0.0376633740961552,0.058695912361145,2.75442028045654,-3.600834608078,8.00159931182861,-1.11121678352356,0.288288235664368,-0.0850728899240494,-0.768862247467041,-12.764253616333,-1.3248039484024,0.208652406930923,0.154921248555183,0.118341878056526,86.117913564,-93.848912229,-3.6326278585,-1.07510844933854,0.646160802605207,2.63924628347238
-14.95361328125,8.81195068359375,-411.68212890625,-17.852783203125,-7.13348388671875,-465.6982421875,2.50301122665405,-5.42465543746948,-5.20388126373291,0.709104120731354,-0.00625708652660251,0.366637885570526,-0.932092487812042,-5.82274341583252,7.06974840164185,0.0185729712247849,-0.0382615365087986,0.0581586956977844,2.74285125732422,-3.55121159553528,8.00815391540527,-1.10363209247589,0.295581459999084,-0.0906226933002472,-0.788885593414307,-12.7772455215454,-1.32552182674408,0.210657492280006,0.153099000453949,0.117647007107735,86.03999969,-93.72209143,-3.62224553,-1.07365803979199,0.646585502447796,2.64188155505972
-14.95361328125,8.9263916015625,-411.834716796875,-18.00537109375,-7.0953369140625,-466.00341796875,2.55093383789063,-5.35126113891602,-5.20839691162109,0.709494948387146,-0.0125003512948751,0.376147747039795,-0.917887091636658,-5.82672548294067,7.06230020523071,0.0221925154328346,-0.0388596951961517,0.0576214827597141,2.73128223419189,-3.50158858299255,8.01470947265625,-1.09604728221893,0.302874684333801,-0.0961724892258644,-0.808908879756927,-12.7902383804321,-1.32623970508575,0.212662577629089,0.151276737451553,0.116952136158943,86.040208653,-93.7219358595,-3.622206631,-1.07491764957093,0.646886736180184,2.64463352829825
-14.7628784179688,9.0789794921875,-411.758422851563,-17.9672241210938,-7.171630859375,-465.774536132813,2.59885668754578,-5.27786636352539,-5.21291255950928,0.709885835647583,-0.0187436174601316,0.385657578706741,-0.903681695461273,-5.83070755004883,7.05485153198242,0.0258120596408844,-0.0394578576087952,0.0570842660963535,2.71971321105957,-3.45196533203125,8.02126407623291,-1.08846259117126,0.310167908668518,-0.101722292602062,-0.828932225704193,-12.8032302856445,-1.32695758342743,0.214667662978172,0.149454489350319,0.116257257759571,86.040417616,-93.721780289,-3.622167732,-1.07617725934986,0.647187969912572,2.64738550153678
-14.5721435546875,9.2315673828125,-411.68212890625,-17.9290771484375,-7.2479248046875,-465.545654296875,2.64677929878235,-5.20447206497192,-5.21742820739746,0.710276663303375,-0.024986881762743,0.395167410373688,-0.889476299285889,-5.83468961715698,7.04740333557129,0.0294316038489342,-0.0400560162961483,0.0565470531582832,2.70814418792725,-3.40234231948853,8.02781867980957,-1.08087778091431,0.317461133003235,-0.107272088527679,-0.848955512046814,-12.8162221908569,-1.3276754617691,0.216672748327255,0.147632241249084,0.11556238681078,86.040626579,-93.7216247185,-3.622128833,-1.0774368691288,0.647489203644961,2.65013747477531
-14.7628784179688,9.307861328125,-412.063598632813,-17.8909301757813,-7.20977783203125,-465.545654296875,2.71253085136414,-5.19267749786377,-5.21424770355225,0.710584700107574,-0.0257049687206745,0.402469098567963,-0.88190233707428,-5.83365535736084,7.05366611480713,0.033007588237524,-0.0401023849844933,0.056823305785656,2.67758893966675,-3.3812837600708,8.03623294830322,-1.08095669746399,0.320684671401978,-0.109933197498322,-0.860592186450958,-12.8282012939453,-1.32824182510376,0.218525663018227,0.147661402821541,0.114827714860439,86.040835542,-93.721469148,-3.622089934,-1.07869647890774,0.647790437377349,2.65288944801384
-14.95361328125,9.3841552734375,-412.445068359375,-17.852783203125,-7.171630859375,-465.545654296875,2.77828240394592,-5.18088340759277,-5.21106719970703,0.710892736911774,-0.0264230575412512,0.409770756959915,-0.874328434467316,-5.8326210975647,7.05992841720581,0.0365835763514042,-0.0401487573981285,0.0570995546877384,2.64703369140625,-3.36022520065308,8.04464817047119,-1.08103549480438,0.32390820980072,-0.112594306468964,-0.872228801250458,-12.840181350708,-1.32880818843842,0.220378592610359,0.147690549492836,0.114093035459518,86.041044505,-93.7213135775,-3.622051035,-1.07995608868667,0.648091671109737,2.65564142125236
-15.0299072265625,9.49859619140625,-412.826538085938,-18.1961059570313,-7.171630859375,-465.621948242188,2.84403395652771,-5.16908884048462,-5.20788669586182,0.711200773715973,-0.0271411444991827,0.41707244515419,-0.866754472255707,-5.8315863609314,7.06619119644165,0.040159560739994,-0.0401951260864735,0.0573758073151112,2.61647820472717,-3.33916664123535,8.05306243896484,-1.08111441135406,0.327131748199463,-0.115255415439606,-0.883865475654602,-12.8521604537964,-1.32937455177307,0.222231507301331,0.147719711065292,0.113358363509178,86.041253468,-93.721158007,-3.622012136,-1.08121569846561,0.648392904842125,2.65839339449089
-15.106201171875,9.613037109375,-413.2080078125,-18.5394287109375,-7.171630859375,-465.6982421875,2.9097855091095,-5.15729427337646,-5.2047061920166,0.711508870124817,-0.0278592333197594,0.424374133348465,-0.859180510044098,-5.83055210113525,7.07245349884033,0.0437355451285839,-0.0402414947748184,0.0576520599424839,2.58592295646667,-3.31810808181763,8.0614767074585,-1.08119332790375,0.330355286598206,-0.117916516959667,-0.895502150058746,-12.8641395568848,-1.32994091510773,0.224084421992302,0.147748857736588,0.112623691558838,86.041462431,-93.7210024365,-3.621973237,-1.08247530824455,0.648694138574514,2.66114536772942
-15.1443481445313,9.46044921875,-413.589477539063,-18.463134765625,-7.20977783203125,-465.774536132813,2.97553706169128,-5.14550018310547,-5.20152568817139,0.711816906929016,-0.0285773202776909,0.43167582154274,-0.851606547832489,-5.82951784133911,7.07871627807617,0.0473115332424641,-0.0402878671884537,0.0579283125698566,2.55536770820618,-3.2970495223999,8.06989097595215,-1.08127212524414,0.333578824996948,-0.120577625930309,-0.907138764858246,-12.8761196136475,-1.33050727844238,0.225937336683273,0.147778019309044,0.111889012157917,86.041671394,-93.720846866,-3.621934338,-1.08373491802348,0.648995372306902,2.66389734096795
-15.1824951171875,9.307861328125,-413.970947265625,-18.3868408203125,-7.2479248046875,-465.850830078125,3.04128861427307,-5.13370561599731,-5.19834518432617,0.712124943733215,-0.0292954090982676,0.438977479934692,-0.844032645225525,-5.82848358154297,7.08497858047485,0.0508875176310539,-0.0403342358767986,0.0582045614719391,2.52481245994568,-3.27599096298218,8.07830619812012,-1.08135104179382,0.336802363395691,-0.123238734900951,-0.91877543926239,-12.8880987167358,-1.33107364177704,0.227790266275406,0.147807165980339,0.111154340207577,86.041880357,-93.7206912955,-3.621895439,-1.08499452780242,0.64929660603929,2.66664931420648
-15.2969360351563,9.46044921875,-414.581298828125,-18.3868408203125,-7.2479248046875,-465.545654296875,3.10704016685486,-5.12191104888916,-5.19516515731812,0.712432980537415,-0.0300134960561991,0.446279168128967,-0.836458683013916,-5.82744932174683,7.09124135971069,0.0544635020196438,-0.0403806045651436,0.0584808140993118,2.4942569732666,-3.25493216514587,8.08672046661377,-1.08142983913422,0.340025901794434,-0.125899836421013,-0.930412113666534,-12.9000778198242,-1.33164000511169,0.229643180966377,0.147836327552795,0.110419660806656,86.04208932,-93.720535725,-3.62185654,-1.08625413758136,0.649597839771679,2.669401287445
-15.411376953125,9.613037109375,-415.191650390625,-18.3868408203125,-7.2479248046875,-465.240478515625,3.17279171943665,-5.11011695861816,-5.1919846534729,0.712741017341614,-0.0307315848767757,0.453580856323242,-0.828884720802307,-5.82641506195068,7.09750366210938,0.0580394901335239,-0.0404269769787788,0.0587570667266846,2.4637017250061,-3.23387360572815,8.09513473510742,-1.0815087556839,0.343249440193176,-0.128560945391655,-0.942048728466034,-12.9120578765869,-1.33220636844635,0.231496095657349,0.147865474224091,0.109684988856316,86.042298283,-93.7203801545,-3.621817641,-1.08751374736029,0.649899073504067,2.67215326068353
-15.5258178710938,9.613037109375,-415.420532226563,-18.463134765625,-7.4005126953125,-465.39306640625,3.23854327201843,-5.09832239151001,-5.18880414962769,0.713049054145813,-0.0314496718347073,0.460882514715195,-0.821310818195343,-5.82538032531738,7.10376644134521,0.0616154745221138,-0.0404733456671238,0.059033315628767,2.43314647674561,-3.21281504631042,8.10354900360107,-1.08158767223358,0.346472978591919,-0.131222054362297,-0.953685402870178,-12.9240369796753,-1.33277273178101,0.23334901034832,0.147894635796547,0.108950316905975,86.042507246,-93.720224584,-3.621778742,-1.08877335713923,0.650200307236455,2.67490523392206
-15.6402587890625,9.613037109375,-415.6494140625,-18.5394287109375,-7.5531005859375,-465.545654296875,3.30429482460022,-5.08652782440186,-5.18562364578247,0.713357090950012,-0.0321677587926388,0.46818420290947,-0.813736855983734,-5.82434606552124,7.11002922058105,0.065191462635994,-0.0405197143554688,0.0593095682561398,2.40259122848511,-3.1917564868927,8.11196422576904,-1.08166646957397,0.349696516990662,-0.133883163332939,-0.965322077274323,-12.9360160827637,-1.33333909511566,0.235201939940453,0.147923782467842,0.108215637505054,86.042716209,-93.7200690135,-3.621739843,-1.09003296691817,0.650501540968843,2.67765720716059
-15.4876708984375,9.57489013671875,-416.183471679688,-18.5394287109375,-7.74383544921875,-465.6982421875,3.37004637718201,-5.07473373413086,-5.18244314193726,0.713665187358856,-0.0328858457505703,0.475485891103745,-0.806162893772125,-5.8233118057251,7.11629152297974,0.0687674432992935,-0.040566086769104,0.0595858208835125,2.37203598022461,-3.17069792747498,8.1203784942627,-1.08174538612366,0.352920055389404,-0.136544272303581,-0.976958692073822,-12.9479961395264,-1.33390545845032,0.237054854631424,0.147952944040298,0.107480965554714,86.042925172,-93.719913443,-3.621700944,-1.0912925766971,0.650802774701232,2.68040918039911
-15.3350830078125,9.5367431640625,-416.717529296875,-18.5394287109375,-7.9345703125,-465.850830078125,3.43579792976379,-5.06293916702271,-5.17926263809204,0.713973224163055,-0.0336039364337921,0.482787549495697,-0.798588991165161,-5.82227754592896,7.12255430221558,0.0723434314131737,-0.040612455457449,0.0598620697855949,2.34148049354553,-3.14963936805725,8.12879276275635,-1.08182430267334,0.356143593788147,-0.139205381274223,-0.988595366477966,-12.9599752426147,-1.33447182178497,0.238907769322395,0.147982090711594,0.106746293604374,86.043134135,-93.7197578725,-3.621662045,-1.09255218647604,0.65110400843362,2.68316115363764
-15.2206420898438,9.5367431640625,-416.793823242188,-18.463134765625,-7.9345703125,-466.156005859375,3.50154948234558,-5.05114459991455,-5.17608213424683,0.714281260967255,-0.0343220233917236,0.490089237689972,-0.791015028953552,-5.82124328613281,7.12881660461426,0.0759194195270538,-0.0406588241457939,0.0601383224129677,2.31092524528503,-3.12858080863953,8.13720703125,-1.08190310001373,0.35936713218689,-0.141866490244865,-1.00023198127747,-12.9719543457031,-1.33503818511963,0.240760684013367,0.14801125228405,0.106011614203453,86.043343098,-93.719602302,-3.621623146,-1.09381179625498,0.651405242166008,2.68591312687617
-15.106201171875,9.5367431640625,-416.8701171875,-18.3868408203125,-7.9345703125,-466.461181640625,3.56081366539001,-5.07318544387817,-5.17700147628784,0.714218318462372,-0.031235983595252,0.495771080255508,-0.791286289691925,-5.81509685516357,7.13887357711792,0.0789236351847649,-0.0404902324080467,0.0603910461068153,2.26158809661865,-3.11948227882385,8.14993762969971,-1.08554494380951,0.359906375408173,-0.143137395381927,-1.00106358528137,-12.9869909286499,-1.33867597579956,0.242711946368217,0.149189084768295,0.105981476604939,86.043552061,-93.7194467315,-3.621584247,-1.09507140603391,0.651706475898396,2.6886651001147
-15.2587890625,9.5367431640625,-417.633056640625,-18.2723999023438,-7.8582763671875,-466.30859375,3.61359071731567,-5.12906074523926,-5.18202114105225,0.713784396648407,-0.0243458189070225,0.499833106994629,-0.799402713775635,-5.80383920669556,7.15272426605225,0.0813560783863068,-0.0401066727936268,0.0606202445924282,2.19346880912781,-3.12234401702881,8.16698360443115,-1.09274971485138,0.357761293649673,-0.143018111586571,-0.99109011888504,-13.0050830841064,-1.34538543224335,0.244761526584625,0.151515617966652,0.10665587335825,86.043761024,-93.719291161,-3.621545348,-1.09633101581285,0.652007709630785,2.69141707335323
-15.411376953125,9.5367431640625,-418.39599609375,-18.157958984375,-7.781982421875,-466.156005859375,3.66636753082275,-5.18493604660034,-5.18704080581665,0.713350474834442,-0.0174556542187929,0.503895103931427,-0.807519197463989,-5.79258108139038,7.16657495498657,0.0837885290384293,-0.0397231131792068,0.0608494430780411,2.12534952163696,-3.12520575523376,8.18403053283691,-1.09995448589325,0.355616211891174,-0.142898827791214,-0.981116592884064,-13.023175239563,-1.35209488868713,0.246811106801033,0.153842151165009,0.107330270111561,86.043969987,-93.7191355905,-3.621506449,-1.09759062559179,0.652308943363173,2.69416904659175
-15.411376953125,9.57489013671875,-419.235229492188,-18.3868408203125,-8.0108642578125,-466.461181640625,3.71914458274841,-5.24081134796143,-5.19206047058105,0.712916612625122,-0.0105654895305634,0.507957100868225,-0.815635621547699,-5.78132343292236,7.18042612075806,0.0862209722399712,-0.0393395572900772,0.0610786415636539,2.05723023414612,-3.12806749343872,8.20107650756836,-1.10715937614441,0.353471130132675,-0.142779543995857,-0.971143066883087,-13.0412673950195,-1.35880422592163,0.248860687017441,0.156168684363365,0.108004666864872,86.04417895,-93.71898002,-3.62146755,-1.09885023537072,0.652610177095561,2.69692101983028
-15.411376953125,9.613037109375,-420.074462890625,-18.61572265625,-8.23974609375,-466.766357421875,3.77192139625549,-5.29668664932251,-5.19708013534546,0.712482690811157,-0.00367532414384186,0.512019097805023,-0.823752105236053,-5.77006530761719,7.19427680969238,0.0886534228920937,-0.0389559976756573,0.0613078400492668,1.98911106586456,-3.13092923164368,8.2181224822998,-1.11436414718628,0.351326048374176,-0.1426602602005,-0.961169600486755,-13.0593605041504,-1.36551368236542,0.25091028213501,0.158495202660561,0.108679063618183,86.0441872895,-93.7186346855,-3.6214653035,-1.10131002427634,0.652899166091681,2.69968159496522
-15.56396484375,9.6893310546875,-420.379638671875,-18.61572265625,-8.3160400390625,-466.537475585938,3.82469844818115,-5.35256242752075,-5.20209932327271,0.712048768997192,0.00321484077721834,0.516081154346466,-0.831868588924408,-5.75880765914917,7.20812749862671,0.0910858660936356,-0.0385724380612373,0.0615370385348797,1.92099177837372,-3.13379096984863,8.23516941070557,-1.12156891822815,0.349180966615677,-0.142540961503983,-0.951196074485779,-13.0774526596069,-1.3722231388092,0.252959847450256,0.160821735858917,0.109353460371494,86.044195629,-93.718289351,-3.621463057,-1.10376981318196,0.653188155087801,2.70244217010015
-15.716552734375,9.765625,-420.684814453125,-18.61572265625,-8.392333984375,-466.30859375,3.87747526168823,-5.40843772888184,-5.20711898803711,0.711614847183228,0.0101050054654479,0.520143151283264,-0.839985013008118,-5.74754953384399,7.22197866439819,0.0935183167457581,-0.0381888821721077,0.0617662370204926,1.85287249088287,-3.13665270805359,8.25221538543701,-1.12877368927002,0.347035884857178,-0.142421677708626,-0.941222548484802,-13.0955448150635,-1.3789324760437,0.255009442567825,0.163148269057274,0.110027857124805,86.0442039685,-93.7179440165,-3.6214608105,-1.10622960208757,0.653477144083921,2.70520274523509
-15.716552734375,9.765625,-421.218872070313,-18.6538696289063,-8.544921875,-466.384887695313,3.93025231361389,-5.46431303024292,-5.21213865280151,0.711180925369263,0.016995171085,0.524205148220062,-0.848101496696472,-5.73629188537598,7.23582935333252,0.0959507599473,-0.0378053225576878,0.0619954355061054,1.78475332260132,-3.13951444625854,8.26926136016846,-1.13597846031189,0.344890803098679,-0.142302393913269,-0.93124908208847,-13.11363697052,-1.38564193248749,0.257059007883072,0.16547480225563,0.110702246427536,86.044212308,-93.717598682,-3.621458564,-1.10868939099319,0.653766133080041,2.70796332037002
-15.716552734375,9.765625,-421.7529296875,-18.6920166015625,-8.697509765625,-466.461181640625,3.98302912712097,-5.520188331604,-5.21715831756592,0.710747003555298,0.0238853357732296,0.52826714515686,-0.856217920780182,-5.7250337600708,7.24968004226685,0.0983832105994225,-0.0374217629432678,0.0622246339917183,1.71663403511047,-3.1423761844635,8.28630828857422,-1.14318323135376,0.342745721340179,-0.142183110117912,-0.921275556087494,-13.1317300796509,-1.39235138893127,0.259108603000641,0.167801320552826,0.111376643180847,86.0442206475,-93.7172533475,-3.6214563175,-1.1111491798988,0.654055122076161,2.71072389550496
-15.6784057617188,9.57489013671875,-422.36328125,-18.7301635742188,-8.7738037109375,-466.766357421875,4.03580617904663,-5.57606363296509,-5.22217798233032,0.710313081741333,0.0307755004614592,0.532329142093658,-0.864334404468536,-5.71377611160278,7.26353120803833,0.100815653800964,-0.0370382070541382,0.0624538287520409,1.64851486682892,-3.14523792266846,8.30335426330566,-1.15038800239563,0.34060063958168,-0.142063826322556,-0.911302089691162,-13.1498222351074,-1.39906072616577,0.26115819811821,0.170127853751183,0.112051039934158,86.044228987,-93.716908013,-3.621454071,-1.11360896880442,0.654344111072281,2.71348447063989
-15.6402587890625,9.3841552734375,-422.9736328125,-18.768310546875,-8.85009765625,-467.071533203125,4.08858299255371,-5.63193893432617,-5.22719764709473,0.709879219532013,0.0376656651496887,0.536391139030457,-0.872450828552246,-5.70251798629761,7.27738189697266,0.103248104453087,-0.0366546474397182,0.062683030962944,1.58039557933807,-3.14809966087341,8.32040023803711,-1.15759289264679,0.338455557823181,-0.141944542527199,-0.901328563690186,-13.167914390564,-1.40577018260956,0.263207763433456,0.172454386949539,0.112725436687469,86.0442373265,-93.7165626785,-3.6214518245,-1.11606875771003,0.654633100068401,2.71624504577483
-15.716552734375,9.3841552734375,-423.431396484375,-18.6538696289063,-8.96453857421875,-467.453002929688,4.14135980606079,-5.68781471252441,-5.23221683502197,0.709445297718048,0.0445558317005634,0.540453195571899,-0.880567312240601,-5.69126033782959,7.29123258590698,0.105680547654629,-0.0362710878252983,0.0629122257232666,1.51227629184723,-3.15096139907837,8.33744621276855,-1.16479766368866,0.336310476064682,-0.141825243830681,-0.891355037689209,-13.1860065460205,-1.41247963905334,0.265257358551025,0.174780920147896,0.113399833440781,86.044245666,-93.716217344,-3.621449578,-1.11852854661565,0.654922089064521,2.71900562090976
-15.7928466796875,9.3841552734375,-423.88916015625,-18.5394287109375,-9.0789794921875,-467.83447265625,4.19413709640503,-5.7436900138855,-5.23723649978638,0.709011375904083,0.0514459945261478,0.544515192508698,-0.88868373632431,-5.68000221252441,7.30508375167847,0.108112998306751,-0.0358875319361687,0.0631414279341698,1.44415712356567,-3.15382313728333,8.35449314117432,-1.17200243473053,0.334165394306183,-0.141705960035324,-0.881381571292877,-13.2040996551514,-1.41918897628784,0.267306923866272,0.177107438445091,0.114074230194092,86.0442540055,-93.7158720095,-3.6214473315,-1.12098833552127,0.655211078060641,2.7217661960447
-15.9072875976563,9.2315673828125,-424.8046875,-18.5775756835938,-9.11712646484375,-467.83447265625,4.24691390991211,-5.79956531524658,-5.24225616455078,0.708577454090118,0.0583361610770226,0.548577189445496,-0.896800220012665,-5.6687445640564,7.31893444061279,0.110545441508293,-0.0355039723217487,0.0633706226944923,1.37603783607483,-3.15668487548828,8.37153911590576,-1.1792072057724,0.332020312547684,-0.141586676239967,-0.871408045291901,-13.2221918106079,-1.42589843273163,0.269356518983841,0.179433971643448,0.114748626947403,86.044262345,-93.715526675,-3.621445085,-1.12344812442688,0.655500067056761,2.72452677117963
-16.021728515625,9.0789794921875,-425.72021484375,-18.61572265625,-9.1552734375,-467.83447265625,4.29879808425903,-5.90247535705566,-5.24602651596069,0.708190560340881,0.069219559431076,0.549755036830902,-0.903649687767029,-5.65463733673096,7.3365740776062,0.111454978585243,-0.0355794951319695,0.0637111216783524,1.2918107509613,-3.18689370155334,8.39359569549561,-1.18690359592438,0.325504451990128,-0.140755295753479,-0.840170800685883,-13.2335538864136,-1.42418456077576,0.270004391670227,0.183935329318047,0.115913212299347,86.0442706845,-93.7151813405,-3.6214428385,-1.1259079133325,0.655789056052881,2.72728734631457
-15.8309936523438,9.11712646484375,-426.025390625,-18.5394287109375,-9.26971435546875,-468.063354492188,4.35068225860596,-6.00538492202759,-5.24979734420776,0.707803726196289,0.0801029577851295,0.550932824611664,-0.910499215126038,-5.64052963256836,7.35421323776245,0.112364515662193,-0.0356550179421902,0.0640516206622124,1.20758378505707,-3.21710276603699,8.41565227508545,-1.19459986686707,0.318988561630249,-0.139923930168152,-0.808933615684509,-13.2449159622192,-1.4224705696106,0.270652264356613,0.188436686992645,0.117077805101871,86.044279024,-93.714836006,-3.621440592,-1.12836770223811,0.656078045049001,2.7300479214495
-15.6402587890625,9.1552734375,-426.33056640625,-18.463134765625,-9.3841552734375,-468.292236328125,4.40256595611572,-6.10829496383667,-5.25356769561768,0.707416832447052,0.090986356139183,0.55211067199707,-0.917348682880402,-5.62642240524292,7.37185287475586,0.113274052739143,-0.0357305370271206,0.0643921196460724,1.12335669994354,-3.24731159210205,8.43770885467529,-1.20229625701904,0.312472701072693,-0.139092549681664,-0.777696371078491,-13.2562780380249,-1.42075669765472,0.271300107240677,0.192938029766083,0.118242390453815,86.0442873635,-93.7144906715,-3.6214383455,-1.13082749114373,0.656367034045121,2.73280849658444
-15.9072875976563,9.0789794921875,-426.94091796875,-18.3868408203125,-9.42230224609375,-468.368530273438,4.45445013046265,-6.21120452880859,-5.25733804702759,0.70702999830246,0.101869754493237,0.553288519382477,-0.924198150634766,-5.61231517791748,7.38949251174927,0.114183589816093,-0.0358060598373413,0.0647326186299324,1.03912973403931,-3.27752065658569,8.45976638793945,-1.20999252796173,0.305956840515137,-0.138261184096336,-0.746459186077118,-13.2676401138306,-1.41904270648956,0.271947979927063,0.197439387440681,0.119406975805759,86.044295703,-93.714145337,-3.621436099,-1.13328728004934,0.656656023041241,2.73556907171937
-16.17431640625,9.002685546875,-427.55126953125,-18.310546875,-9.46044921875,-468.44482421875,4.50633430480957,-6.31411457061768,-5.2611083984375,0.706643104553223,0.11275315284729,0.554466307163239,-0.931047677993774,-5.59820747375488,7.40713167190552,0.115093126893044,-0.035881582647562,0.065073125064373,0.954902648925781,-3.30772948265076,8.4818229675293,-1.21768891811371,0.299440950155258,-0.137429803609848,-0.7152219414711,-13.2790021896362,-1.41732883453369,0.272595852613449,0.20194074511528,0.120571561157703,86.0443040425,-93.7138000025,-3.6214338525,-1.13574706895496,0.656945012037361,2.73832964685431
-16.0598754882813,8.96453857421875,-428.390502929688,-18.3486938476563,-9.5367431640625,-468.75,4.55821847915649,-6.4170241355896,-5.26487922668457,0.70625627040863,0.123636551201344,0.555644154548645,-0.937897145748138,-5.58410024642944,7.42477130889893,0.116002663969994,-0.0359571054577827,0.065413624048233,0.870675623416901,-3.3379385471344,8.50387954711914,-1.2253851890564,0.292925089597702,-0.13659842312336,-0.683984756469727,-13.2903642654419,-1.41561496257782,0.273243725299835,0.206442102789879,0.121736153960228,86.044312382,-93.713454668,-3.621431606,-1.13820685786058,0.657234001033481,2.74109022198924
-15.9454345703125,8.9263916015625,-429.229736328125,-18.3868408203125,-9.613037109375,-469.05517578125,4.61010265350342,-6.51993417739868,-5.26864957809448,0.705869376659393,0.134519949555397,0.556822001934052,-0.944746613502502,-5.569993019104,7.44241094589233,0.116912201046944,-0.0360326282680035,0.065754123032093,0.78644859790802,-3.36814737319946,8.52593612670898,-1.23308157920837,0.286409199237823,-0.135767057538033,-0.652747511863708,-13.3017272949219,-1.41390097141266,0.273891597986221,0.210943460464478,0.122900739312172,86.0443207215,-93.7131093335,-3.6214293595,-1.14066664676619,0.6575229900296,2.74385079712418
-16.0980224609375,8.65936279296875,-429.840087890625,-18.2723999023438,-9.57489013671875,-468.826293945313,4.66198682785034,-6.62284374237061,-5.27241992950439,0.705482542514801,0.14540334045887,0.557999789714813,-0.951596140861511,-5.55588531494141,7.46005010604858,0.117821738123894,-0.0361081510782242,0.0660946220159531,0.702221572399139,-3.39835643768311,8.54799270629883,-1.24077785015106,0.279893338680267,-0.134935677051544,-0.621510326862335,-13.3130893707275,-1.41218709945679,0.274539470672607,0.215444818139076,0.124065324664116,86.044329061,-93.712763999,-3.621427113,-1.14312643567181,0.65781197902572,2.74661137225911
-16.2506103515625,8.392333984375,-430.450439453125,-18.157958984375,-9.5367431640625,-468.597412109375,4.71387052536011,-6.72575378417969,-5.27619028091431,0.705095648765564,0.156286746263504,0.55917763710022,-0.958445608615875,-5.54177808761597,7.47768974304199,0.118731275200844,-0.0361836701631546,0.0664351209998131,0.617994546890259,-3.42856526374817,8.57004928588867,-1.24847424030304,0.273377478122711,-0.134104311466217,-0.590273082256317,-13.3244514465332,-1.41047310829163,0.275187313556671,0.219946160912514,0.12522991001606,86.0443374005,-93.7124186645,-3.6214248665,-1.14558622457742,0.65810096802184,2.74937194739405
-16.17431640625,8.3160400390625,-431.289672851563,-18.157958984375,-9.57489013671875,-468.978881835938,4.76575469970703,-6.82866382598877,-5.27996110916138,0.704708814620972,0.167170137166977,0.560355484485626,-0.965295076370239,-5.52767086029053,7.4953293800354,0.119640812277794,-0.0362591929733753,0.0667756199836731,0.533767521381378,-3.45877432823181,8.59210586547852,-1.25617063045502,0.266861587762833,-0.133272930979729,-0.559035837650299,-13.3358135223389,-1.40875923633575,0.275835186243057,0.224447518587112,0.126394495368004,86.04434574,-93.71207333,-3.62142262,-1.14804601348304,0.65838995701796,2.75213252252898
-16.0980224609375,8.23974609375,-432.12890625,-18.157958984375,-9.613037109375,-469.3603515625,4.81763887405396,-6.93157339096069,-5.28373146057129,0.704321920871735,0.178053542971611,0.561533272266388,-0.972144603729248,-5.51356315612793,7.51296854019165,0.120550349354744,-0.036334715783596,0.0671161189675331,0.449540495872498,-3.48898315429688,8.61416339874268,-1.26386690139771,0.260345727205276,-0.13244155049324,-0.527798652648926,-13.3471755981445,-1.40704536437988,0.276483058929443,0.228948876261711,0.127559095621109,86.000847759,-93.5187050695,-3.608496965,-1.15044208253059,0.658489447759946,2.75429452839234
-16.2506103515625,8.1634521484375,-432.586669921875,-17.9290771484375,-9.5367431640625,-468.978881835938,4.86952304840088,-7.03448343276978,-5.2875018119812,0.703935086727142,0.188936933875084,0.562711119651794,-0.978994071483612,-5.49945592880249,7.53060817718506,0.121459886431694,-0.0364102385938168,0.0674566179513931,0.365313440561295,-3.51919221878052,8.63621997833252,-1.27156329154968,0.25382986664772,-0.131610184907913,-0.49656143784523,-13.3585376739502,-1.40533137321472,0.277130931615829,0.23345023393631,0.128723680973053,85.957349778,-93.325336809,-3.59557131,-1.15283815157815,0.658588938501931,2.7564565342557
-16.4031982421875,8.087158203125,-433.04443359375,-17.7001953125,-9.46044921875,-468.597412109375,4.9214072227478,-7.1373929977417,-5.29127216339111,0.703548192977905,0.199820339679718,0.563888967037201,-0.985843539237976,-5.48534870147705,7.54824781417847,0.122369423508644,-0.0364857614040375,0.0677971169352531,0.281086415052414,-3.54940104484558,8.65827655792236,-1.27925956249237,0.247313976287842,-0.130778804421425,-0.465324223041534,-13.3698997497559,-1.40361750125885,0.277778804302216,0.237951591610909,0.129888266324997,85.913851797,-93.1319685485,-3.582645655,-1.1552342206257,0.658688429243916,2.75861854011906
-16.2124633789063,7.97271728515625,-433.731079101563,-17.8909301757813,-9.57489013671875,-468.75,4.95896577835083,-7.24159812927246,-5.29371356964111,0.703105688095093,0.21199169754982,0.564601421356201,-0.987678170204163,-5.47380590438843,7.56519222259521,0.122429713606834,-0.0364894047379494,0.0681949183344841,0.214290767908096,-3.58637690544128,8.6751708984375,-1.2854415178299,0.240990966558456,-0.130325689911842,-0.434535980224609,-13.37082862854,-1.40648770332336,0.27797719836235,0.242563501000404,0.13045234978199,85.870353816,-92.938600288,-3.56972,-1.15763028967326,0.658787919985902,2.76078054598242
-16.021728515625,7.8582763671875,-434.417724609375,-18.0816650390625,-9.6893310546875,-468.902587890625,4.98219966888428,-7.3470983505249,-5.29482507705688,0.702607572078705,0.22545100748539,0.564848482608795,-0.984497904777527,-5.46482849121094,7.58144235610962,0.121640756726265,-0.036421176046133,0.0686500072479248,0.164926514029503,-3.63011980056763,8.68690204620361,-1.29010903835297,0.234860807657242,-0.130250841379166,-0.4041967689991,-13.3613233566284,-1.41394209861755,0.277726143598557,0.24728599190712,0.130415916442871,85.826855835,-92.7452320275,-3.556794345,-1.16002635872081,0.658887410727887,2.76294255184578
-16.0980224609375,7.74383544921875,-434.951782226563,-17.8909301757813,-9.65118408203125,-469.131469726563,5.00543308258057,-7.45259857177734,-5.29593706130981,0.702109396457672,0.238910317420959,0.565095603466034,-0.981317698955536,-5.45585107803345,7.59769248962402,0.120851807296276,-0.0363529473543167,0.0691050961613655,0.115562260150909,-3.67386269569397,8.69863414764404,-1.29477655887604,0.228730648756027,-0.130175977945328,-0.37385755777359,-13.3518180847168,-1.42139649391174,0.27747505903244,0.252008497714996,0.130379483103752,85.783357854,-92.551863767,-3.54386869,-1.16242242776837,0.658986901469872,2.76510455770914
-16.17431640625,7.62939453125,-435.48583984375,-17.7001953125,-9.613037109375,-469.3603515625,5.02866649627686,-7.55809879302979,-5.29704856872559,0.701611220836639,0.25236964225769,0.565342664718628,-0.9781374335289,-5.44687366485596,7.61394262313843,0.120062850415707,-0.0362847149372101,0.0695601925253868,0.0661979988217354,-3.71760535240173,8.71036529541016,-1.29944396018982,0.222600489854813,-0.130101129412651,-0.34351834654808,-13.3423128128052,-1.42885076999664,0.277224004268646,0.256730973720551,0.130343049764633,85.739859873,-92.3584955065,-3.530943035,-1.16481849681592,0.659086392211857,2.7672665635725
-16.2124633789063,7.5531005859375,-435.867309570313,-17.7764892578125,-9.765625,-469.436645507813,5.0519003868103,-7.66359901428223,-5.29816055297852,0.701113104820251,0.265828937292099,0.565589725971222,-0.974957168102264,-5.43789625167847,7.63019275665283,0.119273893535137,-0.0362164862453938,0.0700152814388275,0.0168337430804968,-3.76134824752808,8.72209644317627,-1.30411148071289,0.216470330953598,-0.130026265978813,-0.313179105520248,-13.3328084945679,-1.43630516529083,0.276972949504852,0.261453449726105,0.130306616425514,85.696361892,-92.165127246,-3.51801738,-1.16721456586348,0.659185882953843,2.76942856943586
-16.2506103515625,7.476806640625,-436.248779296875,-17.852783203125,-9.918212890625,-469.512939453125,5.07513380050659,-7.76909923553467,-5.29927253723145,0.700614929199219,0.27928826212883,0.565836846828461,-0.971776962280273,-5.42891883850098,7.64644241333008,0.118484936654568,-0.0361482575535774,0.0704703703522682,-0.0325305163860321,-3.80509114265442,8.7338285446167,-1.30877900123596,0.210340172052383,-0.129951402544975,-0.282839894294739,-13.3233032226563,-1.44375956058502,0.276721894741058,0.266175955533981,0.130270183086395,85.652863911,-91.9717589855,-3.505091725,-1.16961063491103,0.659285373695828,2.77159057529922
-16.17431640625,7.32421875,-437.240600585938,-17.8909301757813,-9.88006591796875,-469.512939453125,5.09836721420288,-7.87459945678711,-5.30038404464722,0.700116753578186,0.292747586965561,0.566083908081055,-0.968596696853638,-5.41994142532349,7.66269254684448,0.117695979773998,-0.0360800251364708,0.0709254667162895,-0.0818947702646255,-3.84883379936218,8.74555969238281,-1.31344652175903,0.204210013151169,-0.129876554012299,-0.252500683069229,-13.3137979507446,-1.45121395587921,0.276470839977264,0.270898431539536,0.130233749747276,85.60936593,-91.778390725,-3.49216607,-1.17200670395859,0.659384864437813,2.77375258116258
-16.0980224609375,7.171630859375,-438.232421875,-17.9290771484375,-9.8419189453125,-469.512939453125,5.12160110473633,-7.98009967803955,-5.30149602890015,0.699618637561798,0.306206881999969,0.566331028938293,-0.965416431427002,-5.410964012146,7.67894268035889,0.116907030344009,-0.0360117964446545,0.0713805556297302,-0.131259024143219,-3.89257669448853,8.75729179382324,-1.3181140422821,0.198079839348793,-0.129801690578461,-0.222161456942558,-13.304292678833,-1.4586683511734,0.276219755411148,0.275620937347412,0.130197316408157,85.565867949,-91.5850224645,-3.479240415,-1.17440277300614,0.659484355179799,2.77591458702594
-16.0980224609375,7.171630859375,-438.8427734375,-17.7764892578125,-9.72747802734375,-469.512939453125,5.14483451843262,-8.08559989929199,-5.30260753631592,0.699120461940765,0.3196662068367,0.566578090190887,-0.962236225605011,-5.40198659896851,7.69519281387329,0.11611807346344,-0.0359435677528381,0.0718356445431709,-0.180623292922974,-3.93631958961487,8.76902294158936,-1.32278156280518,0.191949680447578,-0.129726842045784,-0.191822245717049,-13.2947883605957,-1.46612274646759,0.275968700647354,0.280343413352966,0.130160883069038,85.522369968,-91.391654204,-3.46631476,-1.1767988420537,0.659583845921784,2.77807659288929
-16.0980224609375,7.171630859375,-439.453125,-17.6239013671875,-9.613037109375,-469.512939453125,5.16806840896606,-8.19110012054443,-5.30371952056885,0.698622345924377,0.333125501871109,0.566825151443481,-0.959055960178375,-5.39300870895386,7.7114429473877,0.11532911658287,-0.0358753353357315,0.0722907409071922,-0.229987546801567,-3.98006224632263,8.78075408935547,-1.32744908332825,0.185819521546364,-0.129651978611946,-0.161483019590378,-13.2852830886841,-1.47357714176178,0.27571764588356,0.285065889358521,0.130124464631081,85.478871987,-91.1982859435,-3.453389105,-1.17919491110125,0.659683336663769,2.78023859875265
-16.17431640625,7.05718994140625,-440.292358398438,-17.7383422851563,-9.765625,-469.589233398438,5.19130182266235,-8.29660034179688,-5.30483102798462,0.698124170303345,0.34658482670784,0.56707227230072,-0.95587569475174,-5.38403129577637,7.7276930809021,0.114540159702301,-0.0358071066439152,0.0727458298206329,-0.279351800680161,-4.02380514144897,8.7924861907959,-1.33211648464203,0.179689362645149,-0.129577130079269,-0.131143808364868,-13.2757778167725,-1.48103141784668,0.275466591119766,0.289788395166397,0.130088031291962,85.435374006,-91.004917683,-3.44046345,-1.18159098014881,0.659782827405755,2.78240060461601
-16.2506103515625,6.9427490234375,-441.131591796875,-17.852783203125,-9.918212890625,-469.66552734375,5.21453523635864,-8.40210056304932,-5.30594301223755,0.697625994682312,0.360044151544571,0.567319333553314,-0.952695429325104,-5.37505388259888,7.74394273757935,0.113751210272312,-0.0357388779520988,0.0732009187340736,-0.328716069459915,-4.06754779815674,8.80421733856201,-1.3367840051651,0.173559203743935,-0.129502266645432,-0.100804582238197,-13.2662725448608,-1.48848581314087,0.27521550655365,0.294510871171951,0.130051597952843,85.391876025,-90.8115494225,-3.427537795,-1.18398704919636,0.65988231814774,2.78456261047937
-16.2124633789063,6.90460205078125,-441.360473632813,-17.7764892578125,-10.0326538085938,-469.970703125,5.23776912689209,-8.50760078430176,-5.30705451965332,0.697127878665924,0.373503446578979,0.567566454410553,-0.949515223503113,-5.36607646942139,7.76019287109375,0.112962253391743,-0.0356706455349922,0.0736560150980949,-0.378080308437347,-4.11129093170166,8.81594944000244,-1.34145152568817,0.16742904484272,-0.129427418112755,-0.0704653635621071,-13.2567682266235,-1.49594020843506,0.274964451789856,0.299233376979828,0.130015164613724,85.348378044,-90.618181162,-3.41461214,-1.18638311824392,0.659981808889725,2.78672461634273
-16.17431640625,6.866455078125,-441.58935546875,-17.7001953125,-10.1470947265625,-470.27587890625,5.26100254058838,-8.6131010055542,-5.30816650390625,0.696629703044891,0.38696277141571,0.567813515663147,-0.946334958076477,-5.3570990562439,7.77644300460815,0.112173296511173,-0.0356024168431759,0.0741111040115356,-0.427444577217102,-4.15503358840942,8.82768058776855,-1.34611904621124,0.161298885941505,-0.129352554678917,-0.0401261448860168,-13.2472629547119,-1.50339460372925,0.274713397026062,0.303955852985382,0.129978731274605,85.304880063,-90.4248129015,-3.401686485,-1.18877918729147,0.660081299631711,2.78888662220609
-15.9835815429688,6.75201416015625,-442.276000976563,-17.5094604492188,-10.1470947265625,-470.199584960938,5.2483983039856,-8.6983003616333,-5.31024694442749,0.696077883243561,0.399410218000412,0.567483603954315,-0.95327353477478,-5.35403776168823,7.78464603424072,0.110259503126144,-0.0348353199660778,0.0747669190168381,-0.427168488502502,-4.20407962799072,8.83701610565186,-1.34766590595245,0.15731155872345,-0.131704181432724,-0.0215416084975004,-13.2139940261841,-1.5223423242569,0.273953586816788,0.307083308696747,0.128487586975098,85.261382082,-90.231444641,-3.38876083,-1.19117525633903,0.660180790373696,2.79104862806945
-15.7928466796875,6.6375732421875,-442.962646484375,-17.3187255859375,-10.1470947265625,-470.123291015625,5.23579406738281,-8.78349876403809,-5.31232738494873,0.69552606344223,0.411857634782791,0.567153751850128,-0.960212111473083,-5.35097646713257,7.79284858703613,0.108345717191696,-0.0340682230889797,0.0754227414727211,-0.42689236998558,-4.25312614440918,8.84635162353516,-1.34921276569366,0.153324246406555,-0.134055808186531,-0.00295707024633884,-13.1807241439819,-1.54128992557526,0.273193746805191,0.310210764408112,0.126996457576752,85.217884101,-90.0380763805,-3.375835175,-1.19357132538658,0.660280281115681,2.79321063393281
-15.9072875976563,6.52313232421875,-443.344116210938,-17.4331665039063,-9.9945068359375,-469.818115234375,5.22318935394287,-8.86869812011719,-5.31440782546997,0.6949742436409,0.424305081367493,0.566823840141296,-0.967150628566742,-5.3479151725769,7.8010516166687,0.106431923806667,-0.0333011262118816,0.0760785564780235,-0.426616281270981,-4.30217218399048,8.85568618774414,-1.35075974464417,0.149336919188499,-0.136407434940338,0.0156274661421776,-13.1474552154541,-1.56023764610291,0.272433936595917,0.313338220119476,0.125505313277245,85.17438612,-89.84470812,-3.36290952,-1.19596739443414,0.660379771857666,2.79537263979617
-16.021728515625,6.40869140625,-443.7255859375,-17.547607421875,-9.8419189453125,-469.512939453125,5.21058511734009,-8.95389652252197,-5.31648826599121,0.694422423839569,0.436752527952194,0.566493988037109,-0.974089205265045,-5.34485387802124,7.80925464630127,0.104518130421638,-0.0325340256094933,0.0767343789339066,-0.426340162754059,-4.35121870040894,8.86502170562744,-1.35230660438538,0.145349591970444,-0.138759061694145,0.0342120043933392,-13.114185333252,-1.57918524742126,0.271674126386642,0.316465675830841,0.124014176428318,85.174000382,-89.844708516,-3.362796254,-1.19678819931689,0.660649046935252,2.79567389357838
-16.0980224609375,6.3323974609375,-444.259643554688,-17.39501953125,-9.88006591796875,-470.046997070313,5.1979808807373,-9.03909587860107,-5.31856870651245,0.693870604038239,0.449199944734573,0.566164076328278,-0.981027781963348,-5.34179258346558,7.81745767593384,0.10260433703661,-0.0317669287323952,0.077390193939209,-0.426064074039459,-4.40026473999023,8.87435722351074,-1.35385346412659,0.141362279653549,-0.141110688447952,0.0527965426445007,-13.0809164047241,-1.59813296794891,0.270914316177368,0.319593131542206,0.122523032128811,85.173614644,-89.844708912,-3.362682988,-1.19760900419963,0.660918322012838,2.79597514736059
-16.17431640625,6.256103515625,-444.793701171875,-17.242431640625,-9.918212890625,-470.5810546875,5.18537664413452,-9.12429428100586,-5.32064914703369,0.693318784236908,0.461647391319275,0.565834164619446,-0.987966358661652,-5.33873128890991,7.82566022872925,0.100690551102161,-0.0309998318552971,0.078046016395092,-0.425787955522537,-4.44931077957153,8.88369274139404,-1.3554003238678,0.137374952435493,-0.143462315201759,0.071381077170372,-13.0476474761963,-1.61708056926727,0.270154476165771,0.322720587253571,0.121031895279884,85.173228906,-89.844709308,-3.362569722,-1.19842980908238,0.661187597090424,2.7962764011428
-16.17431640625,6.3323974609375,-445.327758789063,-17.4713134765625,-10.0326538085938,-470.5810546875,5.17277240753174,-9.20949363708496,-5.32272958755493,0.692767024040222,0.474094837903976,0.565504312515259,-0.99490487575531,-5.33567047119141,7.83386325836182,0.0987767577171326,-0.030232734978199,0.0787018314003944,-0.425511866807938,-4.49835729598999,8.89302825927734,-1.3569473028183,0.133387625217438,-0.145813941955566,0.0899656191468239,-13.0143775939941,-1.63602828979492,0.269394665956497,0.325848042964935,0.119540758430958,85.172843168,-89.844709704,-3.362456456,-1.19925061396513,0.661456872168009,2.79657765492501
-16.17431640625,6.40869140625,-445.86181640625,-17.7001953125,-10.1470947265625,-470.5810546875,5.16016817092896,-9.29469203948975,-5.32481002807617,0.692215204238892,0.486542254686356,0.565174400806427,-1.00184345245361,-5.33260917663574,7.84206628799438,0.0968629643321037,-0.0294656381011009,0.0793576538562775,-0.425235748291016,-4.54740333557129,8.90236377716064,-1.35849416255951,0.129400312900543,-0.148165568709373,0.108550153672695,-12.9811086654663,-1.65497589111328,0.268634855747223,0.3289754986763,0.118049614131451,85.17245743,-89.8447101,-3.36234319,-1.20007141884788,0.661726147245595,2.79687890870722
-16.2124633789063,6.40869140625,-446.395874023438,-17.852783203125,-10.223388671875,-470.504760742188,5.14756345748901,-9.37989139556885,-5.32689046859741,0.691663384437561,0.498989701271057,0.56484454870224,-1.00878202915192,-5.32954788208008,7.85026931762695,0.0949491709470749,-0.0286985393613577,0.0800134688615799,-0.424959659576416,-4.59644985198975,8.91169834136963,-1.36004102230072,0.125412985682487,-0.150517195463181,0.127134695649147,-12.9478387832642,-1.67392361164093,0.267875045537949,0.332102954387665,0.116558477282524,85.172071692,-89.844710496,-3.362229924,-1.20089222373063,0.661995422323181,2.79718016248943
-16.2506103515625,6.40869140625,-446.929931640625,-18.00537109375,-10.2996826171875,-470.428466796875,5.13495922088623,-9.46509075164795,-5.32897090911865,0.69111156463623,0.511437118053436,0.564514636993408,-1.01572060585022,-5.32648658752441,7.85847187042236,0.0930353850126266,-0.0279314424842596,0.0806692838668823,-0.424683570861816,-4.64549589157104,8.92103385925293,-1.36158788204193,0.121425665915012,-0.152868822216988,0.145719230175018,-12.9145698547363,-1.69287121295929,0.267115205526352,0.33523041009903,0.115067340433598,85.171685954,-89.844710892,-3.362116658,-1.20171302861337,0.662264697400766,2.79748141627164
-16.2887573242188,6.44683837890625,-447.235107421875,-17.7764892578125,-10.4141235351563,-470.88623046875,5.12235498428345,-9.55028915405273,-5.33105134963989,0.6905597448349,0.52388459444046,0.564184725284576,-1.02265918254852,-5.32342529296875,7.86667490005493,0.0911215916275978,-0.0271643456071615,0.0813251063227654,-0.424407452344894,-4.69454193115234,8.93036937713623,-1.36313474178314,0.117438338696957,-0.155220448970795,0.16430376470089,-12.8813009262085,-1.71181893348694,0.266355395317078,0.338357865810394,0.11357619613409,85.171300216,-89.844711288,-3.362003392,-1.20253383349612,0.662533972478352,2.79778267005385
-16.326904296875,6.4849853515625,-447.540283203125,-17.547607421875,-10.528564453125,-471.343994140625,5.10975074768066,-9.63548851013184,-5.33313179016113,0.690007925033569,0.536332011222839,0.563854873180389,-1.02959775924683,-5.32036399841309,7.8748779296875,0.089207798242569,-0.0263972468674183,0.0819809213280678,-0.424131363630295,-4.7435884475708,8.93970489501953,-1.36468172073364,0.113451018929482,-0.157572075724602,0.182888299226761,-12.8480310440063,-1.7307665348053,0.265595585107803,0.341485321521759,0.112085059285164,85.170914478,-89.844711684,-3.361890126,-1.20335463837887,0.662803247555938,2.79808392383607
-16.4031982421875,6.40869140625,-447.69287109375,-17.6620483398438,-10.5667114257813,-471.267700195313,5.09714651107788,-9.72068691253662,-5.33521223068237,0.689456105232239,0.548779428005219,0.563524961471558,-1.03653633594513,-5.31730270385742,7.88308095932007,0.0872940048575401,-0.0256301499903202,0.0826367437839508,-0.423855245113373,-4.7926344871521,8.94904041290283,-1.36622858047485,0.109463699162006,-0.159923702478409,0.201472833752632,-12.8147621154785,-1.74971425533295,0.264835774898529,0.344612777233124,0.110593922436237,85.17052874,-89.84471208,-3.36177686,-1.20417544326162,0.663072522633524,2.79838517761827
-16.4794921875,6.3323974609375,-447.845458984375,-17.7764892578125,-10.6048583984375,-471.19140625,5.07452583312988,-9.78468036651611,-5.33749341964722,0.689026176929474,0.55761194229126,0.56315404176712,-1.04258382320404,-5.31817579269409,7.88498735427856,0.0854557380080223,-0.0249564498662949,0.0833498537540436,-0.406348407268524,-4.83599376678467,8.95589065551758,-1.36734414100647,0.106771789491177,-0.163176223635674,0.21280999481678,-12.7871599197388,-1.76420760154724,0.262955814599991,0.346450120210648,0.108728513121605,85.170143002,-89.844712476,-3.361663594,-1.20499624814436,0.663341797711109,2.79868643140049
-16.4031982421875,6.1798095703125,-448.30322265625,-17.6620483398438,-10.6430053710938,-471.19140625,5.04188919067383,-9.827467918396,-5.33997631072998,0.688718140125275,0.562829554080963,0.562741994857788,-1.04774045944214,-5.3229832649231,7.88059711456299,0.0836929902434349,-0.0243761446326971,0.0841202586889267,-0.371610820293427,-4.87366533279419,8.9602575302124,-1.36802840232849,0.105375304818153,-0.167329639196396,0.216899782419205,-12.7652254104614,-1.77424657344818,0.259955734014511,0.346997380256653,0.106488846242428,85.169757264,-89.844712872,-3.361550328,-1.20581705302711,0.663611072788695,2.7989876851827
-16.326904296875,6.0272216796875,-448.760986328125,-17.547607421875,-10.68115234375,-471.19140625,5.00925207138062,-9.87025547027588,-5.34245920181274,0.688410103321075,0.568047106266022,0.562329947948456,-1.05289697647095,-5.3277907371521,7.87620735168457,0.0819302424788475,-0.0237958393990993,0.0848906710743904,-0.336873203516006,-4.91133737564087,8.96462440490723,-1.3687127828598,0.10397881269455,-0.171483039855957,0.220989570021629,-12.7432909011841,-1.78428554534912,0.256955683231354,0.347544640302658,0.104249179363251,85.169371526,-89.844713268,-3.361437062,-1.20663785790986,0.663880347866281,2.79928893896491
-16.3650512695313,6.256103515625,-448.989868164063,-17.7764892578125,-10.8718872070313,-471.19140625,4.97661542892456,-9.91304302215576,-5.34494209289551,0.688102066516876,0.573264718055725,0.561917901039124,-1.05805361270905,-5.33259773254395,7.87181758880615,0.0801674947142601,-0.0232155341655016,0.0856610760092735,-0.302135616540909,-4.94900894165039,8.96899127960205,-1.36939704418182,0.102582328021526,-0.175636455416679,0.225079357624054,-12.7213563919067,-1.79432451725006,0.253955602645874,0.348091900348663,0.102009512484074,85.168985788,-89.844713664,-3.361323796,-1.20745866279261,0.664149622943867,2.79959019274712
-16.4031982421875,6.4849853515625,-449.21875,-18.00537109375,-11.0626220703125,-471.19140625,4.94397878646851,-9.95583057403564,-5.34742498397827,0.687794029712677,0.578482270240784,0.561505913734436,-1.06321024894714,-5.33740520477295,7.86742734909058,0.0784047469496727,-0.0226352289319038,0.0864314809441566,-0.267398029565811,-4.98668098449707,8.97335815429688,-1.37008130550385,0.101185835897923,-0.179789856076241,0.229169145226479,-12.6994218826294,-1.804363489151,0.250955522060394,0.348639130592346,0.0997698456048965,85.16860005,-89.84471406,-3.36121053,-1.20827946767536,0.664418898021452,2.79989144652933
-16.632080078125,6.256103515625,-449.676513671875,-18.0435180664063,-11.1770629882813,-471.343994140625,4.91134214401245,-9.99861812591553,-5.34990739822388,0.687485992908478,0.583699822425842,0.561093866825104,-1.06836676597595,-5.34221267700195,7.86303758621216,0.0766419991850853,-0.0220549236983061,0.0872018858790398,-0.232660442590714,-5.02435302734375,8.97772407531738,-1.37076568603516,0.0997893437743187,-0.183943256735802,0.233258932828903,-12.6774873733521,-1.81440246105194,0.247955456376076,0.349186390638351,0.0975301787257195,85.168214312,-89.844714456,-3.361097264,-1.2091002725581,0.664688173099038,2.80019270031154
-16.8609619140625,6.0272216796875,-450.13427734375,-18.0816650390625,-11.29150390625,-471.49658203125,4.8787055015564,-10.0414056777954,-5.35239028930664,0.687177956104279,0.588917434215546,0.560681819915771,-1.07352340221405,-5.34702014923096,7.85864782333374,0.0748792514204979,-0.0214746184647083,0.0879722908139229,-0.197922840714455,-5.06202459335327,8.98209095001221,-1.37144994735718,0.0983928591012955,-0.188096672296524,0.237348720431328,-12.6555528640747,-1.82444143295288,0.244955375790596,0.349733650684357,0.0952905118465424,85.167828574,-89.844714852,-3.360983998,-1.20992107744085,0.664957448176624,2.80049395409375
-16.78466796875,6.21795654296875,-450.286865234375,-18.157958984375,-11.3296508789063,-471.267700195313,4.84606838226318,-10.084192276001,-5.3548731803894,0.686869859695435,0.594134986400604,0.560269773006439,-1.07867991924286,-5.35182762145996,7.85425758361816,0.0731165111064911,-0.0208943132311106,0.0887427031993866,-0.163185253739357,-5.09969663619995,8.98645782470703,-1.3721342086792,0.0969963669776917,-0.192250072956085,0.241438508033752,-12.633617401123,-1.83448040485382,0.241955310106277,0.350280910730362,0.0930508449673653,85.167442836,-89.844715248,-3.360870732,-1.2107418823236,0.665226723254209,2.80079520787596
-16.7083740234375,6.40869140625,-450.439453125,-18.2342529296875,-11.3677978515625,-471.038818359375,4.81343173980713,-10.1269798278809,-5.35735607147217,0.686561822891235,0.599352598190308,0.559857785701752,-1.08383655548096,-5.35663509368896,7.84986782073975,0.0713537633419037,-0.0203140079975128,0.0895131081342697,-0.128447651863098,-5.13736820220947,8.99082469940186,-1.37281858921051,0.0955998823046684,-0.196403488516808,0.245528295636177,-12.6116828918457,-1.84451937675476,0.238955229520798,0.350828140974045,0.0908111780881882,85.167057098,-89.844715644,-3.360757466,-1.21156268720635,0.665495998331795,2.80109646165817
-16.8991088867188,6.40869140625,-450.74462890625,-18.1961059570313,-11.444091796875,-471.267700195313,4.78079509735107,-10.1697673797607,-5.35983896255493,0.686253786087036,0.604570150375366,0.559445738792419,-1.08899319171906,-5.36144256591797,7.84547758102417,0.0695910155773163,-0.0197337046265602,0.0902835130691528,-0.0937100648880005,-5.17504024505615,8.99519157409668,-1.37350285053253,0.0942033901810646,-0.200556889176369,0.249618083238602,-12.5897483825684,-1.85455846786499,0.235955163836479,0.35137540102005,0.0885715037584305,85.16667136,-89.84471604,-3.3606442,-1.21238349208909,0.665765273409381,2.80139771544038
-17.08984375,6.40869140625,-451.0498046875,-18.157958984375,-11.5203857421875,-471.49658203125,4.74815845489502,-10.2125549316406,-5.3623218536377,0.685945749282837,0.60978776216507,0.559033691883087,-1.09414970874786,-5.36624956130981,7.84108781814575,0.0678282678127289,-0.0191533993929625,0.0910539180040359,-0.0589724667370319,-5.21271181106567,8.9995584487915,-1.37418711185455,0.0928069055080414,-0.204710304737091,0.253707885742188,-12.567813873291,-1.86459743976593,0.232955083250999,0.351922661066055,0.0863318368792534,85.165990338,-89.8445719265,-3.360567223,-1.21150573356213,0.665577415006676,2.79793442390178
-16.8609619140625,6.52313232421875,-451.126098632813,-18.2723999023438,-11.6729736328125,-471.8017578125,4.71552133560181,-10.2553424835205,-5.3648042678833,0.685637712478638,0.615005314350128,0.558621644973755,-1.09930634498596,-5.37105703353882,7.83669805526733,0.0660655200481415,-0.0185730941593647,0.0918243303894997,-0.0242348741739988,-5.25038385391235,9.00392436981201,-1.37487137317657,0.0914104133844376,-0.208863705396652,0.257797658443451,-12.5458793640137,-1.87463641166687,0.229955017566681,0.352469921112061,0.0840921700000763,85.165309316,-89.844427813,-3.360490246,-1.21062797503517,0.665389556603971,2.79447113236318
-16.632080078125,6.6375732421875,-451.202392578125,-18.3868408203125,-11.8255615234375,-472.10693359375,4.68288469314575,-10.2981300354004,-5.36728715896606,0.685329675674438,0.620222926139832,0.558209657669067,-1.10446286201477,-5.37586450576782,7.83230781555176,0.0643027722835541,-0.0179927889257669,0.0925947353243828,0.0105027193203568,-5.28805541992188,9.00829124450684,-1.37555575370789,0.0900139287114143,-0.213017120957375,0.261887460947037,-12.5239448547363,-1.88467538356781,0.226954936981201,0.353017151355743,0.0818525031208992,85.164628294,-89.8442836995,-3.360413269,-1.20975021650821,0.665201698201266,2.79100784082457
-16.7083740234375,6.67572021484375,-451.35498046875,-18.3486938476563,-11.90185546875,-471.8017578125,4.6502480506897,-10.3409175872803,-5.36977005004883,0.685021638870239,0.62544047832489,0.557797610759735,-1.10961949825287,-5.38067197799683,7.82791805267334,0.0625400245189667,-0.0174124836921692,0.0933651402592659,0.0452403128147125,-5.32572746276855,9.01265811920166,-1.37624001502991,0.0886174365878105,-0.217170521616936,0.2659772336483,-12.502010345459,-1.89471435546875,0.223954871296883,0.353564411401749,0.0796128362417221,85.163947272,-89.844139586,-3.360336292,-1.20887245798125,0.665013839798561,2.78754454928597
-16.78466796875,6.7138671875,-451.507568359375,-18.310546875,-11.9781494140625,-471.49658203125,4.60337400436401,-10.3317098617554,-5.37773704528809,0.685150802135468,0.625259816646576,0.556001782417297,-1.09863352775574,-5.38850831985474,7.82375955581665,0.0611282996833324,-0.0163909960538149,0.0944581851363182,0.0957895964384079,-5.34881067276001,9.01138305664063,-1.37802863121033,0.0900230556726456,-0.221298351883888,0.25215357542038,-12.4822425842285,-1.89569532871246,0.21965816617012,0.352327674627304,0.0763946399092674,85.16326625,-89.8439954725,-3.360259315,-1.20799469945429,0.664825981395856,2.78408125774737
-17.0516967773438,6.7138671875,-451.507568359375,-18.3868408203125,-12.0925903320313,-471.572875976563,4.55649995803833,-10.3225011825562,-5.38570404052734,0.685279965400696,0.625079154968262,0.554205894470215,-1.08764743804932,-5.39634418487549,7.81960153579712,0.0597165748476982,-0.0153695093467832,0.0955512374639511,0.146338880062103,-5.37189388275146,9.01010704040527,-1.37981724739075,0.0914286747574806,-0.225426197052002,0.238329902291298,-12.462474822998,-1.89667630195618,0.215361475944519,0.351090908050537,0.0731764361262321,85.162585228,-89.843851359,-3.360182338,-1.20711694092732,0.664638122993151,2.78061796620877
-17.3187255859375,6.7138671875,-451.507568359375,-18.463134765625,-12.20703125,-471.649169921875,4.5096263885498,-10.3132934570313,-5.39367151260376,0.685409128665924,0.624898552894592,0.552410066127777,-1.07666146755219,-5.4041805267334,7.81544303894043,0.058304850012064,-0.0143480217084289,0.0966442823410034,0.196888163685799,-5.39497709274292,9.00883197784424,-1.38160574436188,0.0928342938423157,-0.229554027318954,0.224506229162216,-12.4427061080933,-1.89765739440918,0.211064770817757,0.349854171276093,0.0699582397937775,85.161904206,-89.8437072455,-3.360105361,-1.20623918240036,0.664450264590446,2.77715467467017
-17.3187255859375,6.9427490234375,-451.736450195313,-18.5012817382813,-12.2451782226563,-471.725463867188,4.46275234222412,-10.3040857315063,-5.40163850784302,0.685538291931152,0.624717891216278,0.550614178180695,-1.06567537784576,-5.41201686859131,7.8112850189209,0.0568931251764297,-0.0133265340700746,0.0977373272180557,0.247437447309494,-5.41806030273438,9.00755596160889,-1.3833943605423,0.0942399129271507,-0.233681857585907,0.210682570934296,-12.4229383468628,-1.89863836765289,0.206768065690994,0.348617404699326,0.0667400360107422,85.161223184,-89.843563132,-3.360028384,-1.2053614238734,0.664262406187741,2.77369138313157
-17.3187255859375,7.171630859375,-451.96533203125,-18.5394287109375,-12.2833251953125,-471.8017578125,4.41587829589844,-10.2948780059814,-5.40960550308228,0.685667395591736,0.624537229537964,0.548818349838257,-1.05468940734863,-5.41985321044922,7.80712652206421,0.0554814003407955,-0.0123050473630428,0.0988303795456886,0.297986745834351,-5.44114398956299,9.00628089904785,-1.38518297672272,0.0956455394625664,-0.237809687852859,0.196858897805214,-12.4031705856323,-1.89961934089661,0.202471360564232,0.347380667924881,0.0635218396782875,85.160542162,-89.8434190185,-3.359951407,-1.20448366534644,0.664074547785036,2.77022809159296
-17.1279907226563,7.01904296875,-451.889038085938,-18.6538696289063,-12.20703125,-471.572875976563,4.36900424957275,-10.2856693267822,-5.41757249832153,0.685796558856964,0.62435656785965,0.547022461891174,-1.04370331764221,-5.42768907546997,7.80296850204468,0.0540696755051613,-0.0112835597246885,0.0999234244227409,0.348536014556885,-5.46422719955444,9.00500583648682,-1.38697159290314,0.0970511585474014,-0.241937533020973,0.183035224676132,-12.3834028244019,-1.90060031414032,0.198174670338631,0.346143901348114,0.0603036358952522,85.15986114,-89.843274905,-3.35987443,-1.20360590681948,0.663886689382331,2.76676480005436
-16.937255859375,6.866455078125,-451.812744140625,-18.768310546875,-12.1307373046875,-471.343994140625,4.32213068008423,-10.2764616012573,-5.42553997039795,0.685925722122192,0.624175906181335,0.545226633548737,-1.03271734714508,-5.43552541732788,7.79881000518799,0.0526579506695271,-0.0102620730176568,0.101016476750374,0.399085313081741,-5.4873104095459,9.00372982025146,-1.38876008987427,0.0984567776322365,-0.246065363287926,0.169211566448212,-12.3636341094971,-1.90158128738403,0.193877965211868,0.344907164573669,0.0570854358375072,85.159180118,-89.8431307915,-3.359797453,-1.20272814829252,0.663698830979626,2.76330150851576
-17.0516967773438,6.9427490234375,-451.736450195313,-18.9208984375,-12.1688842773438,-471.343994140625,4.27525663375854,-10.2672538757324,-5.43350696563721,0.686054885387421,0.623995244503021,0.543430745601654,-1.02173125743866,-5.44336175918579,7.79465198516846,0.0512462258338928,-0.0092405853793025,0.102109521627426,0.449634581804276,-5.51039361953735,9.00245475769043,-1.39054870605469,0.0998623967170715,-0.250193208456039,0.15538789331913,-12.3438663482666,-1.90256226062775,0.189581260085106,0.343670397996902,0.0538672357797623,85.158499096,-89.842986678,-3.359720476,-1.20185038976556,0.663510972576921,2.75983821697716
-17.1661376953125,7.01904296875,-451.66015625,-19.073486328125,-12.20703125,-471.343994140625,4.22838258743286,-10.2580461502075,-5.44147396087646,0.686184048652649,0.623814642429352,0.541634917259216,-1.01074528694153,-5.45119762420654,7.79049348831177,0.0498345009982586,-0.0082190977409482,0.103202566504478,0.500183880329132,-5.53347682952881,9.00117874145508,-1.39233732223511,0.101268015801907,-0.254321038722992,0.141564235091209,-12.3240985870361,-1.90354335308075,0.185284554958344,0.342433661222458,0.0506490357220173,85.157818074,-89.8428425645,-3.359643499,-1.20097263123859,0.663323114174216,2.75637492543856
-17.08984375,7.171630859375,-451.812744140625,-18.9590454101563,-12.20703125,-471.038818359375,4.18150854110718,-10.2488374710083,-5.44944095611572,0.686313211917877,0.623633980751038,0.539839029312134,-0.999759197235107,-5.45903396606445,7.78633546829224,0.0484227761626244,-0.00719761056825519,0.104295618832111,0.550733149051666,-5.55656003952026,8.99990367889404,-1.39412593841553,0.102673634886742,-0.258448868989944,0.127740561962128,-12.3043308258057,-1.90452432632446,0.180987864732742,0.341196924448013,0.0474308356642723,85.157137052,-89.842698451,-3.359566522,-1.20009487271163,0.663135255771511,2.75291163389995
-17.0135498046875,7.32421875,-451.96533203125,-18.8446044921875,-12.20703125,-470.733642578125,4.13463449478149,-10.2396297454834,-5.45740795135498,0.686442375183105,0.623453319072723,0.538043200969696,-0.988773167133331,-5.46687030792236,7.78217697143555,0.0470110513269901,-0.00617612339556217,0.105388663709164,0.6012824177742,-5.57964324951172,8.99862861633301,-1.39591455459595,0.104079253971577,-0.262576699256897,0.113916896283627,-12.2845630645752,-1.90550529956818,0.17669115960598,0.339960157871246,0.0442126356065273,85.15645603,-89.8425543375,-3.359489545,-1.19921711418467,0.662947397368806,2.74944834236135
-17.1279907226563,7.476806640625,-451.812744140625,-18.9590454101563,-12.2451782226563,-470.733642578125,4.08776092529297,-10.2304220199585,-5.4653754234314,0.686571538448334,0.623272657394409,0.536247313022614,-0.977787137031555,-5.47470617294312,7.77801895141602,0.0455993264913559,-0.00515463622286916,0.106481708586216,0.651831746101379,-5.60272645950317,8.99735260009766,-1.39770305156708,0.105484873056412,-0.266704529523849,0.100093230605125,-12.2647943496704,-1.90648627281189,0.172394454479218,0.338723421096802,0.0409944355487823,85.155775008,-89.842410224,-3.359412568,-1.19833935565771,0.662759538966101,2.74598505082275
-17.242431640625,7.62939453125,-451.66015625,-19.073486328125,-12.2833251953125,-470.733642578125,4.04088687896729,-10.2212142944336,-5.47334241867065,0.686700701713562,0.623091995716095,0.534451484680176,-0.966801106929779,-5.48254251480103,7.77386045455933,0.0441876016557217,-0.00413314905017614,0.107574760913849,0.702381014823914,-5.62580966949463,8.99607753753662,-1.3994916677475,0.106890492141247,-0.270832359790802,0.0862695649266243,-12.2450265884399,-1.9074672460556,0.168097749352455,0.337486654520035,0.0377762354910374,85.155093986,-89.8422661105,-3.359335591,-1.19746159713075,0.662571680563396,2.74252175928415
-17.0516967773438,7.66754150390625,-451.583862304688,-19.0353393554688,-12.3214721679688,-470.809936523438,3.99998474121094,-10.195686340332,-5.4796462059021,0.687127292156219,0.620338439941406,0.532754600048065,-0.953956484794617,-5.48738622665405,7.77018547058105,0.0432687476277351,-0.00309212156571448,0.108560152351856,0.751104056835175,-5.6442666053772,8.99241542816162,-1.40178537368774,0.108709506690502,-0.274540811777115,0.063458077609539,-12.2317113876343,-1.90019965171814,0.164769232273102,0.336262822151184,0.0348899401724339,85.154412964,-89.842121997,-3.359258614,-1.19658383860379,0.662383822160691,2.73905846774555
-16.8609619140625,7.7056884765625,-451.507568359375,-18.9971923828125,-12.359619140625,-470.88623046875,3.96505451202393,-10.1538400650024,-5.48428726196289,0.687851309776306,0.615011990070343,0.531156778335571,-0.939253211021423,-5.4892373085022,7.76699304580688,0.042842760682106,-0.00203155400231481,0.109437897801399,0.798000872135162,-5.65809679031372,8.98636817932129,-1.40458416938782,0.110941916704178,-0.277829825878143,0.0316587835550308,-12.2248497009277,-1.88468337059021,0.162408873438835,0.335051864385605,0.0323355421423912,85.153731942,-89.8419778835,-3.359181637,-1.19570608007682,0.662195963757986,2.73559517620695
-17.1279907226563,7.66754150390625,-451.431274414063,-19.073486328125,-12.359619140625,-470.504760742188,3.93012452125549,-10.1119937896729,-5.48892831802368,0.688575327396393,0.609685480594635,0.529558956623077,-0.924549996852875,-5.4910888671875,7.76380109786987,0.0424167737364769,-0.000970986613538116,0.110315635800362,0.844897747039795,-5.67192697525024,8.98032093048096,-1.4073828458786,0.113174319267273,-0.281118869781494,-0.000140515738166869,-12.2179880142212,-1.86916697025299,0.160048514604568,0.333840906620026,0.0297811441123486,85.15305092,-89.84183377,-3.35910466,-1.19482832154986,0.662008105355281,2.73213188466835
-17.39501953125,7.62939453125,-451.35498046875,-19.1497802734375,-12.359619140625,-470.123291015625,3.89519429206848,-10.0701475143433,-5.49356937408447,0.689299345016479,0.604359030723572,0.527961134910583,-0.909846723079681,-5.49293994903564,7.7606086730957,0.0419907905161381,8.95808479981497e-05,0.111193381249905,0.891794562339783,-5.68575716018677,8.97427368164063,-1.41018164157867,0.115406721830368,-0.284407913684845,-0.0319398120045662,-12.2111263275146,-1.85365068912506,0.157688155770302,0.332629948854446,0.0272267460823059,85.151423671,-89.5554550845,-3.336651929,-1.19298754519984,0.661675720636158,2.72250940376981
-17.39501953125,7.74383544921875,-451.507568359375,-19.0353393554688,-12.359619140625,-470.123291015625,3.86026406288147,-10.0283002853394,-5.49821043014526,0.690023362636566,0.599032521247864,0.52636331319809,-0.895143449306488,-5.49479103088379,7.75741624832153,0.041564803570509,0.00115014833863825,0.112071126699448,0.938691377639771,-5.69958734512329,8.96822547912598,-1.41298043727875,0.117639131844044,-0.287696927785873,-0.063739113509655,-12.2042646408081,-1.83813440799713,0.155327811837196,0.331418991088867,0.0246723480522633,85.149796422,-89.269076399,-3.314199198,-1.19114676884982,0.661343335917035,2.71288692287128
-17.39501953125,7.8582763671875,-451.66015625,-18.9208984375,-12.359619140625,-470.123291015625,3.82533407211304,-9.98645401000977,-5.50285148620605,0.690747439861298,0.593706071376801,0.524765491485596,-0.880440175533295,-5.49664258956909,7.75422430038452,0.0411388166248798,0.0022107157856226,0.11294886469841,0.985588192939758,-5.71341753005981,8.96217823028564,-1.41577923297882,0.119871534407139,-0.290985971689224,-0.0955384075641632,-12.1974020004272,-1.8226181268692,0.15296745300293,0.33020806312561,0.0221179500222206,85.148169173,-88.9826977135,-3.291746467,-1.1893059924998,0.661010951197911,2.70326444197275
-17.39501953125,7.97271728515625,-451.812744140625,-18.9971923828125,-12.359619140625,-470.046997070313,3.79040384292603,-9.94460773468018,-5.50749254226685,0.691471457481384,0.588379561901093,0.523167669773102,-0.865736901760101,-5.49849367141724,7.75103187561035,0.0407128296792507,0.00327128311619163,0.113826610147953,1.03248500823975,-5.72724771499634,8.95613098144531,-1.41857802867889,0.122103936970234,-0.294275015592575,-0.127337709069252,-12.1905403137207,-1.80710184574127,0.150607094168663,0.328997105360031,0.019563551992178,85.146541924,-88.696319028,-3.269293736,-1.18746521614978,0.660678566478788,2.69364196107422
-17.39501953125,8.087158203125,-451.96533203125,-19.073486328125,-12.359619140625,-469.970703125,3.75547361373901,-9.90276145935059,-5.51213359832764,0.692195475101471,0.583053112030029,0.521569848060608,-0.851033687591553,-5.50034475326538,7.74783992767334,0.0402868427336216,0.00433185044676065,0.114704348146915,1.07938182353973,-5.74107789993286,8.95008373260498,-1.42137670516968,0.12433634698391,-0.297564029693604,-0.159137010574341,-12.1836786270142,-1.79158544540405,0.148246735334396,0.327786147594452,0.0170091558247805,85.144914675,-88.4099403425,-3.246841005,-1.18562443979976,0.660346181759665,2.68401948017569
-17.1661376953125,8.35418701171875,-451.66015625,-19.1116333007813,-12.359619140625,-469.894409179688,3.72054362297058,-9.86091423034668,-5.51677465438843,0.692919492721558,0.577726602554321,0.519972026348114,-0.836330413818359,-5.50219631195068,7.74464750289917,0.0398608557879925,0.00539241824299097,0.115582093596458,1.12627863883972,-5.75490808486938,8.94403553009033,-1.42417550086975,0.126568749547005,-0.300853073596954,-0.190936297178268,-12.1768169403076,-1.77606916427612,0.145886391401291,0.326575189828873,0.0144547577947378,85.143287426,-88.123561657,-3.224388274,-1.18378366344973,0.660013797040542,2.67439699927716
-16.937255859375,8.6212158203125,-451.35498046875,-19.1497802734375,-12.359619140625,-469.818115234375,3.68561339378357,-9.81906795501709,-5.52141523361206,0.693643510341644,0.572400152683258,0.51837420463562,-0.821627140045166,-5.50404739379883,7.741455078125,0.0394348688423634,0.00645298557356,0.116459839046001,1.173175573349,-5.76873826980591,8.93798828125,-1.42697429656982,0.1288011521101,-0.304142087697983,-0.222735598683357,-12.1699552536011,-1.76055288314819,0.143526032567024,0.325364232063293,0.0119003597646952,85.141660177,-87.8371829715,-3.201935543,-1.18194288709971,0.659681412321418,2.66477451837863
-17.1279907226563,8.81195068359375,-451.126098632813,-19.3405151367188,-12.359619140625,-469.3603515625,3.65068316459656,-9.7772216796875,-5.52605628967285,0.694367527961731,0.56707364320755,0.516776382923126,-0.806923866271973,-5.50589847564697,7.73826313018799,0.0390088856220245,0.00751355290412903,0.117337577044964,1.22007238864899,-5.78256845474243,8.93194103240967,-1.4297730922699,0.131033554673195,-0.307431131601334,-0.254534900188446,-12.1630935668945,-1.74503660202026,0.141165673732758,0.324153274297714,0.00934596266597509,85.140032928,-87.550804286,-3.179482812,-1.18010211074969,0.659349027602295,2.6551520374801
-17.3187255859375,9.002685546875,-450.897216796875,-19.53125,-12.359619140625,-468.902587890625,3.61575293540955,-9.73537540435791,-5.53069734573364,0.695091605186462,0.561747193336487,0.515178561210632,-0.792220652103424,-5.50774955749512,7.73507070541382,0.0385828986763954,0.00857412070035934,0.118215322494507,1.26696920394897,-5.79639863967896,8.92589378356934,-1.43257176876068,0.133265972137451,-0.310720175504684,-0.286334186792374,-12.1562309265137,-1.72952020168304,0.138805314898491,0.322942346334457,0.00679156463593245,85.138405679,-87.2644256005,-3.157030081,-1.17826133439967,0.659016642883172,2.64552955658157
-17.5857543945313,9.002685546875,-450.515747070313,-19.683837890625,-12.51220703125,-468.75,3.58082294464111,-9.693528175354,-5.53533840179443,0.695815622806549,0.556420683860779,0.513580739498138,-0.777517378330231,-5.50960111618042,7.73187875747681,0.0381569117307663,0.00963468756526709,0.119093060493469,1.31386601924896,-5.81022882461548,8.91984558105469,-1.43537056446075,0.135498374700546,-0.314009189605713,-0.318133503198624,-12.1493692398071,-1.71400392055511,0.136444970965385,0.321731388568878,0.00423716707155108,85.13677843,-86.978046915,-3.13457735,-1.17642055804965,0.658684258164049,2.63590707568304
-17.852783203125,9.002685546875,-450.13427734375,-19.83642578125,-12.664794921875,-468.597412109375,3.5458927154541,-9.65168190002441,-5.53997945785522,0.696539640426636,0.551094233989716,0.511982917785645,-0.762814104557037,-5.51145219802856,7.72868633270264,0.0377309247851372,0.0106952553614974,0.119970805943012,1.36076283454895,-5.824059009552,8.91379833221436,-1.43816936016083,0.137730777263641,-0.317298233509064,-0.349932789802551,-12.1425075531006,-1.69848763942719,0.134084612131119,0.320520430803299,0.00168276950716972,85.135151181,-86.6916682295,-3.112124619,-1.17457978169963,0.658351873444925,2.62628459478451
-17.852783203125,9.0789794921875,-450.057983398438,-19.6456909179688,-12.664794921875,-468.292236328125,3.52882480621338,-9.62079811096191,-5.53988122940063,0.697833359241486,0.543210506439209,0.511417150497437,-0.751287817955017,-5.51556539535522,7.72412300109863,0.0372685566544533,0.0123904179781675,0.121673241257668,1.38634085655212,-5.83063459396362,8.9014949798584,-1.44055557250977,0.139346525073051,-0.318544417619705,-0.387676447629929,-12.1424121856689,-1.69343161582947,0.133995741605759,0.319233953952789,0.00134678650647402,85.133523932,-86.405289544,-3.089671888,-1.17273900534961,0.658019488725802,2.61666211388598
-17.852783203125,9.1552734375,-449.981689453125,-19.4549560546875,-12.664794921875,-467.987060546875,3.51175689697266,-9.58991527557373,-5.53978300094604,0.69912713766098,0.535326838493347,0.510851323604584,-0.739761471748352,-5.51967811584473,7.71955966949463,0.0368061847984791,0.0140855805948377,0.123375676572323,1.4119188785553,-5.83721017837524,8.88919067382813,-1.44294166564941,0.140962287783623,-0.319790601730347,-0.425420135259628,-12.1423168182373,-1.68837547302246,0.133906871080399,0.317947506904602,0.00101080350577831,85.131896683,-86.1189108585,-3.067219157,-1.17089822899958,0.657687104006679,2.60703963298744
-17.7764892578125,9.04083251953125,-449.600219726563,-19.4549560546875,-12.5885009765625,-467.605590820313,3.49468874931335,-9.55903148651123,-5.53968477249146,0.70042085647583,0.527443110942841,0.510285556316376,-0.728235185146332,-5.52379131317139,7.71499633789063,0.0363438166677952,0.0157807432115078,0.125078111886978,1.43749690055847,-5.84378576278687,8.87688732147217,-1.44532787799835,0.142578035593033,-0.321036756038666,-0.463163793087006,-12.1422204971313,-1.68331944942474,0.133818000555038,0.316661030054092,0.000674820505082607,85.130269434,-85.832532173,-3.044766426,-1.16905745264956,0.657354719287556,2.59741715208891
-17.7001953125,8.9263916015625,-449.21875,-19.4549560546875,-12.51220703125,-467.22412109375,3.47762084007263,-9.52814769744873,-5.53958702087402,0.70171457529068,0.519559383392334,0.509719789028168,-0.716708898544312,-5.52790451049805,7.71043348312378,0.035881444811821,0.0174759067595005,0.126780539751053,1.46307504177094,-5.85036134719849,8.86458301544189,-1.44771409034729,0.144193798303604,-0.322282940149307,-0.500907480716705,-12.1421251296997,-1.67826330661774,0.133729130029678,0.315374583005905,0.000338837504386902,85.128642185,-85.5461534875,-3.022313695,-1.16721667629954,0.657022334568432,2.58779467119038
-17.6620483398438,9.19342041015625,-448.989868164063,-19.53125,-12.51220703125,-467.071533203125,3.46055293083191,-9.49726486206055,-5.53948879241943,0.70300829410553,0.511675655841827,0.50915402173996,-0.705182552337646,-5.53201723098755,7.70587015151978,0.0354190766811371,0.0191710684448481,0.128482982516289,1.48865306377411,-5.85693693161011,8.85227966308594,-1.45010018348694,0.145809546113014,-0.323529124259949,-0.53865110874176,-12.1420297622681,-1.67320728302002,0.133640259504318,0.314088106155396,2.85450369119644e-06,85.127014936,-85.259774802,-2.999860964,-1.16537589994952,0.656689949849309,2.57817219029185
-17.6239013671875,9.46044921875,-448.760986328125,-19.6075439453125,-12.51220703125,-466.9189453125,3.44348502159119,-9.46638107299805,-5.53939056396484,0.704302072525024,0.503791987895966,0.508588194847107,-0.693656265735626,-5.53613042831421,7.70130681991577,0.0349567048251629,0.0208662319928408,0.130185410380363,1.51423108577728,-5.86351251602173,8.83997631072998,-1.45248639583588,0.147425293922424,-0.32477530837059,-0.57639479637146,-12.1419343948364,-1.66815114021301,0.133551388978958,0.312801659107208,-0.000333128497004509,85.125387687,-84.9733961165,-2.977408233,-1.1635351235995,0.656357565130186,2.56854970939332
-17.547607421875,9.5367431640625,-448.760986328125,-19.53125,-12.51220703125,-466.842651367188,3.42641687393188,-9.43549823760986,-5.53929233551025,0.705595791339874,0.495908260345459,0.508022427558899,-0.682129979133606,-5.54024314880371,7.69674348831177,0.034494336694479,0.0225613955408335,0.131887838244438,1.53980910778046,-5.87008857727051,8.82767200469971,-1.45487260818481,0.149041056632996,-0.326021492481232,-0.614138424396515,-12.1418380737305,-1.6630951166153,0.133462503552437,0.311515182256699,-0.000669111497700214,85.123760438,-84.687017431,-2.954955502,-1.16169434724948,0.656025180411062,2.55892722849479
-17.4713134765625,9.613037109375,-448.760986328125,-19.4549560546875,-12.51220703125,-466.766357421875,3.40934896469116,-9.40461444854736,-5.53919410705566,0.706889510154724,0.488024562597275,0.507456660270691,-0.670603632926941,-5.54435634613037,7.69218015670776,0.0340319648385048,0.024256557226181,0.133590281009674,1.56538712978363,-5.87666416168213,8.81536865234375,-1.45725870132446,0.150656804442406,-0.327267676591873,-0.651882112026215,-12.1417427062988,-1.65803897380829,0.133373633027077,0.310228735208511,-0.00100509449839592,85.122133189,-84.4006387455,-2.932502771,-1.15985357089946,0.655692795691939,2.54930474759626
-17.5857543945313,9.65118408203125,-448.379516601563,-19.4931030273438,-12.51220703125,-466.61376953125,3.39228105545044,-9.37373065948486,-5.53909587860107,0.708183228969574,0.480140835046768,0.506890833377838,-0.659077346324921,-5.54846954345703,7.68761682510376,0.0335695967078209,0.0259517207741737,0.135292708873749,1.5909651517868,-5.88323974609375,8.80306434631348,-1.4596449136734,0.152272567152977,-0.328513830900192,-0.689625799655914,-12.1416473388672,-1.65298295021057,0.133284762501717,0.308942258358002,-0.00134107749909163,85.12050594,-84.11426006,-2.91005004,-1.15801279454944,0.655360410972816,2.53968226669773
-17.7001953125,9.6893310546875,-447.998046875,-19.53125,-12.51220703125,-466.461181640625,3.37521314620972,-9.34284782409668,-5.53899765014648,0.709477007389069,0.472257137298584,0.50632506608963,-0.6475510597229,-5.55258226394653,7.68305349349976,0.033107228577137,0.0276468824595213,0.136995151638985,1.61654317378998,-5.88981533050537,8.79076099395752,-1.46203112602234,0.153888314962387,-0.329760015010834,-0.727369427680969,-12.1415519714355,-1.64792680740356,0.133195891976357,0.307655811309814,-0.00167706049978733,85.1203577845,-84.114363699,-2.9099191935,-1.15612761237608,0.654634846882085,2.52141390472713
-17.7383422851563,9.72747802734375,-447.540283203125,-19.4931030273438,-12.51220703125,-466.232299804688,3.35814523696899,-9.31196403503418,-5.53889989852905,0.710770726203918,0.4643734395504,0.505759298801422,-0.636024713516235,-5.55669546127319,7.67849063873291,0.0326448567211628,0.029342046007514,0.138697579503059,1.64212131500244,-5.89639091491699,8.77845764160156,-1.46441721916199,0.155504062771797,-0.331006199121475,-0.765113115310669,-12.1414566040039,-1.64287078380585,0.133107021450996,0.306369334459305,-0.00201304350048304,85.120209629,-84.114467338,-2.909788347,-1.15424243020272,0.653909282791353,2.50314554275653
-17.7764892578125,9.765625,-447.08251953125,-19.4549560546875,-12.51220703125,-466.00341796875,3.34107708930969,-9.28108024597168,-5.53880167007446,0.712064445018768,0.456489711999893,0.505193471908569,-0.624498426914215,-5.56080865859985,7.67392730712891,0.0321824885904789,0.0310372095555067,0.140400007367134,1.66769933700562,-5.90296649932861,8.76615333557129,-1.46680343151093,0.157119825482368,-0.332252383232117,-0.802856802940369,-12.1413602828979,-1.63781464099884,0.133018150925636,0.305082887411118,-0.00234902650117874,85.1200614735,-84.114570977,-2.9096575005,-1.15235724802937,0.653183718700622,2.48487718078592
-17.7764892578125,9.80377197265625,-446.853637695313,-19.4168090820313,-12.5885009765625,-465.621948242188,3.32400918006897,-9.2501974105835,-5.53870344161987,0.713358163833618,0.448606014251709,0.504627704620361,-0.612972140312195,-5.56492137908936,7.6693639755249,0.0317201167345047,0.0327323712408543,0.14210245013237,1.69327735900879,-5.90954208374023,8.75384998321533,-1.46918964385986,0.158735573291779,-0.333498567342758,-0.840600430965424,-12.1412649154663,-1.63275861740112,0.132929280400276,0.303796410560608,-0.00268500950187445,85.119913318,-84.114674616,-2.909526654,-1.15047206585601,0.652458154609891,2.46660881881532
-17.7764892578125,9.8419189453125,-446.624755859375,-19.378662109375,-12.664794921875,-465.240478515625,3.30822801589966,-9.21577739715576,-5.54086399078369,0.714866876602173,0.44067794084549,0.505101263523102,-0.611896693706512,-5.57073497772217,7.6647367477417,0.0315786674618721,0.0346477851271629,0.143969506025314,1.70420730113983,-5.91723203659058,8.73639392852783,-1.4723699092865,0.160801380872726,-0.334476381540298,-0.871633470058441,-12.1419830322266,-1.62932741641998,0.132624879479408,0.30217844247818,-0.00221677217632532,85.1197651625,-84.114778255,-2.9093958075,-1.14858688368266,0.65173259051916,2.44834045684472
-17.7001953125,9.918212890625,-446.014404296875,-19.378662109375,-12.5885009765625,-465.011596679688,3.29373359680176,-9.17782020568848,-5.54528379440308,0.716590464115143,0.43270555138588,0.506614089012146,-0.621272087097168,-5.57824897766113,7.66004514694214,0.0317581333220005,0.0367834493517876,0.146001175045967,1.70048928260803,-5.92603635787964,8.71378707885742,-1.47634434700012,0.16331721842289,-0.33518585562706,-0.895955920219421,-12.143515586853,-1.627521276474,0.132104933261871,0.300228953361511,-0.00094431423349306,85.119617007,-84.114881894,-2.909264961,-1.1467017015093,0.651007026428429,2.43007209487412
-17.6239013671875,9.9945068359375,-445.404052734375,-19.378662109375,-12.51220703125,-464.78271484375,3.27923917770386,-9.13986396789551,-5.54970359802246,0.718314111232758,0.424733132123947,0.508126974105835,-0.630647480487823,-5.58576250076294,7.65535354614258,0.0319375991821289,0.0389191135764122,0.148032858967781,1.69677126407623,-5.9348406791687,8.69118022918701,-1.48031890392303,0.165833055973053,-0.335895299911499,-0.920278370380402,-12.1450471878052,-1.62571513652802,0.131584987044334,0.298279464244843,0.000328143651131541,85.1194688515,-84.114985533,-2.9091341145,-1.14481651933594,0.650281462337697,2.41180373290351
-17.852783203125,10.1089477539063,-445.404052734375,-19.378662109375,-12.5503540039063,-464.706420898438,3.26474499702454,-9.10190677642822,-5.55412340164185,0.720037758350372,0.416760742664337,0.509639859199524,-0.640022873878479,-5.5932765007019,7.65066242218018,0.0321170650422573,0.0410547815263271,0.150064527988434,1.69305324554443,-5.94364500045776,8.6685733795166,-1.48429334163666,0.168348893523216,-0.33660477399826,-0.944600760936737,-12.1465787887573,-1.62390899658203,0.131065040826797,0.296329945325851,0.00160060147754848,85.119320696,-84.115089172,-2.909003268,-1.14293133716259,0.649555898246966,2.39353537093291
-18.0816650390625,10.223388671875,-445.404052734375,-19.378662109375,-12.5885009765625,-464.630126953125,3.25025057792664,-9.06395053863525,-5.55854320526123,0.721761345863342,0.408788353204727,0.511152684688568,-0.649398267269135,-5.60079050064087,7.64597082138062,0.0322965309023857,0.0431904457509518,0.152096211910248,1.68933522701263,-5.95244932174683,8.64596652984619,-1.48826777935028,0.17086473107338,-0.337314248085022,-0.968923211097717,-12.1481113433838,-1.62210285663605,0.130545094609261,0.294380456209183,0.00287305936217308,85.1191725405,-84.115192811,-2.9088724215,-1.14104615498923,0.648830334156235,2.37526700896231
-18.157958984375,10.4141235351563,-444.9462890625,-19.3405151367188,-12.5503540039063,-464.553833007813,3.23575615882874,-9.02599430084229,-5.56296300888062,0.723484992980957,0.400815933942795,0.512665569782257,-0.658773720264435,-5.60830402374268,7.64127922058105,0.0324759967625141,0.0453261099755764,0.154127895832062,1.68561720848083,-5.96125364303589,8.62335968017578,-1.49224233627319,0.173380568623543,-0.338023692369461,-0.993245661258698,-12.1496429443359,-1.62029671669006,0.130025163292885,0.292430967092514,0.00414551701396704,85.119024385,-84.11529645,-2.908741575,-1.13916097281588,0.648104770065504,2.35699864699171
-18.2342529296875,10.6048583984375,-444.488525390625,-19.3023681640625,-12.51220703125,-464.4775390625,3.22126173973083,-8.988037109375,-5.5673828125,0.725208640098572,0.392843544483185,0.514178454875946,-0.66814911365509,-5.61581802368164,7.63658809661865,0.0326554626226425,0.047461774200201,0.156159564852715,1.68189918994904,-5.97005796432495,8.60075283050537,-1.49621677398682,0.175896406173706,-0.338733166456223,-1.01756811141968,-12.1511745452881,-1.61849057674408,0.129505217075348,0.290481477975845,0.00541797513142228,85.1188762295,-84.115400089,-2.9086107285,-1.13727579064252,0.647379205974772,2.3387302850211
-18.310546875,10.4904174804688,-444.107055664063,-19.378662109375,-12.4740600585938,-464.019775390625,3.20676732063293,-8.95008087158203,-5.57180261611938,0.726932227611542,0.384871125221252,0.51569128036499,-0.677524507045746,-5.62333202362061,7.63189649581909,0.0328349284827709,0.0495974384248257,0.158191248774529,1.67818117141724,-5.97886180877686,8.57814598083496,-1.50019121170044,0.178412243723869,-0.339442640542984,-1.04189050197601,-12.1527070999146,-1.6166844367981,0.128985270857811,0.288531988859177,0.00669043278321624,85.118728074,-84.115503728,-2.908479882,-1.13539060846916,0.646653641884041,2.3204619230505
-18.3868408203125,10.3759765625,-443.7255859375,-19.4549560546875,-12.4359130859375,-463.56201171875,3.19227290153503,-8.91212368011475,-5.57622241973877,0.728655874729156,0.376898735761642,0.517204165458679,-0.686899900436401,-5.63084554672241,7.62720489501953,0.0330143943428993,0.0517331026494503,0.160222917795181,1.67446315288544,-5.98766613006592,8.55553913116455,-1.50416576862335,0.180928081274033,-0.340152084827423,-1.06621289253235,-12.1542387008667,-1.61487829685211,0.128465324640274,0.286582499742508,0.00796289090067148,85.1185799185,-84.115607367,-2.9083490355,-1.13350542629581,0.64592807779331,2.30219356107989
-18.3486938476563,10.4141235351563,-443.572998046875,-19.22607421875,-12.51220703125,-463.333129882813,3.17777848243713,-8.87416744232178,-5.58064222335815,0.730379462242126,0.368926346302032,0.518716990947723,-0.696275293827057,-5.63835954666138,7.62251377105713,0.0331938602030277,0.0538687668740749,0.162254601716995,1.67074513435364,-5.99647045135498,8.53293228149414,-1.50814020633698,0.183443933725357,-0.340861558914185,-1.09053540229797,-12.1557712554932,-1.61307215690613,0.127945378422737,0.284633010625839,0.00923534855246544,85.118431763,-84.115711006,-2.908218189,-1.13162024412245,0.645202513702579,2.28392519910929
-18.310546875,10.4522705078125,-443.42041015625,-18.9971923828125,-12.5885009765625,-463.104248046875,3.16328430175781,-8.83621025085449,-5.58506202697754,0.732103109359741,0.3609539270401,0.520229876041412,-0.705650687217712,-5.64587354660034,7.61782217025757,0.0333733260631561,0.0560044348239899,0.164286270737648,1.66702711582184,-6.00527477264404,8.51032543182373,-1.5121146440506,0.18595977127552,-0.341571033000946,-1.11485779285431,-12.1573028564453,-1.61126601696014,0.1274254322052,0.282683491706848,0.0105078062042594,85.1182836075,-84.115814645,-2.9080873425,-1.1297350619491,0.644476949611847,2.26565683713869
-18.463134765625,10.4141235351563,-443.038940429688,-19.0353393554688,-12.664794921875,-462.799072265625,3.14878988265991,-8.79825401306152,-5.58948183059692,0.733826756477356,0.35298153758049,0.521742761135101,-0.715026140213013,-5.65338754653931,7.61313056945801,0.0335527919232845,0.0581400990486145,0.166317954659462,1.66330909729004,-6.01407909393311,8.48771858215332,-1.51608908176422,0.188475608825684,-0.342280507087708,-1.13918018341064,-12.1588344573975,-1.60945987701416,0.126905500888824,0.280734002590179,0.0117802647873759,85.118135452,-84.115918284,-2.907956496,-1.12784987977574,0.643751385521116,2.24738847516809
-18.61572265625,10.3759765625,-442.657470703125,-19.073486328125,-12.7410888671875,-462.493896484375,3.13429546356201,-8.76029682159424,-5.59390163421631,0.735550343990326,0.345009118318558,0.523255586624146,-0.724401533603668,-5.66090106964111,7.60843944549561,0.0337322577834129,0.0602757632732391,0.168349623680115,1.65959107875824,-6.02288341522217,8.46511173248291,-1.52006363868713,0.190991446375847,-0.342989951372147,-1.16350269317627,-12.1603670120239,-1.60765373706818,0.126385554671288,0.278784513473511,0.0130527224391699,85.1179872965,-84.116021923,-2.9078256495,-1.12596469760239,0.643025821430385,2.22912011319749
-18.61572265625,10.4141235351563,-442.276000976563,-19.22607421875,-12.7029418945313,-462.417602539063,3.11980104446411,-8.72234058380127,-5.59832143783569,0.737273991107941,0.337036728858948,0.524768471717834,-0.733776926994324,-5.66841506958008,7.60374784469604,0.0339117236435413,0.0624114274978638,0.170381307601929,1.65587306022644,-6.03168773651123,8.4425048828125,-1.52403807640076,0.19350728392601,-0.343699425458908,-1.1878250837326,-12.1618986129761,-1.60584759712219,0.125865608453751,0.276835024356842,0.0143251800909638,85.117839141,-84.116125562,-2.907694803,-1.12407951542903,0.642300257339654,2.21085175122688
-18.61572265625,10.4522705078125,-441.89453125,-19.378662109375,-12.664794921875,-462.34130859375,3.10983896255493,-8.68742084503174,-5.61120653152466,0.739757478237152,0.329762816429138,0.52761036157608,-0.741900026798248,-5.67355728149414,7.60133028030396,0.0346715375781059,0.0638265237212181,0.171821564435959,1.64111888408661,-6.03695821762085,8.42307949066162,-1.52950656414032,0.195918694138527,-0.343068212270737,-1.19433319568634,-12.1639461517334,-1.58946096897125,0.126357033848763,0.27641287446022,0.0160237271338701,85.1176909855,-84.116229201,-2.9075639565,-1.12219433325567,0.641574693248922,2.19258338925628
-18.6538696289063,10.5667114257813,-441.741943359375,-19.2642211914063,-12.3214721679688,-461.959838867188,3.09987711906433,-8.65250110626221,-5.62409114837646,0.742241024971008,0.322488903999329,0.530452251434326,-0.750023066997528,-5.67869901657104,7.59891271591187,0.0354313477873802,0.0652416199445724,0.173261806368828,1.62636482715607,-6.04222822189331,8.40365314483643,-1.53497517108917,0.198330104351044,-0.342437028884888,-1.20084142684937,-12.1659936904907,-1.57307434082031,0.126848474144936,0.275990724563599,0.0177222732454538,85.11754283,-84.11633284,-2.90743311,-1.12030915108232,0.640849129158191,2.17431502728568
-18.6920166015625,10.68115234375,-441.58935546875,-19.1497802734375,-11.9781494140625,-461.578369140625,3.08991503715515,-8.61758136749268,-5.63697624206543,0.74472451210022,0.315214991569519,0.533294141292572,-0.758146166801453,-5.68384122848511,7.59649515151978,0.0361911617219448,0.0666567161679268,0.174702063202858,1.61161065101624,-6.04749870300293,8.38422775268555,-1.54044365882874,0.200741499662399,-0.341805815696716,-1.2073495388031,-12.1680421829224,-1.55668783187866,0.127339899539948,0.275568574666977,0.0194208193570375,85.061796689,-84.0649356115,-2.898969136,-1.11843881530567,0.639949892335816,2.14571421464436
-18.8064575195313,10.528564453125,-441.055297851563,-19.2642211914063,-12.0162963867188,-461.502075195313,3.07995319366455,-8.58266258239746,-5.64986133575439,0.747208058834076,0.307941108942032,0.536136031150818,-0.766269266605377,-5.68898296356201,7.59407758712769,0.0369509719312191,0.0680718123912811,0.176142320036888,1.59685659408569,-6.05276918411255,8.36480140686035,-1.54591226577759,0.203152909874916,-0.341174602508545,-1.21385765075684,-12.1700897216797,-1.54030120372772,0.127831324934959,0.275146424770355,0.0211193654686213,85.006050548,-84.013538383,-2.890505162,-1.11656847952902,0.63905065551344,2.11711340200304
-18.9208984375,10.3759765625,-440.521240234375,-19.378662109375,-12.054443359375,-461.42578125,3.06999111175537,-8.54774284362793,-5.66274642944336,0.749691545963287,0.300667196512222,0.538977980613708,-0.774392366409302,-5.69412517547607,7.5916600227356,0.0377107858657837,0.0694869086146355,0.177582576870918,1.58210241794586,-6.05803918838501,8.34537601470947,-1.55138075351715,0.205564320087433,-0.340543389320374,-1.22036576271057,-12.172137260437,-1.52391457557678,0.128322765231133,0.274724274873734,0.022817911580205,84.950304407,-83.9621411545,-2.882041188,-1.11469814375237,0.638151418691064,2.08851258936172
-18.9971923828125,10.528564453125,-440.139770507813,-19.22607421875,-12.054443359375,-461.273193359375,3.06002926826477,-8.5128231048584,-5.67563104629517,0.752175092697144,0.293393284082413,0.541819870471954,-0.782515406608582,-5.69926691055298,7.58924245834351,0.0384705998003483,0.0709020048379898,0.179022818803787,1.56734836101532,-6.06330966949463,8.32594966888428,-1.556849360466,0.20797573029995,-0.339912205934525,-1.2268739938736,-12.1741847991943,-1.50752794742584,0.128814190626144,0.274302124977112,0.0245164576917887,84.894558266,-83.910743926,-2.873577214,-1.11282780797572,0.637252181868688,2.0599117767204
-19.073486328125,10.68115234375,-439.75830078125,-19.073486328125,-12.054443359375,-461.12060546875,3.05006718635559,-8.47790336608887,-5.68851613998413,0.754658579826355,0.286119371652603,0.5446617603302,-0.790638506412506,-5.70440912246704,7.58682489395142,0.0392304100096226,0.0723171010613441,0.180463075637817,1.55259418487549,-6.06858015060425,8.3065242767334,-1.56231784820557,0.210387140512466,-0.339280992746353,-1.23338210582733,-12.1762323379517,-1.4911413192749,0.129305616021156,0.27387997508049,0.0262150038033724,84.838812125,-83.8593466975,-2.86511324,-1.11095747219907,0.636352945046312,2.03131096407908
-19.1497802734375,10.5667114257813,-438.919067382813,-19.1497802734375,-11.90185546875,-460.968017578125,3.04010534286499,-8.44298362731934,-5.7014012336731,0.757142126560211,0.278845459222794,0.547503650188446,-0.798761606216431,-5.70955085754395,7.58440732955933,0.0399902239441872,0.0737321972846985,0.181903332471848,1.53784012794495,-6.07385015487671,8.2870979309082,-1.56778645515442,0.212798550724983,-0.338649779558182,-1.23989021778107,-12.178279876709,-1.47475469112396,0.129797056317329,0.273457825183868,0.0279135499149561,84.783065984,-83.807949469,-2.856649266,-1.10908713642242,0.635453708223937,2.00271015143776
-19.22607421875,10.4522705078125,-438.079833984375,-19.22607421875,-11.749267578125,-460.8154296875,3.03014326095581,-8.4080638885498,-5.7142858505249,0.759625613689423,0.271571546792984,0.550345540046692,-0.806884706020355,-5.71469306945801,7.58198976516724,0.0407500341534615,0.0751472935080528,0.183343574404716,1.52308595180511,-6.07912063598633,8.26767253875732,-1.57325494289398,0.215209946036339,-0.338018596172333,-1.24639844894409,-12.1803283691406,-1.45836818218231,0.130288481712341,0.273035675287247,0.029612097889185,84.727319843,-83.7565522405,-2.848185292,-1.10721680064578,0.634554471401561,1.97410933879645
-19.1116333007813,10.7192993164063,-437.850952148438,-19.073486328125,-11.749267578125,-460.433959960938,3.02018117904663,-8.37314414978027,-5.72717094421387,0.762109100818634,0.264297634363174,0.553187429904938,-0.815007746219635,-5.71983528137207,7.57957220077515,0.041509848088026,0.0765623897314072,0.184783831238747,1.50833189487457,-6.08439111709595,8.24824619293213,-1.57872354984283,0.217621356248856,-0.337387382984161,-1.25290656089783,-12.1823759078979,-1.44198155403137,0.130779907107353,0.272613525390625,0.0313106440007687,84.671573702,-83.705155012,-2.839721318,-1.10534646486913,0.633655234579185,1.94550852615512
-18.9971923828125,10.986328125,-437.6220703125,-18.9208984375,-11.749267578125,-460.052490234375,3.01021933555603,-8.33822536468506,-5.74005603790283,0.76459264755249,0.257023751735687,0.556029319763184,-0.82313084602356,-5.72497701644897,7.57715463638306,0.0422696620225906,0.0779774859547615,0.186224088072777,1.49357771873474,-6.08966112136841,8.22882080078125,-1.5841920375824,0.220032766461372,-0.33675616979599,-1.25941467285156,-12.1844234466553,-1.42559492588043,0.131271347403526,0.272191375494003,0.0330091901123524,84.615827561,-83.6537577835,-2.831257344,-1.10347612909248,0.632755997756809,1.9169077135138
-19.1116333007813,11.0244750976563,-437.545776367188,-18.9590454101563,-11.749267578125,-459.976196289063,3.00025725364685,-8.30330562591553,-5.75294065475464,0.767076134681702,0.249749839305878,0.558871209621429,-0.831253945827484,-5.73011922836304,7.57473707199097,0.0430294722318649,0.0793925821781158,0.187664330005646,1.4788236618042,-6.09493160247803,8.20939445495605,-1.58966064453125,0.222444176673889,-0.336124986410141,-1.26592290401459,-12.1864709854126,-1.40920829772949,0.131762772798538,0.271769225597382,0.0347077362239361,84.56008142,-83.602360555,-2.82279337,-1.10160579331583,0.631856760934434,1.88830690087248
-19.22607421875,11.0626220703125,-437.469482421875,-18.9971923828125,-11.749267578125,-459.89990234375,2.99029541015625,-8.268385887146,-5.7658257484436,0.769559681415558,0.242475926876068,0.561713099479675,-0.839377045631409,-5.73526096343994,7.57231950759888,0.0437892861664295,0.0808076784014702,0.189104586839676,1.46406948566437,-6.10020208358765,8.18996906280518,-1.59512913227081,0.224855586886406,-0.33549377322197,-1.27243101596832,-12.1885185241699,-1.39282166957855,0.13225419819355,0.27134707570076,0.0364062823355198,84.504335279,-83.5509633265,-2.814329396,-1.09973545753918,0.630957524112058,1.85970608823117
-19.2642211914063,11.0244750976563,-437.088012695313,-18.8827514648438,-11.5585327148438,-459.518432617188,2.98503398895264,-8.23662662506104,-5.77505540847778,0.771836817264557,0.236510410904884,0.564732193946838,-0.844397008419037,-5.73886346817017,7.56940126419067,0.044816043227911,0.0820455178618431,0.190424889326096,1.43801844120026,-6.10670709609985,8.16165447235107,-1.60040557384491,0.226808220148087,-0.334574371576309,-1.27199101448059,-12.1896467208862,-1.37886655330658,0.133847579360008,0.271419197320938,0.0377265773713589,84.448589138,-83.499566098,-2.805865422,-1.09786512176253,0.630058287289682,1.83110527558985
-19.3023681640625,10.986328125,-436.70654296875,-18.768310546875,-11.3677978515625,-459.136962890625,2.98447299003601,-8.20802783966064,-5.78063011169434,0.773907661437988,0.231853291392326,0.567928433418274,-0.846313834190369,-5.74092626571655,7.56598281860352,0.04610975086689,0.0831060856580734,0.191625222563744,1.40067028999329,-6.11444759368896,8.12445259094238,-1.60548985004425,0.228302076458931,-0.333366751670837,-1.26460289955139,-12.1898555755615,-1.36734294891357,0.13654288649559,0.271985530853271,0.0386686250567436,84.392842997,-83.4481688695,-2.797401448,-1.09599478598588,0.629159050467306,1.80250446294852
-19.53125,11.0244750976563,-436.325073242188,-18.6920166015625,-11.2533569335938,-459.136962890625,2.98391199111938,-8.17942810058594,-5.78620433807373,0.77597850561142,0.227196171879768,0.571124672889709,-0.8482306599617,-5.74298906326294,7.56256437301636,0.0474034585058689,0.0841666609048843,0.192825570702553,1.36332225799561,-6.12218761444092,8.08725070953369,-1.61057412624359,0.229795932769775,-0.332159161567688,-1.25721478462219,-12.1900644302368,-1.35581934452057,0.139238208532333,0.272551894187927,0.0396106690168381,84.337096856,-83.396771641,-2.788937474,-1.09412445020923,0.628259813644931,1.7739036503072
-19.7601318359375,11.0626220703125,-435.943603515625,-18.61572265625,-11.138916015625,-459.136962890625,2.98335099220276,-8.15082931518555,-5.79177904129028,0.778049290180206,0.222539037466049,0.57432097196579,-0.850147485733032,-5.74505138397217,7.55914545059204,0.0486971661448479,0.0852272287011147,0.194025903940201,1.32597410678864,-6.12992811203003,8.05004787445068,-1.61565840244293,0.23128978908062,-0.330951541662216,-1.24982666969299,-12.1902732849121,-1.34429562091827,0.141933530569077,0.273118227720261,0.0405527167022228,84.281350715,-83.3453744125,-2.7804735,-1.09225411443259,0.627360576822555,1.74530283766589
-19.7982788085938,10.9100341796875,-435.638427734375,-18.61572265625,-11.138916015625,-458.984375,2.98278999328613,-8.12223052978516,-5.79735326766968,0.780120134353638,0.217881917953491,0.577517211437225,-0.852064311504364,-5.74711418151855,7.55572700500488,0.0499908737838268,0.0862878039479256,0.19522625207901,1.28862595558167,-6.13766860961914,8.01284599304199,-1.62074267864227,0.232783645391464,-0.329743921756744,-1.24243855476379,-12.1904821395874,-1.33277201652527,0.144628837704659,0.273684561252594,0.0414947643876076,84.225604574,-83.293977184,-2.772009526,-1.09038377865594,0.626461340000179,1.71670202502457
-19.83642578125,10.7574462890625,-435.333251953125,-18.61572265625,-11.138916015625,-458.831787109375,2.98222899436951,-8.09363174438477,-5.80292749404907,0.782190978527069,0.213224798440933,0.580713450908661,-0.853981137275696,-5.74917697906494,7.55230855941772,0.0512845776975155,0.0873483717441559,0.196426600217819,1.25127792358398,-6.14540863037109,7.97564363479614,-1.62582695484161,0.234277501702309,-0.328536331653595,-1.23505043983459,-12.1906909942627,-1.32124841213226,0.147324159741402,0.27425092458725,0.042436808347702,84.169858433,-83.2425799555,-2.763545552,-1.08851344287929,0.625562103177803,1.68810121238325
-19.7219848632813,10.7574462890625,-434.722900390625,-18.5775756835938,-10.8718872070313,-458.908081054688,2.98166799545288,-8.06503200531006,-5.80850219726563,0.784261763095856,0.208567678928375,0.583909690380096,-0.855897963047028,-5.75123977661133,7.54888963699341,0.0525782853364944,0.0884089469909668,0.197626933455467,1.21392977237701,-6.15314912796021,7.93844175338745,-1.63091123104095,0.235771358013153,-0.327328711748123,-1.2276623249054,-12.190899848938,-1.30972468852997,0.150019481778145,0.274817258119583,0.0433788560330868,84.114112292,-83.191182727,-2.755081578,-1.08664310710264,0.624662866355428,1.65950039974193
-19.6075439453125,10.7574462890625,-434.112548828125,-18.5394287109375,-10.6048583984375,-458.984375,2.98110699653625,-8.03643321990967,-5.81407642364502,0.786332607269287,0.203910559415817,0.587105929851532,-0.857814788818359,-5.75330257415771,7.54547119140625,0.0538719929754734,0.0894695147871971,0.198827281594276,1.17658174037933,-6.16088914871216,7.9012393951416,-1.63599538803101,0.237265214323997,-0.326121121644974,-1.2202742099762,-12.1911087036133,-1.29820108413696,0.152714788913727,0.275383621454239,0.0443208999931812,84.058366151,-83.1397854985,-2.746617604,-1.08477277132599,0.623763629533052,1.63089958710061
-19.7219848632813,10.7192993164063,-433.65478515625,-18.463134765625,-10.4904174804688,-458.602905273438,2.98054599761963,-8.00783443450928,-5.81965112686157,0.788403451442719,0.199253439903259,0.590302169322968,-0.859731614589691,-5.7553653717041,7.54205274581909,0.0551657006144524,0.090530090034008,0.200027614831924,1.13923358917236,-6.16862964630127,7.86403703689575,-1.64107966423035,0.238759070634842,-0.324913501739502,-1.212886095047,-12.1913175582886,-1.28667747974396,0.15541011095047,0.275949954986572,0.045262947678566,84.00262001,-83.08838827,-2.73815363,-1.08290243554934,0.622864392710676,1.60229877445929
-19.83642578125,10.68115234375,-433.197021484375,-18.3868408203125,-10.3759765625,-458.221435546875,2.97998523712158,-7.97923517227173,-5.82522535324097,0.790474236011505,0.194596320390701,0.593498408794403,-0.861648499965668,-5.75742816925049,7.53863382339478,0.0564594082534313,0.0915906578302383,0.201227962970734,1.10188555717468,-6.17637014389038,7.82683515548706,-1.64616394042969,0.240252926945686,-0.32370588183403,-1.2054979801178,-12.1915264129639,-1.27515375614166,0.158105418086052,0.276516288518906,0.0462049953639507,84.0002375805,-83.0838165635,-2.738359107,-1.08178539194602,0.621772661182648,1.56393133514641
-19.989013671875,10.528564453125,-432.662963867188,-18.1198120117188,-10.1470947265625,-458.145141601563,2.97942423820496,-7.95063638687134,-5.83080005645752,0.792545080184937,0.189939185976982,0.596694707870483,-0.863565325737,-5.75949048995972,7.53521537780762,0.0577531158924103,0.0926512330770493,0.202428296208382,1.06453740596771,-6.18411016464233,7.78963279724121,-1.65124821662903,0.241746783256531,-0.322498291730881,-1.1981098651886,-12.1917352676392,-1.26363015174866,0.160800740122795,0.277082651853561,0.0471470393240452,83.997855151,-83.079244857,-2.738564584,-1.0806683483427,0.62068092965462,1.52556389583352
-20.1416015625,10.3759765625,-432.12890625,-17.852783203125,-9.918212890625,-458.06884765625,2.97886323928833,-7.92203712463379,-5.83637428283691,0.794615924358368,0.185282066464424,0.599890947341919,-0.865482151508331,-5.7615532875061,7.53179693222046,0.0590468198060989,0.0937118008732796,0.203628644347191,1.02718937397003,-6.19185066223145,7.75243043899536,-1.65633249282837,0.243240639567375,-0.321290671825409,-1.1907217502594,-12.1919441223145,-1.25210654735565,0.163496062159538,0.277648985385895,0.0480890870094299,83.9954727215,-83.0746731505,-2.738770061,-1.07955130473937,0.619589198126592,1.48719645652063
-20.2178955078125,10.3759765625,-431.82373046875,-17.9672241210938,-9.72747802734375,-458.145141601563,2.9783022403717,-7.8934383392334,-5.84194898605347,0.796686708927155,0.180624946951866,0.603087186813354,-0.867398977279663,-5.76361608505249,7.52837800979614,0.0603405274450779,0.0947723761200905,0.204828977584839,0.989841222763062,-6.1995906829834,7.71522855758667,-1.66141676902771,0.24473449587822,-0.32008308172226,-1.1833336353302,-12.1921529769897,-1.24058282375336,0.16619136929512,0.278215348720551,0.0490311309695244,83.993090292,-83.070101444,-2.738975538,-1.07843426113605,0.618497466598564,1.44882901720775
-20.294189453125,10.3759765625,-431.5185546875,-18.0816650390625,-9.5367431640625,-458.221435546875,2.97774124145508,-7.86483907699585,-5.84752321243286,0.798757553100586,0.175967827439308,0.60628342628479,-0.869315803050995,-5.76567888259888,7.52495956420898,0.0616342350840569,0.0958329439163208,0.206029325723648,0.952493131160736,-6.20733118057251,7.67802619934082,-1.66650104522705,0.246228352189064,-0.318875461816788,-1.175945520401,-12.192361831665,-1.22905921936035,0.168886691331863,0.278781682252884,0.0499731786549091,83.9907078625,-83.0655297375,-2.739181015,-1.07731721753273,0.617405735070537,1.41046157789487
-20.3323364257813,10.4141235351563,-431.21337890625,-18.0816650390625,-9.42230224609375,-457.611083984375,2.97759532928467,-7.85014057159424,-5.84816741943359,0.801746428012848,0.175377920269966,0.608845174312592,-0.86426717042923,-5.7665491104126,7.5216064453125,0.0639063492417336,0.096979632973671,0.207211792469025,0.895430088043213,-6.20961809158325,7.64141416549683,-1.67126667499542,0.247184962034225,-0.317857921123505,-1.16620767116547,-12.1843299865723,-1.24020791053772,0.17132656276226,0.278820842504501,0.0500732660293579,83.988325433,-83.060958031,-2.739386492,-1.07620017392941,0.616314003542509,1.37209413858198
-20.3704833984375,10.4522705078125,-430.908203125,-18.0816650390625,-9.307861328125,-457.000732421875,2.97744941711426,-7.83544158935547,-5.84881114959717,0.80473530292511,0.174788028001785,0.611406922340393,-0.859218537807465,-5.76741981506348,7.51825284957886,0.0661784708499908,0.0981263145804405,0.208394274115562,0.838367104530334,-6.21190500259399,7.60480260848999,-1.67603242397308,0.248141556978226,-0.316840380430222,-1.15646994113922,-12.1762971878052,-1.2513564825058,0.173766434192657,0.278859972953796,0.050173357129097,83.9859430035,-83.0563863245,-2.739591969,-1.07508313032608,0.615222272014481,1.3337266992691
-20.294189453125,10.2996826171875,-430.60302734375,-17.8909301757813,-9.0789794921875,-457.1533203125,2.97730374336243,-7.82074308395386,-5.8494553565979,0.807724118232727,0.174198120832443,0.613968670368195,-0.854169845581055,-5.7682900428772,7.51489973068237,0.0684505850076675,0.0992730036377907,0.209576740860939,0.781304061412811,-6.21419143676758,7.568190574646,-1.68079805374146,0.249098166823387,-0.315822809934616,-1.14673209190369,-12.1682653427124,-1.26250517368317,0.176206320524216,0.278899133205414,0.0502734445035458,83.983560574,-83.051814618,-2.739797446,-1.07396608672276,0.614130540486453,1.29535925995621
-20.2178955078125,10.1470947265625,-430.2978515625,-17.7001953125,-8.85009765625,-457.305908203125,2.97715783119202,-7.80604410171509,-5.85009908676147,0.810712993144989,0.173608213663101,0.616530418395996,-0.84912121295929,-5.76916074752808,7.51154661178589,0.0707227066159248,0.100419692695141,0.210759207606316,0.724241018295288,-6.21647834777832,7.53157901763916,-1.68556368350983,0.250054776668549,-0.314805269241333,-1.13699436187744,-12.1602334976196,-1.27365386486053,0.178646191954613,0.278938293457031,0.0503735318779945,83.9811781445,-83.0472429115,-2.740002923,-1.07284904311944,0.613038808958425,1.25699182064332
-20.3323364257813,10.07080078125,-429.763793945313,-17.6239013671875,-8.392333984375,-457.000732421875,2.97701191902161,-7.79134559631348,-5.85074329376221,0.813701868057251,0.17301832139492,0.619092226028442,-0.844072580337524,-5.7700309753418,7.5081934928894,0.0729948207736015,0.101566381752491,0.211941674351692,0.667177975177765,-6.21876525878906,7.49496698379517,-1.6903293132782,0.251011371612549,-0.31378772854805,-1.12725651264191,-12.1522016525269,-1.28480243682861,0.18108606338501,0.278977423906326,0.0504736229777336,83.978795715,-83.042671205,-2.7402084,-1.07173199951612,0.611947077430397,1.21862438133044
-20.44677734375,9.9945068359375,-429.229736328125,-17.547607421875,-7.9345703125,-456.695556640625,2.9768660068512,-7.77664661407471,-5.85138750076294,0.816690742969513,0.172428414225578,0.621653974056244,-0.839023947715759,-5.77090120315552,7.50483989715576,0.0752669423818588,0.102713063359261,0.21312415599823,0.610114991664886,-6.2210521697998,7.45835542678833,-1.69509506225586,0.251967966556549,-0.312770187854767,-1.11751866340637,-12.1441688537598,-1.29595112800598,0.183525934815407,0.279016584157944,0.0505737103521824,83.9764132855,-83.0380994985,-2.740413877,-1.07061495591279,0.610855345902369,1.18025694201756
-20.4086303710938,9.95635986328125,-429.0771484375,-17.5094604492188,-7.66754150390625,-456.924438476563,2.97672033309937,-7.7619481086731,-5.85203123092651,0.819679617881775,0.171838521957397,0.624215722084045,-0.833975255489349,-5.7717719078064,7.50148677825928,0.0775390565395355,0.103859752416611,0.214306622743607,0.553051948547363,-6.22333860397339,7.42174339294434,-1.69986069202423,0.252924591302872,-0.311752647161484,-1.10778093338013,-12.136137008667,-1.30709969997406,0.185965806245804,0.279055714607239,0.0506737977266312,83.974030856,-83.033527792,-2.740619354,-1.06949791230947,0.609763614374341,1.14188950270468
-20.3704833984375,9.918212890625,-428.924560546875,-17.4713134765625,-7.4005126953125,-457.1533203125,2.97657442092896,-7.74724912643433,-5.85267543792725,0.822668492794037,0.171248614788055,0.626777470111847,-0.828926622867584,-5.77264213562012,7.49813365936279,0.0798111781477928,0.105006441473961,0.215489089488983,0.49598890542984,-6.22562551498413,7.3851318359375,-1.7046263217926,0.253881186246872,-0.310735106468201,-1.09804308414459,-12.1281051635742,-1.31824839115143,0.188405677676201,0.279094874858856,0.0507738888263702,83.9716484265,-83.0289560855,-2.740824831,-1.06838086870615,0.608671882846313,1.10352206339178
-20.3704833984375,9.80377197265625,-428.390502929688,-17.3187255859375,-7.28607177734375,-457.305908203125,2.97642850875854,-7.73255062103271,-5.85331916809082,0.825657308101654,0.170658707618713,0.629339218139648,-0.823877990245819,-5.773512840271,7.49478006362915,0.0820832923054695,0.10615312308073,0.216671571135521,0.438925892114639,-6.22791242599487,7.34851980209351,-1.70939195156097,0.254837810993195,-0.309717535972595,-1.08830535411835,-12.1200723648071,-1.3293970823288,0.190845564007759,0.279134035110474,0.050873976200819,83.969265997,-83.024384379,-2.741030308,-1.06726382510283,0.607580151318285,1.0651546240789
-20.3704833984375,9.6893310546875,-427.8564453125,-17.1661376953125,-7.171630859375,-457.45849609375,2.97628259658813,-7.71785163879395,-5.85396337509155,0.828646183013916,0.170068815350533,0.63190096616745,-0.818829357624054,-5.77438306808472,7.49142694473267,0.0843554064631462,0.107299812138081,0.217854037880898,0.381862848997116,-6.23019933700562,7.31190824508667,-1.71415770053864,0.255794405937195,-0.308699995279312,-1.07856750488281,-12.1120405197144,-1.34054565429688,0.193285435438156,0.279173165559769,0.0509740635752678,83.9668835675,-83.0198126725,-2.741235785,-1.0661467814995,0.606488419790257,1.02678718476602
-20.4849243164063,9.57489013671875,-427.322387695313,-17.2042846679688,-6.9427490234375,-457.305908203125,2.97613668441772,-7.70315313339233,-5.85460758209229,0.831635057926178,0.16947890818119,0.634462714195251,-0.813780725002289,-5.77525329589844,7.48807382583618,0.0866275280714035,0.108446501195431,0.219036504626274,0.324799835681915,-6.23248624801636,7.27529621124268,-1.71892333030701,0.256751000881195,-0.307682454586029,-1.06882965564728,-12.1040086746216,-1.35169434547424,0.195725306868553,0.279212325811386,0.0510741546750069,83.964501138,-83.015240966,-2.741441262,-1.06502973789618,0.605396688262229,0.988419745453135
-20.599365234375,9.46044921875,-426.788330078125,-17.242431640625,-6.7138671875,-457.1533203125,2.97599101066589,-7.68845415115356,-5.85525131225586,0.83462393283844,0.168889001011848,0.637024462223053,-0.808732032775879,-5.77612400054932,7.48472023010254,0.0888996422290802,0.1095931828022,0.220218986272812,0.267736792564392,-6.23477268218994,7.23868465423584,-1.72368896007538,0.257707595825195,-0.306664913892746,-1.05909192562103,-12.0959758758545,-1.36284303665161,0.19816517829895,0.279251486063004,0.0511742420494556,83.9621187085,-83.0106692595,-2.741646739,-1.06391269429286,0.604304956734201,0.950052306140253
-20.599365234375,9.49859619140625,-426.33056640625,-17.2805786132813,-6.52313232421875,-456.771850585938,2.97584509849548,-7.67375564575195,-5.85589551925659,0.837612807750702,0.168299108743668,0.639586210250854,-0.803683400154114,-5.77699422836304,7.48136711120605,0.0911717638373375,0.11073987185955,0.221401453018188,0.21067376434803,-6.23705959320068,7.20207262039185,-1.72845458984375,0.258664220571518,-0.305647373199463,-1.0493540763855,-12.0879440307617,-1.37399160861969,0.200605049729347,0.279290616512299,0.0512743294239044,83.959736279,-83.006097553,-2.741852216,-1.06279565068953,0.603213225206173,0.911684866827359
-20.599365234375,9.5367431640625,-425.872802734375,-17.3187255859375,-6.3323974609375,-456.390380859375,2.97843337059021,-7.66502141952515,-5.86115264892578,0.840244650840759,0.168749660253525,0.641470670700073,-0.80409574508667,-5.77778434753418,7.47768306732178,0.0934167504310608,0.111782565712929,0.222522974014282,0.15959045290947,-6.23769474029541,7.17283058166504,-1.73250162601471,0.258966714143753,-0.304909348487854,-1.04422092437744,-12.0770025253296,-1.3816351890564,0.203263759613037,0.279231369495392,0.0511021465063095,83.9573538495,-83.0015258465,-2.742057693,-1.06167860708621,0.602121493678145,0.873317427514477
-20.6375122070313,9.26971435546875,-425.643920898438,-17.2042846679688,-6.06536865234375,-456.390380859375,2.98375606536865,-7.66225147247314,-5.87102317810059,0.842519581317902,0.170240685343742,0.64267772436142,-0.809969127178192,-5.77849340438843,7.47366857528687,0.0956346094608307,0.112721256911755,0.223583534359932,0.114486843347549,-6.23667860031128,7.1509575843811,-1.73582983016968,0.258615076541901,-0.304450899362564,-1.04369246959686,-12.0631523132324,-1.38577353954315,0.206141293048859,0.279073715209961,0.0506576932966709,83.95497142,-82.99695414,-2.74226317,-1.06056156348289,0.601029762150117,0.834949988201594
-20.6756591796875,9.002685546875,-425.4150390625,-17.08984375,-5.79833984375,-456.390380859375,2.98907876014709,-7.65948152542114,-5.88089370727539,0.844794452190399,0.17173171043396,0.643884778022766,-0.815842509269714,-5.77920293807983,7.46965360641479,0.0978524684906006,0.11365994811058,0.224644109606743,0.0693832263350487,-6.23566246032715,7.12908506393433,-1.73915803432465,0.258263468742371,-0.303992450237274,-1.04316389560699,-12.0493021011353,-1.38991189002991,0.209018841385841,0.27891606092453,0.0502132400870323,83.9549627345,-82.996548243,-2.742096072,-1.06043397069366,0.599779613841173,0.791316218013629
-20.904541015625,8.96453857421875,-425.033569335938,-17.0516967773438,-5.7220458984375,-456.466674804688,2.99440145492554,-7.65671157836914,-5.89076471328735,0.847069382667542,0.173222735524178,0.645091891288757,-0.821715891361237,-5.77991247177124,7.46563911437988,0.10007032006979,0.114598639309406,0.225704669952393,0.0242796167731285,-6.23464632034302,7.10721206665039,-1.74248623847961,0.257911831140518,-0.303534001111984,-1.04263544082642,-12.0354518890381,-1.39405024051666,0.211896374821663,0.278758376836777,0.0497687868773937,83.954954049,-82.996142346,-2.741928974,-1.06030637790442,0.598529465532228,0.747682447825663
-21.1334228515625,8.9263916015625,-424.652099609375,-17.0135498046875,-5.645751953125,-456.54296875,2.99972414970398,-7.6539421081543,-5.90063524246216,0.849344253540039,0.174713745713234,0.646298944950104,-0.827589273452759,-5.78062152862549,7.46162414550781,0.10228817909956,0.115537337958813,0.226765245199203,-0.0208239946514368,-6.23363018035889,7.08533954620361,-1.74581444263458,0.257560223340988,-0.303075551986694,-1.04210698604584,-12.0216016769409,-1.39818871021271,0.214773908257484,0.278600722551346,0.0493243299424648,83.9549453635,-82.995736449,-2.741761876,-1.06017878511519,0.597279317223282,0.704048677637685
-21.0189819335938,8.7738037109375,-424.652099609375,-17.08984375,-5.53131103515625,-456.54296875,3.00504684448242,-7.65117216110229,-5.91050577163696,0.851619184017181,0.176204770803452,0.64750599861145,-0.833462595939636,-5.78133106231689,7.45760917663574,0.10450603812933,0.116476029157639,0.227825805544853,-0.0659276098012924,-6.2326135635376,7.06346702575684,-1.74914264678955,0.257208585739136,-0.302617073059082,-1.04157841205597,-12.0077514648438,-1.40232706069946,0.217651456594467,0.278443068265915,0.0488798767328262,83.954936678,-82.995330552,-2.741594778,-1.06005119232596,0.596029168914338,0.66041490744972
-20.904541015625,8.6212158203125,-424.652099609375,-17.1661376953125,-5.4168701171875,-456.54296875,3.01036953926086,-7.64840221405029,-5.92037630081177,0.853894054889679,0.177695795893669,0.648713111877441,-0.839335978031158,-5.7820405960083,7.45359468460083,0.1067238971591,0.117414720356464,0.228886380791664,-0.111031219363213,-6.23159742355347,7.0415940284729,-1.75247085094452,0.256856977939606,-0.302158623933792,-1.04104995727539,-11.9939012527466,-1.40646541118622,0.220528990030289,0.278285413980484,0.0484354235231876,83.9549279925,-82.994924655,-2.74142768,-1.05992359953673,0.594779020605393,0.616781137261754
-21.0952758789063,8.58306884765625,-424.041748046875,-17.2042846679688,-5.30242919921875,-456.23779296875,3.01569223403931,-7.64563226699829,-5.93024682998657,0.856168985366821,0.179186820983887,0.649920165538788,-0.845209360122681,-5.78274965286255,7.44957971572876,0.108941756188869,0.11835341155529,0.229946941137314,-0.156134828925133,-6.23058128356934,7.01972150802612,-1.75579905509949,0.256505340337753,-0.301700174808502,-1.04052138328552,-11.9800510406494,-1.41060376167297,0.22340652346611,0.278127759695053,0.047990970313549,83.954919307,-82.994518758,-2.741260582,-1.05979600674749,0.593528872296448,0.573147367073789
-21.2860107421875,8.544921875,-423.431396484375,-17.242431640625,-5.18798828125,-455.9326171875,3.02101492881775,-7.64286279678345,-5.94011735916138,0.858443856239319,0.180677831172943,0.651127219200134,-0.851082742214203,-5.78345918655396,7.44556522369385,0.111159615218639,0.119292110204697,0.231007516384125,-0.201238438487053,-6.22956514358521,6.99784851074219,-1.75912725925446,0.256153732538223,-0.301241725683212,-1.03999292850494,-11.9662008285522,-1.41474223136902,0.226284071803093,0.277970105409622,0.0475465133786201,83.9549106215,-82.994112861,-2.741093484,-1.05966841395826,0.592278723987503,0.529513596885823
-21.1334228515625,8.392333984375,-423.202514648438,-17.242431640625,-5.22613525390625,-455.703735351563,3.02633738517761,-7.64009284973145,-5.94998788833618,0.860718786716461,0.182168856263161,0.652334332466125,-0.856956124305725,-5.7841682434082,7.44155025482178,0.113377474248409,0.120230801403522,0.232068076729774,-0.246342048048973,-6.22854900360107,6.97597599029541,-1.76245546340942,0.255802094936371,-0.300783276557922,-1.03946447372437,-11.9523506164551,-1.41888058185577,0.229161605238914,0.277812451124191,0.0471020601689816,83.954901936,-82.993706964,-2.740926386,-1.05954082116903,0.591028575678557,0.485879826697845
-20.9808349609375,8.23974609375,-422.9736328125,-17.242431640625,-5.2642822265625,-455.474853515625,3.03166007995605,-7.63732290267944,-5.95985889434814,0.862993657588959,0.183659881353378,0.653541386127472,-0.862829506397247,-5.78487777709961,7.43753576278687,0.115595325827599,0.121169492602348,0.233128651976585,-0.291445672512054,-6.22753286361694,6.95410299301147,-1.76578366756439,0.255450487136841,-0.300324827432632,-1.0389358997345,-11.9385004043579,-1.42301893234253,0.232039138674736,0.277654767036438,0.046657606959343,83.9548932505,-82.993301067,-2.740759288,-1.0594132283798,0.589778427369613,0.44224605650988
-21.0189819335938,8.1634521484375,-422.897338867188,-17.2042846679688,-4.99725341796875,-455.169677734375,3.0369827747345,-7.63455295562744,-5.96972942352295,0.865268588066101,0.185150906443596,0.654748439788818,-0.868702828884125,-5.78558731079102,7.43352079391479,0.117813184857368,0.122108183801174,0.234189212322235,-0.336549282073975,-6.22651624679565,6.9322304725647,-1.76911187171936,0.255098849534988,-0.29986634850502,-1.03840744495392,-11.9246501922607,-1.42715728282928,0.234916672110558,0.277497112751007,0.0462131537497044,83.954884565,-82.99289517,-2.74059219,-1.05928563559056,0.588528279060668,0.398612286321914
-21.05712890625,8.087158203125,-422.821044921875,-17.1661376953125,-4.730224609375,-454.864501953125,3.04230546951294,-7.6317834854126,-5.97959995269775,0.867543458938599,0.186641916632652,0.65595555305481,-0.874576210975647,-5.78629636764526,7.42950630187988,0.120031043887138,0.123046882450581,0.235249787569046,-0.381652891635895,-6.22550010681152,6.91035747528076,-1.77244007587433,0.254747241735458,-0.29940789937973,-1.03787887096405,-11.9107999801636,-1.43129575252533,0.23779422044754,0.277339458465576,0.0457686968147755,83.9548758795,-82.992489273,-2.740425092,-1.05915804280133,0.587278130751723,0.354978516133949
-21.05712890625,7.97271728515625,-422.515869140625,-17.1279907226563,-4.53948974609375,-454.788208007813,3.04762816429138,-7.6290135383606,-5.98947048187256,0.869818389415741,0.18813294172287,0.657162606716156,-0.880449593067169,-5.78700590133667,7.42549133300781,0.122248902916908,0.123985573649406,0.236310347914696,-0.426756501197815,-6.22448396682739,6.88848495483398,-1.7757682800293,0.254395604133606,-0.29894945025444,-1.03735041618347,-11.8969497680664,-1.43543410301208,0.240671753883362,0.277181804180145,0.0453242436051369,83.954867194,-82.992083376,-2.740257994,-1.0590304500121,0.586027982442778,0.311344745945983
-21.05712890625,7.8582763671875,-422.210693359375,-17.08984375,-4.3487548828125,-454.7119140625,3.05718994140625,-7.63633632659912,-5.98003053665161,0.870814204216003,0.189641401171684,0.656871914863586,-0.905106961727142,-5.78661870956421,7.42644453048706,0.124011754989624,0.124426163733006,0.236482039093971,-0.453757286071777,-6.21922636032104,6.8772497177124,-1.77691781520844,0.253259539604187,-0.299426317214966,-1.04194629192352,-11.8823261260986,-1.42975664138794,0.242649331688881,0.27720695734024,0.0449552312493324,83.9548585085,-82.991677479,-2.740090896,-1.05890285722286,0.584777834133833,0.267710975758005
-21.0952758789063,7.7056884765625,-421.7529296875,-17.08984375,-4.15802001953125,-454.330444335938,3.06675171852112,-7.64365863800049,-5.97059059143066,0.871810019016266,0.191149860620499,0.656581282615662,-0.929764330387115,-5.78623104095459,7.42739772796631,0.12577460706234,0.124866753816605,0.236653715372086,-0.480758100748062,-6.21396923065186,6.86601495742798,-1.77806746959686,0.252123475074768,-0.299903184175491,-1.04654228687286,-11.8677034378052,-1.42407917976379,0.244626924395561,0.277232110500336,0.0445862151682377,83.954849823,-82.991271582,-2.739923798,-1.05877526443363,0.583527685824888,0.22407720557004
-21.1334228515625,7.5531005859375,-421.295166015625,-17.08984375,-3.96728515625,-453.948974609375,3.07631325721741,-7.65098142623901,-5.96115016937256,0.872805774211884,0.192658320069313,0.656290590763092,-0.954421699047089,-5.78584384918213,7.42835092544556,0.127537459135056,0.125307336449623,0.236825406551361,-0.507758915424347,-6.20871162414551,6.8547797203064,-1.779217004776,0.250987410545349,-0.300380080938339,-1.05113816261292,-11.8530797958374,-1.41840171813965,0.24660450220108,0.277257263660431,0.0442172028124332,83.9548411375,-82.990865685,-2.7397567,-1.0586476716444,0.582277537515943,0.180443435382074
-21.05712890625,7.43865966796875,-421.218872070313,-16.8991088867188,-3.96728515625,-454.1015625,3.08587503433228,-7.65830373764038,-5.95171022415161,0.873801589012146,0.194166779518127,0.655999898910522,-0.979079008102417,-5.78545665740967,7.4293041229248,0.129300311207771,0.125747933983803,0.236997082829475,-0.534759700298309,-6.20345401763916,6.84354448318481,-1.78036665916443,0.24985134601593,-0.300856947898865,-1.05573403835297,-11.8384561538696,-1.4127242565155,0.248582094907761,0.277282416820526,0.0438481904566288,83.954832452,-82.990459788,-2.739589602,-1.05852007885517,0.581027389206998,0.136809665194109
-20.9808349609375,7.32421875,-421.142578125,-16.7083740234375,-3.96728515625,-454.254150390625,3.09543681144714,-7.66562652587891,-5.94227027893066,0.874797403812408,0.195675238966942,0.655709266662598,-1.00373637676239,-5.78506946563721,7.43025732040405,0.131063163280487,0.126188516616821,0.237168774008751,-0.561760485172272,-6.19819641113281,6.83230972290039,-1.78151619434357,0.248715281486511,-0.30133381485939,-1.06033003330231,-11.8238325119019,-1.40704679489136,0.250559687614441,0.277307569980621,0.0434791781008244,83.9548237665,-82.990053891,-2.739422504,-1.05839248606593,0.579777240898053,0.0931758950061431
-21.1715698242188,6.90460205078125,-421.066284179688,-16.7465209960938,-3.77655029296875,-453.720092773438,3.10499858856201,-7.67294931411743,-5.93283033370972,0.875793218612671,0.197183698415756,0.655418574810028,-1.02839374542236,-5.78468179702759,7.4312105178833,0.132826015353203,0.126629114151001,0.237340450286865,-0.588761270046234,-6.19293928146362,6.82107448577881,-1.78266584873199,0.247579216957092,-0.301810681819916,-1.06492590904236,-11.8092098236084,-1.40136933326721,0.252537250518799,0.277332723140717,0.0431101620197296,83.954815081,-82.989647994,-2.739255406,-1.0582648932767,0.578527092589108,0.0495421248181652
-21.3623046875,6.4849853515625,-420.989990234375,-16.78466796875,-3.5858154296875,-453.18603515625,3.11456036567688,-7.6802716255188,-5.92339038848877,0.876789033412933,0.198692157864571,0.655127882957458,-1.05305111408234,-5.78429460525513,7.43216371536255,0.134588867425919,0.127069696784019,0.237512141466141,-0.615762114524841,-6.18768167495728,6.80983972549438,-1.78381538391113,0.246443137526512,-0.302287548780441,-1.06952178478241,-11.7945861816406,-1.39569199085236,0.254514843225479,0.277357846498489,0.0427411496639252,83.9548063955,-82.989242097,-2.739088308,-1.05813730048747,0.577276944280163,0.00590835463019965
-21.3241577148438,6.103515625,-420.455932617188,-16.7083740234375,-3.47137451171875,-453.18603515625,3.12412214279175,-7.68759441375732,-5.91395044326782,0.877784848213196,0.200200617313385,0.654837250709534,-1.07770848274231,-5.78390741348267,7.4331169128418,0.136351719498634,0.127510294318199,0.237683817744255,-0.642762899398804,-6.18242406845093,6.7986044883728,-1.78496503829956,0.245307072997093,-0.302764415740967,-1.07411777973175,-11.7799625396729,-1.39001452922821,0.256492435932159,0.277382999658585,0.0423721373081207,83.95479771,-82.9888362,-2.73892121,-1.05800970769824,0.576026795971218,-0.0377254155577659
-21.2860107421875,5.7220458984375,-419.921875,-16.632080078125,-3.35693359375,-453.18603515625,3.13368368148804,-7.69491672515869,-5.90451002120972,0.878780603408813,0.201709076762199,0.654546558856964,-1.10236585140228,-5.78351974487305,7.43407011032104,0.13811457157135,0.127950876951218,0.237855508923531,-0.669763684272766,-6.17716693878174,6.78736925125122,-1.7861145734787,0.244171008467674,-0.303241312503815,-1.0787136554718,-11.7653398513794,-1.38433706760406,0.25847002863884,0.27740815281868,0.042003121227026,83.954420694,-82.9883252195,-2.7387890445,-1.05831900331102,0.574676337857051,-0.0770421658362956
-21.4385986328125,5.8746337890625,-419.769287109375,-16.6702270507813,-3.2806396484375,-452.880859375,3.14324545860291,-7.70223951339722,-5.89507007598877,0.879776418209076,0.203217536211014,0.654255867004395,-1.12702322006226,-5.78313255310059,7.43502330780029,0.139877423644066,0.128391474485397,0.238027200102806,-0.696764469146729,-6.17190933227539,6.7761344909668,-1.78726422786713,0.243034943938255,-0.30371817946434,-1.08330953121185,-11.7507162094116,-1.37865960597992,0.260447591543198,0.277433305978775,0.0416341088712215,83.954043678,-82.987814239,-2.738656879,-1.05862829892381,0.573325879742885,-0.116358916114825
-21.5911865234375,6.0272216796875,-419.61669921875,-16.7083740234375,-3.204345703125,-452.57568359375,3.15280723571777,-7.70956230163574,-5.88563013076782,0.880772233009338,0.204725995659828,0.65396523475647,-1.15168058872223,-5.78274536132813,7.43597650527954,0.141640275716782,0.128832057118416,0.23819887638092,-0.723765254020691,-6.16665172576904,6.76489925384521,-1.78841376304626,0.241898879408836,-0.304195046424866,-1.08790552616119,-11.7360925674438,-1.37298214435577,0.262425184249878,0.27745845913887,0.0412650965154171,83.953666662,-82.9873032585,-2.7385247135,-1.05893759453659,0.571975421628717,-0.155675666393366
-21.4385986328125,5.68389892578125,-419.540405273438,-16.7083740234375,-3.16619873046875,-452.346801757813,3.16236901283264,-7.71688461303711,-5.87619018554688,0.881768047809601,0.206234455108643,0.6536745429039,-1.1763379573822,-5.78235769271851,7.43692970275879,0.143403127789497,0.129272654652596,0.238370567560196,-0.750766098499298,-6.16139459609985,6.75366401672363,-1.78956341743469,0.240762814879417,-0.304671913385391,-1.09250140190125,-11.7214698791504,-1.36730468273163,0.264402776956558,0.277483612298965,0.0408960804343224,83.953289646,-82.986792278,-2.738392548,-1.05924689014938,0.570624963514551,-0.194992416671896
-21.2860107421875,5.340576171875,-419.464111328125,-16.7083740234375,-3.1280517578125,-452.117919921875,3.17193078994751,-7.72420740127563,-5.86675024032593,0.882763862609863,0.207742914557457,0.653383851051331,-1.20099532604218,-5.78197050094604,7.43788290023804,0.145165979862213,0.129713237285614,0.23854224383831,-0.77776688337326,-6.15613698959351,6.74242925643921,-1.79071295261383,0.239626750349998,-0.305148780345917,-1.0970972776413,-11.7068462371826,-1.36162722110748,0.266380369663239,0.277508765459061,0.0405270680785179,83.95291263,-82.9862812975,-2.7382603825,-1.05955618576216,0.569274505400384,-0.234309166950426
-21.3241577148438,4.99725341796875,-419.387817382813,-16.632080078125,-2.9754638671875,-452.041625976563,3.17527413368225,-7.7377290725708,-5.85829925537109,0.88361644744873,0.210821449756622,0.652801334857941,-1.21840691566467,-5.77895450592041,7.44220542907715,0.146783724427223,0.129695102572441,0.238436326384544,-0.790867745876312,-6.14729976654053,6.73302316665649,-1.791907787323,0.238001525402069,-0.30625993013382,-1.10301506519318,-11.6934967041016,-1.35259664058685,0.268592953681946,0.277560770511627,0.0401239655911922,83.952535614,-82.985770317,-2.738128217,-1.05986548137495,0.567924047286217,-0.273625917228955
-21.3623046875,4.6539306640625,-419.3115234375,-16.5557861328125,-2.8228759765625,-451.96533203125,3.17239952087402,-7.75745058059692,-5.85083818435669,0.884325921535492,0.215470060706139,0.651926934719086,-1.22857296466827,-5.7733097076416,7.44989776611328,0.148256346583366,0.129218235611916,0.238052815198898,-0.790068745613098,-6.13488340377808,6.72544622421265,-1.79314780235291,0.235887125134468,-0.308005332946777,-1.1102546453476,-11.6814222335815,-1.34021282196045,0.271040558815002,0.277639597654343,0.0396867692470551,83.952158598,-82.9852593365,-2.7379960515,-1.06017477698773,0.566573589172051,-0.312942667507485
-21.514892578125,4.2724609375,-418.930053710938,-16.5176391601563,-2.78472900390625,-451.35498046875,3.16952466964722,-7.77717161178589,-5.84337663650513,0.885035395622253,0.220118656754494,0.651052534580231,-1.23873889446259,-5.76766538619995,7.45759010314941,0.149728953838348,0.128741383552551,0.237669304013252,-0.789269745349884,-6.12246704101563,6.7178692817688,-1.79438781738281,0.233772724866867,-0.309750735759735,-1.1174943447113,-11.6693477630615,-1.32782912254333,0.273488193750381,0.277718424797058,0.0392495766282082,83.951781582,-82.984748356,-2.737863886,-1.06048407260052,0.565223131057884,-0.352259417786026
-21.66748046875,3.8909912109375,-418.548583984375,-16.4794921875,-2.74658203125,-450.74462890625,3.16665005683899,-7.79689311981201,-5.83591508865356,0.885744869709015,0.22476726770401,0.650178194046021,-1.2489048242569,-5.76202058792114,7.46528196334839,0.151201575994492,0.128264516592026,0.237285792827606,-0.78847074508667,-6.11005067825317,6.71029281616211,-1.79562783241272,0.231658324599266,-0.31149610877037,-1.12473392486572,-11.6572732925415,-1.31544530391693,0.275935798883438,0.277797251939774,0.0388123840093613,83.951404566,-82.9842373755,-2.7377317205,-1.0607933682133,0.563872672943717,-0.391576168064556
-21.5530395507813,3.662109375,-418.39599609375,-16.5176391601563,-2.55584716796875,-450.592041015625,3.16377520561218,-7.81661462783813,-5.82845401763916,0.886454343795776,0.229415878653526,0.649303793907166,-1.2590708732605,-5.75637578964233,7.47297430038452,0.152674198150635,0.1277876496315,0.236902266740799,-0.787671685218811,-6.09763431549072,6.70271587371826,-1.79686784744263,0.229543924331665,-0.313241511583328,-1.13197350502014,-11.6451988220215,-1.30306160449982,0.278383404016495,0.277876079082489,0.0383751876652241,83.95102755,-82.983726395,-2.737599555,-1.06110266382609,0.56252221482955,-0.430892918343086
-21.4385986328125,3.4332275390625,-418.243408203125,-16.5557861328125,-2.3651123046875,-450.439453125,3.16090059280396,-7.8363356590271,-5.8209924697876,0.887163817882538,0.234064474701881,0.648429393768311,-1.26923680305481,-5.75073146820068,7.48066663742065,0.154146805405617,0.127310797572136,0.236518755555153,-0.786872684955597,-6.08521795272827,6.69513893127441,-1.79810786247253,0.227429524064064,-0.314986914396286,-1.13921308517456,-11.6331243515015,-1.29067778587341,0.280831009149551,0.277954906225204,0.0379379950463772,83.950650534,-82.9832154145,-2.7374673895,-1.06141195943887,0.561171756715384,-0.470209668621615
-21.4767456054688,3.2806396484375,-418.243408203125,-16.5176391601563,-2.55584716796875,-449.8291015625,3.15802574157715,-7.85605716705322,-5.81353092193604,0.887873291969299,0.238713085651398,0.647554993629456,-1.27940273284912,-5.74508666992188,7.48835897445679,0.15561942756176,0.12683393061161,0.236135244369507,-0.786073684692383,-6.07280158996582,6.68756198883057,-1.79934787750244,0.225315123796463,-0.316732317209244,-1.14645266532898,-11.6210498809814,-1.2782940864563,0.283278614282608,0.27803373336792,0.0375008024275303,83.950273518,-82.982704434,-2.737335224,-1.06172125505166,0.559821298601217,-0.509526418900145
-21.514892578125,3.1280517578125,-418.243408203125,-16.4794921875,-2.74658203125,-449.21875,3.15515112876892,-7.87577819824219,-5.80606985092163,0.888582766056061,0.243361681699753,0.646680593490601,-1.28956878185272,-5.73944187164307,7.49605131149292,0.157092049717903,0.126357063651085,0.235751733183861,-0.785274684429169,-6.06038522720337,6.67998504638672,-1.80058777332306,0.223200723528862,-0.318477720022202,-1.15369236469269,-11.6089754104614,-1.2659102678299,0.285726249217987,0.278112560510635,0.0370636060833931,83.949896502,-82.9821934535,-2.7372030585,-1.06203055066444,0.55847084048705,-0.548843169178686
-21.4385986328125,3.01361083984375,-418.014526367188,-16.4413452148438,-2.40325927734375,-448.837280273438,3.15227627754211,-7.89549970626831,-5.79860830307007,0.889292240142822,0.248010292649269,0.645806193351746,-1.29973471164703,-5.73379755020142,7.50374364852905,0.158564656972885,0.125880211591721,0.235368207097054,-0.78447562456131,-6.04796886444092,6.67240810394287,-1.80182778835297,0.221086323261261,-0.320223122835159,-1.16093194484711,-11.5969009399414,-1.25352656841278,0.288173854351044,0.278191387653351,0.0366264134645462,83.949519486,-82.981682473,-2.737070893,-1.06233984627723,0.557120382372883,-0.588159919457216
-21.3623046875,2.899169921875,-417.78564453125,-16.4031982421875,-2.0599365234375,-448.455810546875,3.14940166473389,-7.91522121429443,-5.79114723205566,0.890001714229584,0.252658903598785,0.644931793212891,-1.30990076065063,-5.72815275192261,7.51143598556519,0.160037279129028,0.125403344631195,0.234984695911407,-0.783676624298096,-6.03555202484131,6.66483116149902,-1.80306780338287,0.218971937894821,-0.321968525648117,-1.16817152500153,-11.5848255157471,-1.24114274978638,0.2906214594841,0.278270214796066,0.036189217120409,83.94914247,-82.9811714925,-2.7369387275,-1.06264914189002,0.555769924258717,-0.627476669735745
-21.3241577148438,2.70843505859375,-417.709350585938,-16.4031982421875,-2.0599365234375,-448.226928710938,3.14652681350708,-7.9349422454834,-5.7836856842041,0.890711188316345,0.257307499647141,0.64405745267868,-1.32006669044495,-5.7225079536438,7.51912784576416,0.161509901285172,0.12492647767067,0.234601184725761,-0.782877624034882,-6.02313566207886,6.65725469589233,-1.80430781841278,0.21685753762722,-0.323713898658752,-1.17541110515594,-11.5727510452271,-1.22875905036926,0.293069064617157,0.278349041938782,0.0357520245015621,83.948765454,-82.980660512,-2.736806562,-1.0629584375028,0.55441946614455,-0.666793420014275
-21.2860107421875,2.5177001953125,-417.633056640625,-16.4031982421875,-2.0599365234375,-447.998046875,3.14365220069885,-7.95466375350952,-5.77622413635254,0.891420662403107,0.261956095695496,0.643183052539825,-1.33023262023926,-5.71686315536499,7.52682018280029,0.162982523441315,0.124449618160725,0.234217673540115,-0.782078623771667,-6.01071929931641,6.64967775344849,-1.80554783344269,0.214743137359619,-0.32545930147171,-1.18265080451965,-11.560676574707,-1.21637523174286,0.295516699552536,0.278427869081497,0.0353148318827152,83.948388438,-82.9801495315,-2.7366743965,-1.06326773311559,0.553069008030383,-0.706110170292805
-21.4004516601563,2.32696533203125,-417.404174804688,-16.3650512695313,-1.983642578125,-447.616577148438,3.14077734947205,-7.97438478469849,-5.76876306533813,0.892130136489868,0.266604721546173,0.64230865240097,-1.34039866924286,-5.71121883392334,7.53451251983643,0.164455130696297,0.123972751200199,0.233834147453308,-0.781279563903809,-5.99830293655396,6.64210081100464,-1.8067878484726,0.212628737092018,-0.327204704284668,-1.18989038467407,-11.548602104187,-1.20399153232574,0.297964304685593,0.278506696224213,0.034877635538578,83.948011422,-82.979638551,-2.736542231,-1.06357702872837,0.551718549916216,-0.745426920571346
-21.514892578125,2.13623046875,-417.17529296875,-16.326904296875,-1.9073486328125,-447.235107421875,3.13790273666382,-7.99410629272461,-5.76130151748657,0.89283961057663,0.271253317594528,0.641434252262115,-1.35056459903717,-5.70557403564453,7.54220485687256,0.16592775285244,0.123495891690254,0.233450636267662,-0.780480563640594,-5.9858865737915,6.63452386856079,-1.8080278635025,0.210514336824417,-0.328950107097626,-1.19712996482849,-11.536527633667,-1.19160771369934,0.300411909818649,0.278585523366928,0.0344404429197311,83.947634406,-82.9791275705,-2.7364100655,-1.06388632434116,0.550368091802049,-0.784743670849876
-21.3623046875,2.02178955078125,-416.8701171875,-16.326904296875,-1.8310546875,-446.77734375,3.12869596481323,-8.02420997619629,-5.75660991668701,0.893183469772339,0.276850342750549,0.641402363777161,-1.35078871250153,-5.69272232055664,7.55224943161011,0.166554540395737,0.122847348451614,0.233160465955734,-0.761435866355896,-5.98239183425903,6.63647794723511,-1.80993437767029,0.207540035247803,-0.331060647964478,-1.20356237888336,-11.5268220901489,-1.18654835224152,0.302543729543686,0.277323752641678,0.0335408970713615,83.94725739,-82.97861659,-2.7362779,-1.06419561995394,0.549017633687883,-0.824060421128405
-21.209716796875,1.9073486328125,-416.56494140625,-16.326904296875,-1.7547607421875,-446.319580078125,3.11948895454407,-8.05431365966797,-5.75191831588745,0.893527328968048,0.28244736790657,0.641370415687561,-1.35101294517517,-5.67987060546875,7.56229400634766,0.167181327939034,0.122198805212975,0.232870280742645,-0.742391109466553,-5.97889709472656,6.63843202590942,-1.81184077262878,0.204565718770027,-0.333171218633652,-1.20999479293823,-11.5171175003052,-1.18148910999298,0.304675579071045,0.276061952114105,0.0326413512229919,83.84949537,-82.5690211965,-2.7101710815,-1.06483530578779,0.547248884565296,-0.845055893251311
-21.0952758789063,1.6021728515625,-416.488647460938,-16.2887573242188,-1.678466796875,-445.785522460938,3.11028218269348,-8.08441638946533,-5.74722671508789,0.893871188163757,0.288044393062592,0.641338527202606,-1.35123705863953,-5.66701889038086,7.57233905792236,0.167808100581169,0.121550254523754,0.232580110430717,-0.723346412181854,-5.97540235519409,6.64038610458374,-1.81374728679657,0.201591417193413,-0.335281759500504,-1.2164272069931,-11.5074119567871,-1.17642974853516,0.306807398796082,0.274800181388855,0.0317418053746223,83.75173335,-82.159425803,-2.684064263,-1.06547499162164,0.545480135442709,-0.866051365374216
-20.9808349609375,1.2969970703125,-416.412353515625,-16.2506103515625,-1.6021728515625,-445.25146484375,3.1010754108429,-8.11452007293701,-5.74253511428833,0.894215047359467,0.293641418218613,0.641306579113007,-1.35146117210388,-5.65416717529297,7.58238363265991,0.168434888124466,0.120901711285114,0.232289925217628,-0.704301714897156,-5.97190761566162,6.64234018325806,-1.81565368175507,0.198617100715637,-0.337392300367355,-1.22285962104797,-11.4977073669434,-1.17137038707733,0.308939218521118,0.273538410663605,0.0308422576636076,83.65397133,-81.7498304094999,-2.6579574445,-1.06611467745549,0.543711386320122,-0.887046837497127
-21.0189819335938,1.10626220703125,-416.336059570313,-16.2887573242188,-1.4495849609375,-444.717407226563,3.09186840057373,-8.14462375640869,-5.73784399032593,0.894558906555176,0.299238443374634,0.641274690628052,-1.35168528556824,-5.64131546020508,7.59242820739746,0.169061675667763,0.120253168046474,0.231999754905701,-0.685256958007813,-5.96841287612915,6.64429426193237,-1.81756019592285,0.195642799139023,-0.33950287103653,-1.22929191589355,-11.4880018234253,-1.16631102561951,0.311071068048477,0.272276639938354,0.029942711815238,83.55620931,-81.340235016,-2.631850626,-1.06675436328934,0.541942637197535,-0.908042309620033
-21.05712890625,0.91552734375,-416.259765625,-16.326904296875,-1.2969970703125,-444.183349609375,3.08266162872314,-8.17472743988037,-5.73315238952637,0.894902765750885,0.304835468530655,0.641242742538452,-1.35190951824188,-5.62846374511719,7.60247278213501,0.16968846321106,0.119604624807835,0.231709569692612,-0.666212260723114,-5.96491813659668,6.64624834060669,-1.81946671009064,0.192668482661247,-0.341613411903381,-1.23572432994843,-11.4782962799072,-1.16125178337097,0.313202887773514,0.271014839410782,0.0290431659668684,83.45844729,-80.9306396225,-2.6057438075,-1.06739404912318,0.540173888074948,-0.929037781742938
-20.9808349609375,0.6103515625,-416.030883789063,-16.3650512695313,-1.373291015625,-443.878173828125,3.07345461845398,-8.20483016967773,-5.72846078872681,0.895246624946594,0.310432493686676,0.641210854053497,-1.35213363170624,-5.6156120300293,7.61251735687256,0.170315250754356,0.118956074118614,0.231419399380684,-0.647167563438416,-5.96142339706421,6.64820241928101,-1.82137310504913,0.189694181084633,-0.343723982572556,-1.2421567440033,-11.4685916900635,-1.15619242191315,0.315334737300873,0.269753068685532,0.0281436201184988,83.36068527,-80.521044229,-2.579636989,-1.06803373495703,0.538405138952361,-0.950033253865843
-20.904541015625,0.30517578125,-415.802001953125,-16.4031982421875,-1.4495849609375,-443.572998046875,3.06424784660339,-8.23493385314941,-5.72376918792725,0.895590484142303,0.316029518842697,0.641178905963898,-1.35235774517059,-5.60276031494141,7.62256193161011,0.170942038297653,0.118307530879974,0.231129214167595,-0.628122806549072,-5.95792865753174,6.65015649795532,-1.82327961921692,0.186719864606857,-0.345834523439407,-1.24858915805817,-11.4588861465454,-1.15113306045532,0.317466557025909,0.268491297960281,0.0272440742701292,83.26292325,-80.1114488355,-2.5535301705,-1.06867342079088,0.536636389829774,-0.971028725988749
-21.0952758789063,0,-415.878295898438,-16.3650512695313,-1.41143798828125,-443.115234375,3.05504107475281,-8.26503753662109,-5.71907758712769,0.895934343338013,0.321626543998718,0.641147017478943,-1.35258197784424,-5.58990859985352,7.63260698318481,0.171568810939789,0.117658987641335,0.230839043855667,-0.609078109264374,-5.95443391799927,6.65211057662964,-1.82518601417542,0.183745563030243,-0.347945064306259,-1.25502157211304,-11.4491815567017,-1.1460736989975,0.319598376750946,0.267229497432709,0.0263445284217596,83.16516123,-79.701853442,-2.527423352,-1.06931310662473,0.534867640707187,-0.99202419811166
-21.2860107421875,-0.30517578125,-415.95458984375,-16.326904296875,-1.373291015625,-442.657470703125,3.04583406448364,-8.29514122009277,-5.71438598632813,0.896278202533722,0.327223569154739,0.641115069389343,-1.35280609130859,-5.57705688476563,7.64265155792236,0.172195598483086,0.117010444402695,0.230548858642578,-0.590033411979675,-5.9509391784668,6.65406465530396,-1.8270925283432,0.180771261453629,-0.350055634975433,-1.26145398616791,-11.4394760131836,-1.14101445674896,0.321730226278305,0.265967726707458,0.02544498257339,83.06739921,-79.2922580485,-2.5013165335,-1.06995279245858,0.5330988915846,-1.01301967023457
-21.1715698242188,-0.457763671875,-415.802001953125,-16.2887573242188,-1.25885009765625,-442.276000976563,3.03662729263306,-8.32524490356445,-5.70969438552856,0.896622061729431,0.33282059431076,0.641083180904388,-1.35303020477295,-5.56420516967773,7.65269613265991,0.172822386026382,0.116361901164055,0.23025868833065,-0.570988655090332,-5.94744443893433,6.65601873397827,-1.82899904251099,0.177796944975853,-0.352166175842285,-1.26788640022278,-11.4297704696655,-1.13595509529114,0.323862046003342,0.264705955982208,0.0245454348623753,82.96963719,-78.882662655,-2.475209715,-1.07059247829243,0.531330142462013,-1.03401514235747
-21.05712890625,-0.6103515625,-415.6494140625,-16.2506103515625,-1.1444091796875,-441.89453125,3.02742052078247,-8.35534763336182,-5.705002784729,0.89696592092514,0.338417619466782,0.641051232814789,-1.35325443744659,-5.55135345458984,7.66274070739746,0.173449173569679,0.115713350474834,0.229968503117561,-0.551943957805634,-5.94394969940186,6.65797281265259,-1.83090543746948,0.174822643399239,-0.354276716709137,-1.27431881427765,-11.4200658798218,-1.13089573383331,0.325993865728378,0.263444155454636,0.0236458890140057,82.87187517,-78.4730672615,-2.4491028965,-1.07123216412628,0.529561393339427,-1.05501061448038
-20.904541015625,-0.762939453125,-415.6494140625,-16.2506103515625,-1.10626220703125,-441.360473632813,3.01821351051331,-8.3854513168335,-5.70031118392944,0.89730978012085,0.344014644622803,0.641019344329834,-1.35347855091095,-5.53850173950195,7.67278528213501,0.174075961112976,0.115064807236195,0.229678332805634,-0.532899260520935,-5.94045495986938,6.6599268913269,-1.83281195163727,0.171848326921463,-0.356387287378311,-1.28075122833252,-11.4103603363037,-1.12583637237549,0.328125715255737,0.262182384729385,0.0227463431656361,82.77411315,-78.0634718680001,-2.422996078,-1.07187184996012,0.52779264421684,-1.07600608660328
-20.751953125,-0.91552734375,-415.6494140625,-16.2506103515625,-1.068115234375,-440.826416015625,3.00658822059631,-8.41828632354736,-5.69154739379883,0.897721827030182,0.350556075572968,0.641548156738281,-1.35113942623138,-5.52727222442627,7.68020915985107,0.174281746149063,0.114394746720791,0.229201719164848,-0.514808833599091,-5.94127178192139,6.67143440246582,-1.83421099185944,0.168175235390663,-0.358080208301544,-1.287393450737,-11.4000749588013,-1.13152432441711,0.330420732498169,0.260327726602554,0.0217232443392277,82.67635113,-77.6538764745,-2.3968892595,-1.07251153579397,0.526023895094253,-1.09700155872619
-20.6756591796875,-1.18255615234375,-415.496826171875,-16.4413452148438,-1.18255615234375,-440.597534179688,2.99254441261292,-8.45385265350342,-5.67871141433716,0.898202061653137,0.358041942119598,0.642637729644775,-1.34623694419861,-5.51766538619995,7.68501138687134,0.174066543579102,0.113703176379204,0.228538691997528,-0.497672826051712,-5.94640064239502,6.69249582290649,-1.83510279655457,0.163803368806839,-0.359355509281158,-1.29424571990967,-11.3892078399658,-1.14795935153961,0.332878947257996,0.25788015127182,0.0205765906721354,82.57858911,-77.244281081,-2.370782441,-1.07315122162782,0.524255145971666,-1.1179970308491
-20.599365234375,-1.4495849609375,-415.34423828125,-16.632080078125,-1.2969970703125,-440.36865234375,2.97850060462952,-8.48941993713379,-5.66587543487549,0.898682296276093,0.365527838468552,0.64372730255127,-1.34133446216583,-5.50805807113647,7.68981409072876,0.17385134100914,0.113011606037617,0.227875664830208,-0.480536758899689,-5.95152902603149,6.71355676651001,-1.83599460124969,0.159431487321854,-0.360630840063095,-1.30109786987305,-11.3783407211304,-1.16439437866211,0.335337162017822,0.255432575941086,0.0194299388676882,82.48082709,-76.8346856875,-2.3446756225,-1.07379090746167,0.522486396849079,-1.138992502972
-20.5612182617188,-1.71661376953125,-414.73388671875,-16.4794921875,-1.068115234375,-440.216064453125,2.96445679664612,-8.52498626708984,-5.65303945541382,0.899162530899048,0.373013705015182,0.644816875457764,-1.33643198013306,-5.49845123291016,7.69461631774902,0.173636138439178,0.11232003569603,0.227212622761726,-0.463400721549988,-5.95665788650513,6.73461818695068,-1.83688640594482,0.155059605836868,-0.361906141042709,-1.30795013904572,-11.3674736022949,-1.18082940578461,0.337795376777649,0.252985000610352,0.0182832852005959,82.38306507,-76.425090294,-2.318568804,-1.07443059329552,0.520717647726492,-1.15998797509491
-20.5230712890625,-1.983642578125,-414.12353515625,-16.326904296875,-0.8392333984375,-440.0634765625,2.95041298866272,-8.5605525970459,-5.64020299911499,0.899642765522003,0.380499571561813,0.645906448364258,-1.33152949810028,-5.48884391784668,7.69941902160645,0.173420935869217,0.111628465354443,0.226549595594406,-0.446264684200287,-5.96178674697876,6.75567960739136,-1.83777821063995,0.150687739253044,-0.363181442022324,-1.31480228900909,-11.3566064834595,-1.1972644329071,0.340253591537476,0.250537425279617,0.0171366315335035,82.28530305,-76.0154949005,-2.2924619855,-1.07507027912937,0.518948898603905,-1.18098344721781
-20.44677734375,-2.17437744140625,-414.047241210938,-16.2887573242188,-0.6866455078125,-439.453125,2.93636918067932,-8.59611892700195,-5.62736701965332,0.900122940540314,0.387985438108444,0.646996021270752,-1.3266270160675,-5.4792366027832,7.70422172546387,0.173205733299255,0.110936895012856,0.225886568427086,-0.429128646850586,-5.96691513061523,6.77674055099487,-1.83867001533508,0.146315857768059,-0.364456743001938,-1.32165443897247,-11.3457403182983,-1.2136994600296,0.342711806297302,0.248089849948883,0.0159899797290564,82.18754103,-75.6058995069999,-2.266355167,-1.07570996496322,0.517180149481318,-1.20197891934073
-20.3704833984375,-2.3651123046875,-413.970947265625,-16.2506103515625,-0.5340576171875,-438.8427734375,2.92232537269592,-8.63168525695801,-5.61453104019165,0.900603175163269,0.395471304655075,0.648085594177246,-1.32172453403473,-5.46962976455688,7.70902395248413,0.172990530729294,0.110245324671268,0.225223526358604,-0.411992609500885,-5.97204399108887,6.79780197143555,-1.83956182003021,0.141943976283073,-0.365732043981552,-1.32850670814514,-11.3348731994629,-1.2301344871521,0.345170021057129,0.245642274618149,0.014843326061964,82.08977901,-75.1963041135,-2.2402483485,-1.07634965079706,0.515411400358731,-1.22297439146363
-20.44677734375,-2.47955322265625,-413.894653320313,-16.3650512695313,-0.457763671875,-438.53759765625,2.90828132629395,-8.66725254058838,-5.60169506072998,0.901083409786224,0.402957201004028,0.64917516708374,-1.31682205200195,-5.46002244949341,7.71382665634155,0.172775343060493,0.109553754329681,0.224560499191284,-0.394856542348862,-5.9771728515625,6.81886291503906,-1.84045362472534,0.137572109699249,-0.367007374763489,-1.33535885810852,-11.3240060806274,-1.2465695142746,0.347628235816956,0.243194714188576,0.0136966733261943,81.99201699,-74.78670872,-2.21414153,-1.07698933663091,0.513642651236144,-1.24396986358654
-20.5230712890625,-2.593994140625,-413.818359375,-16.4794921875,-0.3814697265625,-438.232421875,2.89423751831055,-8.70281887054443,-5.58885860443115,0.90156364440918,0.410443067550659,0.650264739990234,-1.31191956996918,-5.45041561126709,7.71862888336182,0.172560140490532,0.108862183988094,0.223897472023964,-0.377720504999161,-5.98230123519897,6.83992433547974,-1.84134542942047,0.133200228214264,-0.368282675743103,-1.34221112728119,-11.313138961792,-1.26300454139709,0.350086450576782,0.240747138857841,0.0125500205904245,81.9921524775,-74.7867543915,-2.214004518,-1.07696190875053,0.511312603811034,-1.23212719625826
-20.2178955078125,-3.0517578125,-413.2080078125,-16.2887573242188,-0.3814697265625,-437.545776367188,2.88019371032715,-8.73838520050049,-5.57602262496948,0.902043879032135,0.41792893409729,0.651354312896729,-1.30701720714569,-5.44080829620361,7.72343158721924,0.17234493792057,0.108170613646507,0.223234429955482,-0.36058446764946,-5.98743009567261,6.86098575592041,-1.8422372341156,0.12882836163044,-0.369557976722717,-1.34906327724457,-11.3022718429565,-1.27943968772888,0.352544665336609,0.238299563527107,0.0114033678546548,81.992287965,-74.786800063,-2.213867506,-1.07693448087015,0.508982556385925,-1.22028452892999
-19.9127197265625,-3.509521484375,-412.59765625,-16.0980224609375,-0.3814697265625,-436.859130859375,2.86614990234375,-8.77395153045654,-5.56318664550781,0.90252411365509,0.425414800643921,0.652443885803223,-1.30211472511292,-5.43120145797729,7.7282338142395,0.172129735350609,0.10747904330492,0.222571402788162,-0.343448430299759,-5.99255895614624,6.88204669952393,-1.84312903881073,0.124456480145454,-0.370833277702332,-1.35591554641724,-11.2914047241211,-1.29587471485138,0.355002880096436,0.235851988196373,0.010256715118885,81.9924234525,-74.7868457345,-2.213730494,-1.07690705298978,0.506652508960814,-1.20844186160171
-19.8745727539063,-3.5858154296875,-412.445068359375,-16.2506103515625,-0.30517578125,-436.477661132813,2.85210609436035,-8.80951881408691,-5.55035066604614,0.903004288673401,0.432900696992874,0.653533458709717,-1.29721224308014,-5.42159414291382,7.73303651809692,0.171914532780647,0.106787472963333,0.221908375620842,-0.326312363147736,-5.99768781661987,6.9031081199646,-1.84402084350586,0.12008460611105,-0.372108608484268,-1.36276769638062,-11.28053855896,-1.31230974197388,0.357461094856262,0.2334044277668,0.00911006145179272,81.99255894,-74.786891406,-2.213593482,-1.0768796251094,0.504322461535704,-1.19659919427344
-19.83642578125,-3.662109375,-412.29248046875,-16.4031982421875,-0.2288818359375,-436.09619140625,2.83806228637695,-8.84508514404297,-5.53751420974731,0.903484523296356,0.440386563539505,0.654623031616211,-1.29230976104736,-5.4119873046875,7.73783874511719,0.171699330210686,0.106095902621746,0.221245333552361,-0.309176325798035,-6.00281620025635,6.92416906356812,-1.84491264820099,0.115712724626064,-0.373383909463882,-1.36961996555328,-11.2696714401245,-1.32874476909637,0.359919309616089,0.230956852436066,0.00796340871602297,81.9926944275,-74.7869370775,-2.21345647,-1.07685219722902,0.501992414110594,-1.18475652694517
-19.7982788085938,-4.00543212890625,-411.9873046875,-16.5557861328125,-0.0762939453125,-435.943603515625,2.82401847839355,-8.88065147399902,-5.52467823028564,0.903964757919312,0.447872430086136,0.655712604522705,-1.28740727901459,-5.40237998962402,7.74264144897461,0.171484127640724,0.105404332280159,0.22058230638504,-0.292040288448334,-6.00794506072998,6.94523048400879,-1.84580445289612,0.11134085059166,-0.374659210443497,-1.37647211551666,-11.2588043212891,-1.34517979621887,0.362377524375916,0.228509277105331,0.00681675598025322,81.992829915,-74.786982749,-2.213319458,-1.07682476934864,0.499662366685485,-1.1729138596169
-19.7601318359375,-4.3487548828125,-411.68212890625,-16.7083740234375,0.0762939453125,-435.791015625,2.80246067047119,-8.91828155517578,-5.50723314285278,0.905247807502747,0.454024255275726,0.656443417072296,-1.29645681381226,-5.38873863220215,7.74391460418701,0.170785292983055,0.104633912444115,0.219793990254402,-0.282191276550293,-6.01331329345703,6.96975231170654,-1.84580790996552,0.106489099562168,-0.374343454837799,-1.38164687156677,-11.2460832595825,-1.35647821426392,0.36290717124939,0.226316496729851,0.00667017512023449,81.9929654025,-74.7870284205,-2.213182446,-1.07679734146826,0.497332319260375,-1.16107119228862
-19.683837890625,-4.46319580078125,-411.529541015625,-16.7465209960938,0.152587890625,-435.48583984375,2.78090286254883,-8.95591259002686,-5.48978757858276,0.906530857086182,0.460176080465317,0.657174170017242,-1.30550646781921,-5.37509727478027,7.74518775939941,0.170086473226547,0.103863500058651,0.219005674123764,-0.272342264652252,-6.01868200302124,6.9942741394043,-1.84581124782562,0.101637355983257,-0.374027699232101,-1.38682150840759,-11.233362197876,-1.36777675151825,0.363436847925186,0.224123701453209,0.00652359379455447,81.99310089,-74.787074092,-2.213045434,-1.07676991358788,0.495002271835264,-1.14922852496035
-19.6075439453125,-4.57763671875,-411.376953125,-16.78466796875,0.2288818359375,-435.1806640625,2.75934505462646,-8.99354267120361,-5.4723424911499,0.907813847064972,0.466327905654907,0.657904982566833,-1.31455600261688,-5.3614559173584,7.74646043777466,0.169387638568878,0.103093080222607,0.218217372894287,-0.262493222951889,-6.02405023574829,7.01879644393921,-1.84581470489502,0.0967856049537659,-0.373711943626404,-1.3919962644577,-11.2206411361694,-1.37907516956329,0.36396649479866,0.221930921077728,0.00637701293453574,81.9932363775,-74.7871197635,-2.212908422,-1.0767424857075,0.492672224410154,-1.13738585763207
-19.6456909179688,-4.69207763671875,-410.614013671875,-16.8609619140625,0.2288818359375,-434.494018554688,2.7377872467041,-9.03117275238037,-5.45489692687988,0.909096896648407,0.472479730844498,0.65863573551178,-1.32360553741455,-5.34781455993652,7.74773359298706,0.168688803911209,0.102322667837143,0.217429056763649,-0.252644211053848,-6.02941846847534,7.04331827163696,-1.84581804275513,0.0919338539242744,-0.373396188020706,-1.39717102050781,-11.2079200744629,-1.39037358760834,0.364496141672134,0.219738125801086,0.00623043207451701,81.993371865,-74.787165435,-2.21277141,-1.07671505782712,0.490342176985044,-1.1255431903038
-19.683837890625,-4.8065185546875,-409.85107421875,-16.937255859375,0.2288818359375,-433.807373046875,2.71622943878174,-9.06880283355713,-5.43745183944702,0.910379946231842,0.478631556034088,0.659366548061371,-1.33265519142151,-5.33417320251465,7.74900674819946,0.16798996925354,0.101552248001099,0.216640740633011,-0.242795199155807,-6.03478670120239,7.06784009933472,-1.84582149982452,0.087082102894783,-0.373080432415009,-1.40234565734863,-11.195198059082,-1.40167212486267,0.365025818347931,0.217545345425606,0.00608385074883699,81.9935073525,-74.7872111065,-2.212634398,-1.07668762994674,0.488012129559935,-1.11370052297553
-19.53125,-5.035400390625,-409.5458984375,-16.9754028320313,0.30517578125,-433.807373046875,2.69467163085938,-9.1064338684082,-5.42000675201416,0.911662995815277,0.484783381223679,0.660097301006317,-1.34170472621918,-5.32053184509277,7.75027990341187,0.167291149497032,0.100781835615635,0.215852424502373,-0.232946172356606,-6.0401554107666,7.09236192703247,-1.84582495689392,0.0822303593158722,-0.372764676809311,-1.40752041339874,-11.1824769973755,-1.41297054290771,0.365555465221405,0.215352550148964,0.00593726988881826,81.99364284,-74.787256778,-2.212497386,-1.07666020206636,0.485682082134825,-1.10185785564726
-19.378662109375,-5.2642822265625,-409.24072265625,-17.0135498046875,0.3814697265625,-433.807373046875,2.67311358451843,-9.14406394958496,-5.40256118774414,0.912945985794067,0.490935206413269,0.660828113555908,-1.35075426101685,-5.30689001083374,7.75155258178711,0.166592314839363,0.100011415779591,0.215064108371735,-0.223097160458565,-6.04552364349365,7.11688423156738,-1.84582829475403,0.0773786082863808,-0.372448921203613,-1.41269516944885,-11.1697559356689,-1.42426908016205,0.366085141897202,0.213159769773483,0.00579068856313825,81.9937783275,-74.7873024495,-2.212360374,-1.07663277418598,0.483352034709714,-1.09001518831898
-19.4549560546875,-5.68389892578125,-409.24072265625,-16.8991088867188,0.5340576171875,-433.502197265625,2.65155577659607,-9.18169403076172,-5.38511610031128,0.914229035377502,0.497087031602859,0.661558866500854,-1.3598039150238,-5.29324865341187,7.75282573699951,0.165893480181694,0.0992410033941269,0.214275792241096,-0.213248133659363,-6.0508918762207,7.14140605926514,-1.84583175182343,0.0725268572568893,-0.372133165597916,-1.41786980628967,-11.1570348739624,-1.43556749820709,0.366614788770676,0.210966974496841,0.00564410770311952,81.993913815,-74.787348121,-2.212223362,-1.07660534630561,0.481021987284604,-1.07817252099071
-19.53125,-6.103515625,-409.24072265625,-16.78466796875,0.6866455078125,-433.197021484375,2.62999796867371,-9.21932506561279,-5.36767053604126,0.915512084960938,0.50323885679245,0.662289679050446,-1.36885344982147,-5.27960729598999,7.75409889221191,0.165194660425186,0.0984705835580826,0.21348749101162,-0.203399121761322,-6.05626058578491,7.16592788696289,-1.84583508968353,0.0676751136779785,-0.371817409992218,-1.42304456233978,-11.1443138122559,-1.44686591625214,0.36714443564415,0.208774194121361,0.00549752684310079,81.9940493025,-74.7873937925,-2.21208635,-1.07657791842523,0.478691939859494,-1.06632985366243
-19.378662109375,-6.256103515625,-408.859252929688,-16.78466796875,0.64849853515625,-433.04443359375,2.60844016075134,-9.25695514678955,-5.3502254486084,0.916795134544373,0.509390652179718,0.663020431995392,-1.37790298461914,-5.26596593856812,7.75537204742432,0.164495825767517,0.0977001637220383,0.212699174880981,-0.193550109863281,-6.06162881851196,7.19044971466064,-1.84583854675293,0.0628233626484871,-0.37150165438652,-1.42821931838989,-11.1315927505493,-1.45816445350647,0.367674112319946,0.206581398844719,0.00535094551742077,81.99418479,-74.787439464,-2.211949338,-1.07655049054485,0.476361892434385,-1.05448718633416
-19.22607421875,-6.40869140625,-408.477783203125,-16.78466796875,0.6103515625,-432.891845703125,2.58688235282898,-9.29458522796631,-5.33278036117554,0.918078184127808,0.515542507171631,0.663751244544983,-1.3869526386261,-5.25232458114624,7.75664520263672,0.163796991109848,0.0969297513365746,0.211910858750343,-0.183701083064079,-6.06699705123901,7.2149715423584,-1.84584200382233,0.057971615344286,-0.371185898780823,-1.43339395523071,-11.1188716888428,-1.46946287155151,0.36820375919342,0.204388618469238,0.00520436465740204,81.9943202775,-74.7874851355,-2.211812326,-1.07652306266447,0.474031845009275,-1.04264451900589
-19.2642211914063,-6.44683837890625,-408.3251953125,-16.937255859375,0.72479248046875,-432.7392578125,2.56532454490662,-9.33221626281738,-5.31533479690552,0.919361174106598,0.521694302558899,0.664481997489929,-1.39600217342377,-5.23868322372437,7.75791788101196,0.16309817135334,0.0961593315005302,0.211122542619705,-0.173852071166039,-6.07236576080322,7.23949384689331,-1.84584534168243,0.0531198643147945,-0.370870143175125,-1.43856871128082,-11.1061506271362,-1.48076128959656,0.368733406066895,0.202195823192596,0.00505778379738331,81.994455765,-74.787530807,-2.211675314,-1.07649563478409,0.471701797584164,-1.03080185167761
-19.3023681640625,-6.4849853515625,-408.172607421875,-17.08984375,0.8392333984375,-432.586669921875,2.54376673698425,-9.36984634399414,-5.29788970947266,0.920644223690033,0.527846157550812,0.66521281003952,-1.40505170822144,-5.22504186630249,7.75919103622437,0.162399336695671,0.0953889191150665,0.210334226489067,-0.164003044366837,-6.07773399353027,7.26401567459106,-1.84584879875183,0.0482681170105934,-0.370554387569427,-1.44374346733093,-11.0934295654297,-1.49205982685089,0.369263082742691,0.200003042817116,0.00491120247170329,81.9945912525,-74.7875764785,-2.211538302,-1.07646820690371,0.469371750159054,-1.01895918434934
-19.22607421875,-6.75201416015625,-407.638549804688,-17.1661376953125,0.87738037109375,-432.510375976563,2.51867866516113,-9.399001121521,-5.2891697883606,0.922095537185669,0.532258093357086,0.665762662887573,-1.41329979896545,-5.22128772735596,7.75949668884277,0.16171669960022,0.0946095585823059,0.209576398134232,-0.156507521867752,-6.07988500595093,7.27366828918457,-1.84583258628845,0.0447085797786713,-0.369919925928116,-1.44315302371979,-11.0825634002686,-1.49849796295166,0.368940085172653,0.198765382170677,0.00522140460088849,81.99472674,-74.78762215,-2.21140129,-1.07644077902333,0.467041702733944,-1.00711651702107
-19.1497802734375,-7.01904296875,-407.1044921875,-17.242431640625,0.91552734375,-432.43408203125,2.49006009101868,-9.41968059539795,-5.28917551040649,0.923715174198151,0.534930229187012,0.666131675243378,-1.42074632644653,-5.22742080688477,7.75883531570435,0.161050274968147,0.0938212648034096,0.208849027752876,-0.151365488767624,-6.07881927490234,7.26845169067383,-1.84579682350159,0.0424412526190281,-0.368966728448868,-1.43679749965668,-11.0735521316528,-1.50007593631744,0.367764472961426,0.198482856154442,0.00598838925361633,81.9943877945,-74.787543107,-2.2112951045,-1.07552195279294,0.465242877847672,-0.954804902200181
-19.1879272460938,-7.13348388671875,-406.570434570313,-17.242431640625,1.1444091796875,-432.43408203125,2.4614417552948,-9.4403600692749,-5.28918075561523,0.925334811210632,0.537602365016937,0.666500687599182,-1.4281929731369,-5.23355388641357,7.75817394256592,0.160383850336075,0.0930329710245132,0.208121672272682,-0.146223455667496,-6.0777530670166,7.26323509216309,-1.84576094150543,0.0401739254593849,-0.36801353096962,-1.43044197559357,-11.0645408630371,-1.50165379047394,0.366588860750198,0.198200345039368,0.00675537437200546,81.994048849,-74.787464064,-2.211188919,-1.07460312656254,0.4634440529614,-0.902493287379296
-19.22607421875,-7.2479248046875,-406.036376953125,-17.242431640625,1.373291015625,-432.43408203125,2.43282318115234,-9.46103954315186,-5.28918647766113,0.926954448223114,0.540274500846863,0.666869699954987,-1.43563950061798,-5.23968696594238,7.75751256942749,0.159717410802841,0.0922446772456169,0.207394301891327,-0.141081422567368,-6.07668733596802,7.2580189704895,-1.84572517871857,0.0379065982997417,-0.367060333490372,-1.42408645153046,-11.0555305480957,-1.50323176383972,0.365413248538971,0.197917819023132,0.0075223590247333,81.9937099035,-74.787385021,-2.2110827335,-1.07368430033215,0.461645228075127,-0.850181672558396
-19.1497802734375,-7.51495361328125,-406.036376953125,-17.1661376953125,1.373291015625,-432.12890625,2.40420484542847,-9.48171901702881,-5.28919219970703,0.928574085235596,0.542946636676788,0.667238712310791,-1.44308602809906,-5.24582004547119,7.75685119628906,0.159050986170769,0.0914563834667206,0.206666946411133,-0.135939389467239,-6.07562160491943,7.25280237197876,-1.8456894159317,0.0356392711400986,-0.366107136011124,-1.41773092746735,-11.04651927948,-1.50480973720551,0.364237636327744,0.197635293006897,0.00828934367746115,81.993370958,-74.787305978,-2.210976548,-1.07276547410175,0.459846403188855,-0.797870057737511
-19.073486328125,-7.781982421875,-406.036376953125,-17.08984375,1.373291015625,-431.82373046875,2.37558650970459,-9.50239849090576,-5.28919792175293,0.930193662643433,0.545618772506714,0.667607724666595,-1.45053267478943,-5.251953125,7.75618982315063,0.158384561538696,0.0906680896878242,0.205939590930939,-0.130797356367111,-6.07455539703369,7.24758577346802,-1.84565365314484,0.0333719439804554,-0.365153938531876,-1.41137540340424,-11.0375080108643,-1.506387591362,0.363061994314194,0.197352781891823,0.00905632879585028,81.9930320125,-74.787226935,-2.2108703625,-1.07184664787136,0.458047578302583,-0.745558442916626
-19.22607421875,-7.74383544921875,-405.426025390625,-17.1279907226563,1.56402587890625,-431.5185546875,2.34696793556213,-9.52307796478271,-5.28920364379883,0.931813299655914,0.548290908336639,0.6679767370224,-1.45797920227051,-5.25808620452881,7.75552845001221,0.157718122005463,0.0898797959089279,0.205212220549583,-0.125655323266983,-6.07348966598511,7.24236917495728,-1.84561789035797,0.0311046186834574,-0.364200741052628,-1.40501987934113,-11.0284976959229,-1.50796556472778,0.361886382102966,0.197070255875587,0.00982331391423941,81.992693067,-74.787147892,-2.210764177,-1.07092782164096,0.456248753416311,-0.69324682809574
-19.378662109375,-7.7056884765625,-404.815673828125,-17.1661376953125,1.7547607421875,-431.21337890625,2.31834959983826,-9.54375648498535,-5.28920888900757,0.933432936668396,0.550963044166565,0.668345749378204,-1.46542572975159,-5.26421880722046,7.75486707687378,0.15705169737339,0.0890915021300316,0.204484865069389,-0.120513297617435,-6.07242345809937,7.23715257644653,-1.84558200836182,0.0288372915238142,-0.363247573375702,-1.39866423606873,-11.0194864273071,-1.50954341888428,0.360710769891739,0.196787729859352,0.0105902990326285,81.9923541215,-74.787068849,-2.2106579915,-1.07000899541057,0.454449928530038,-0.640935213274855
-19.2642211914063,-7.8582763671875,-404.739379882813,-17.1279907226563,1.86920166015625,-431.442260742188,2.2897310256958,-9.5644359588623,-5.28921461105347,0.935052573680878,0.55363517999649,0.668714761734009,-1.47287237644196,-5.27035188674927,7.75420570373535,0.156385272741318,0.0883032083511353,0.203757494688034,-0.115371264517307,-6.07135772705078,7.23193597793579,-1.84554624557495,0.0265699662268162,-0.362294375896454,-1.39230871200562,-11.0104751586914,-1.51112139225006,0.359535157680511,0.196505218744278,0.0113572832196951,81.992015176,-74.786989806,-2.210551806,-1.06909016918018,0.452651103643766,-0.588623598453955
-19.1497802734375,-8.0108642578125,-404.6630859375,-17.08984375,1.983642578125,-431.671142578125,2.26111268997192,-9.58511543273926,-5.28922033309937,0.936672210693359,0.556307256221771,0.669083714485168,-1.48031890392303,-5.27648496627808,7.75354385375977,0.155718833208084,0.0875149071216583,0.20303013920784,-0.110229231417179,-6.0702919960022,7.22671937942505,-1.84551048278809,0.024302639067173,-0.361341178417206,-1.3859531879425,-11.00146484375,-1.51269936561584,0.358359545469284,0.196222692728043,0.0121242683380842,81.9916762305,-74.786910763,-2.2104456205,-1.06817134294978,0.450852278757493,-0.53631198363307
-19.22607421875,-8.20159912109375,-404.052734375,-17.1279907226563,2.0599365234375,-431.5185546875,2.23249411582947,-9.60579490661621,-5.28922605514526,0.938291847705841,0.558979392051697,0.669452726840973,-1.48776543140411,-5.28261804580688,7.75288248062134,0.155052408576012,0.086726613342762,0.202302768826485,-0.105087205767632,-6.06922578811646,7.22150325775146,-1.84547472000122,0.0220353119075298,-0.360387980937958,-1.37959766387939,-10.9924535751343,-1.51427721977234,0.357183933258057,0.195940166711807,0.0128912534564734,81.991337285,-74.78683172,-2.210339435,-1.06725251671939,0.449053453871221,-0.484000368812184
-19.3023681640625,-8.392333984375,-403.4423828125,-17.1661376953125,2.13623046875,-431.365966796875,2.20387578010559,-9.62647438049316,-5.289231300354,0.939911425113678,0.561651527881622,0.669821739196777,-1.49521195888519,-5.28875112533569,7.75222110748291,0.154385983943939,0.0859383195638657,0.201575413346291,-0.0999451726675034,-6.06816005706787,7.21628665924072,-1.84543883800507,0.0197679847478867,-0.35943478345871,-1.37324213981628,-10.9834423065186,-1.51585519313812,0.356008291244507,0.195657640695572,0.0136582385748625,81.9909983395,-74.786752677,-2.2102332495,-1.06633369048899,0.447254628984949,-0.431688753991299
-19.22607421875,-8.6212158203125,-403.213500976563,-17.39501953125,2.288818359375,-431.21337890625,2.17525720596313,-9.64715385437012,-5.2892370223999,0.94153106212616,0.564323663711548,0.670190751552582,-1.50265860557556,-5.2948842048645,7.75155973434448,0.153719544410706,0.0851500257849693,0.200848042964935,-0.0948031395673752,-6.06709384918213,7.21107006072998,-1.8454030752182,0.0175006594508886,-0.358481585979462,-1.36688661575317,-10.9744319915771,-1.51743304729462,0.354832679033279,0.195375129580498,0.014425222761929,81.990659394,-74.786673634,-2.210127064,-1.0654148642586,0.445455804098677,-0.379377139170414
-19.1497802734375,-8.85009765625,-402.984619140625,-17.6239013671875,2.44140625,-431.060791015625,2.14663887023926,-9.66783332824707,-5.2892427444458,0.943150699138641,0.566995799541473,0.670559763908386,-1.51010513305664,-5.30101728439331,7.75089836120605,0.153053119778633,0.084361732006073,0.200120687484741,-0.089661106467247,-6.06602811813354,7.20585346221924,-1.84536731243134,0.0152333322912455,-0.357528388500214,-1.36053109169006,-10.9654207229614,-1.5190110206604,0.353657066822052,0.195092603564262,0.0151922078803182,81.9903204485,-74.786594591,-2.2100208785,-1.0644960380282,0.443656979212404,-0.327065524349514
-19.1116333007813,-8.81195068359375,-402.374267578125,-17.39501953125,2.5177001953125,-430.984497070313,2.12498831748962,-9.66973209381104,-5.27975797653198,0.943648457527161,0.568260550498962,0.670448541641235,-1.50673282146454,-5.30219078063965,7.74627017974854,0.152788057923317,0.0829031318426132,0.199106529355049,-0.0801954939961433,-6.06401300430298,7.18132734298706,-1.8468906879425,0.0153197897598147,-0.355467677116394,-1.35396993160248,-10.9609069824219,-1.52057552337646,0.352402985095978,0.196243107318878,0.0166256725788116,81.989981503,-74.786515548,-2.209914693,-1.06357721179781,0.441858154326132,-0.274753909528628
-19.073486328125,-8.7738037109375,-401.763916015625,-17.1661376953125,2.593994140625,-430.908203125,2.10333776473999,-9.67162990570068,-5.27027368545532,0.94414621591568,0.569525301456451,0.670337378978729,-1.50336050987244,-5.30336475372314,7.74164199829102,0.152522996068001,0.0814445316791534,0.198092356324196,-0.0707298815250397,-6.06199789047241,7.15680170059204,-1.84841394424438,0.015406247228384,-0.353406995534897,-1.34740889072418,-10.9563941955566,-1.52214002609253,0.351148903369904,0.197393625974655,0.0180591382086277,81.9896425575,-74.786436505,-2.2098085075,-1.06265838556741,0.44005932943986,-0.222442294707743
-18.9590454101563,-8.88824462890625,-401.687622070313,-17.242431640625,2.6702880859375,-430.908203125,2.08168721199036,-9.67352867126465,-5.2607889175415,0.944643914699554,0.57079005241394,0.670226156711578,-1.49998831748962,-5.30453824996948,7.73701333999634,0.152257934212685,0.0799859240651131,0.197078198194504,-0.061264269053936,-6.05998277664185,7.13227558135986,-1.84993731975555,0.0154927056282759,-0.351346284151077,-1.3408477306366,-10.9518804550171,-1.5237044095993,0.349894821643829,0.198544129729271,0.0194926038384438,81.989303612,-74.786357462,-2.209702322,-1.06173955933702,0.438260504553587,-0.170130679886858
-18.8446044921875,-9.002685546875,-401.611328125,-17.3187255859375,2.74658203125,-430.908203125,2.0600368976593,-9.67542743682861,-5.25130462646484,0.945141673088074,0.572054803371429,0.670114934444427,-1.49661600589752,-5.30571222305298,7.73238515853882,0.15199288725853,0.0785273239016533,0.196064025163651,-0.0517986565828323,-6.05796766281128,7.10774946212769,-1.85146069526672,0.0155791630968451,-0.349285572767258,-1.33428657054901,-10.9473667144775,-1.52526891231537,0.348640710115433,0.199694633483887,0.0209260694682598,81.9889646665,-74.786278419,-2.2095961365,-1.06082073310662,0.436461679667315,-0.117819065065972
-18.8827514648438,-9.2315673828125,-401.153564453125,-17.242431640625,3.01361083984375,-430.831909179688,2.03838634490967,-9.67732620239258,-5.24181985855103,0.945639431476593,0.573319554328918,0.670003712177277,-1.49324369430542,-5.30688571929932,7.7277569770813,0.151727825403214,0.0770687237381935,0.195049867033958,-0.0423330441117287,-6.05595254898071,7.08322381973267,-1.85298407077789,0.0156656205654144,-0.347224861383438,-1.32772552967072,-10.942852973938,-1.52683341503143,0.347386628389359,0.200845137238503,0.0223595350980759,81.988625721,-74.786199376,-2.209489951,-1.05990190687623,0.434662854781042,-0.0655074502450723
-18.9208984375,-9.46044921875,-400.69580078125,-17.1661376953125,3.2806396484375,-430.755615234375,2.01673579216003,-9.67922401428223,-5.23233556747437,0.946137189865112,0.574584305286407,0.669892549514771,-1.48987138271332,-5.30805921554565,7.72312879562378,0.151462763547897,0.0756101235747337,0.194035708904266,-0.032867431640625,-6.05393743515015,7.05869770050049,-1.85450732707977,0.0157520789653063,-0.345164179801941,-1.32116436958313,-10.9383401870728,-1.5283979177475,0.346132546663284,0.201995655894279,0.0237930007278919,81.9882867755,-74.786120333,-2.2093837655,-1.05898308064584,0.43286402989477,-0.013195835424187
-19.0353393554688,-9.46044921875,-400.390625,-17.1279907226563,3.2806396484375,-430.831909179688,1.9950852394104,-9.68112277984619,-5.22285079956055,0.946634948253632,0.575849056243896,0.66978132724762,-1.48649907112122,-5.30923318862915,7.7185001373291,0.151197701692581,0.0741515159606934,0.193021535873413,-0.0234018173068762,-6.05192184448242,7.03417158126831,-1.85603070259094,0.015838535502553,-0.343103468418121,-1.31460320949554,-10.9338264465332,-1.52996230125427,0.34487846493721,0.203146159648895,0.025226466357708,81.98794783,-74.78604129,-2.20927758,-1.05806425441544,0.431065205008498,0.0391157793966982
-19.1497802734375,-9.46044921875,-400.08544921875,-17.08984375,3.2806396484375,-430.908203125,1.97343468666077,-9.68302154541016,-5.21336650848389,0.947132706642151,0.577113807201385,0.669670104980469,-1.48312675952911,-5.31040668487549,7.71387195587158,0.150932639837265,0.0726929157972336,0.192007377743721,-0.0139362048357725,-6.04990673065186,7.00964593887329,-1.85755407810211,0.0159249939024448,-0.341042757034302,-1.30804216861725,-10.9293127059937,-1.53152680397034,0.343624383211136,0.204296663403511,0.026659931987524,81.926100598,-74.4945868745,-2.186455103,-1.05672069986947,0.429006429750202,0.124436500615304
-18.8064575195313,-9.5367431640625,-399.47509765625,-17.242431640625,3.4332275390625,-430.831909179688,1.95178425312042,-9.68492031097412,-5.20388174057007,0.947630405426025,0.578378558158875,0.669558942317963,-1.4797545671463,-5.31158065795898,7.70924377441406,0.150667577981949,0.0712343156337738,0.190993204712868,-0.00447059189900756,-6.04789161682129,6.98511981964111,-1.85907745361328,0.0160114504396915,-0.338982075452805,-1.30148100852966,-10.9247989654541,-1.5330913066864,0.342370301485062,0.205447167158127,0.0280933976173401,81.864253366,-74.203132459,-2.163632626,-1.0553771453235,0.426947654491907,0.209757221833911
-18.463134765625,-9.613037109375,-398.86474609375,-17.39501953125,3.5858154296875,-430.755615234375,1.93013370037079,-9.68681812286377,-5.19439744949341,0.948128163814545,0.579643309116364,0.669447720050812,-1.4763822555542,-5.31275415420532,7.70461559295654,0.150402516126633,0.069775715470314,0.189979046583176,0.0049950210377574,-6.04587650299072,6.96059370040894,-1.86060070991516,0.0160979088395834,-0.336921364068985,-1.29491984844208,-10.9202861785889,-1.53465580940247,0.341116219758987,0.206597685813904,0.029526861384511,81.802406134,-73.9116780435,-2.140810149,-1.05403359077753,0.424888879233611,0.295077943052541
-18.5775756835938,-9.65118408203125,-398.5595703125,-17.2042846679688,3.77655029296875,-430.831909179688,1.90848314762115,-9.68871688842773,-5.18491268157959,0.948625922203064,0.580908060073853,0.669336497783661,-1.4730099439621,-5.31392765045166,7.69998741149902,0.150137469172478,0.0683171153068542,0.188964888453484,0.0144606335088611,-6.04386138916016,6.93606805801392,-1.86212408542633,0.0161843672394753,-0.334860652685165,-1.28835880756378,-10.9157724380493,-1.53622031211853,0.339862108230591,0.20774818956852,0.030960327014327,81.740558902,-73.620223628,-2.117987672,-1.05269003623156,0.422830103975316,0.380398664271147
-18.6920166015625,-9.6893310546875,-398.25439453125,-17.0135498046875,3.96728515625,-430.908203125,1.88683271408081,-9.6906156539917,-5.17542839050293,0.949123680591583,0.582172811031342,0.669225335121155,-1.46963763237,-5.31510162353516,7.69535875320435,0.149872407317162,0.0668585076928139,0.18795071542263,0.0239262469112873,-6.04184627532959,6.91154193878174,-1.8636474609375,0.016270823776722,-0.332799971103668,-1.2817976474762,-10.9112586975098,-1.53778469562531,0.338608026504517,0.208898693323135,0.0323937945067883,81.67871167,-73.3287692125,-2.095165195,-1.05134648168559,0.42077132871702,0.465719385489753
-18.5775756835938,-9.9945068359375,-398.025512695313,-17.1661376953125,4.119873046875,-430.908203125,1.86518216133118,-9.69251441955566,-5.16594362258911,0.949621438980103,0.583437561988831,0.669114112854004,-1.46626532077789,-5.31627511978149,7.69073057174683,0.149607345461845,0.0653999075293541,0.186936557292938,0.033391859382391,-6.03983116149902,6.88701581954956,-1.86517083644867,0.0163572821766138,-0.330739259719849,-1.27523648738861,-10.9067449569702,-1.53934919834137,0.337353944778442,0.210049197077751,0.0338272601366043,81.616864438,-73.037314797,-2.072342718,-1.05000292713962,0.418712553458725,0.551040106708359
-18.463134765625,-10.2996826171875,-397.796630859375,-17.3187255859375,4.2724609375,-430.908203125,1.85122299194336,-9.68883514404297,-5.15126943588257,0.950101435184479,0.584317028522491,0.668635606765747,-1.46087896823883,-5.31442737579346,7.68612718582153,0.14933505654335,0.0640561580657959,0.185938596725464,0.0407436676323414,-6.03862237930298,6.86983013153076,-1.86774039268494,0.0177731961011887,-0.328465521335602,-1.26377236843109,-10.8972320556641,-1.54804956912994,0.336044281721115,0.211181595921516,0.0351190268993378,81.555017206,-72.7458603815,-2.049520241,-1.04865937259365,0.41665377820043,0.636360827926966
-18.4249877929688,-10.1089477539063,-397.109985351563,-17.242431640625,4.425048828125,-430.984497070313,1.84495532512665,-9.67957878112793,-5.13140487670898,0.950563788414001,0.584811329841614,0.66778975725174,-1.45347845554352,-5.30955743789673,7.68154907226563,0.149055525660515,0.0628272518515587,0.184956833720207,0.0459816679358482,-6.0382194519043,6.85998487472534,-1.87135636806488,0.0205185692757368,-0.325978755950928,-1.24740505218506,-10.882719039917,-1.56388568878174,0.334679037332535,0.21229587495327,0.0362690985202789,81.493169974,-72.454405966,-2.026697764,-1.04731581804768,0.414595002942134,0.721681549145596
-18.3868408203125,-9.918212890625,-396.42333984375,-17.1661376953125,4.57763671875,-431.060791015625,1.83868765830994,-9.67032241821289,-5.1115403175354,0.951026082038879,0.585305631160736,0.666943967342377,-1.44607794284821,-5.30468797683716,7.67697048187256,0.148776009678841,0.0615983530879021,0.183975085616112,0.0512196719646454,-6.03781700134277,6.85013961791992,-1.87497222423553,0.023263942450285,-0.323491990566254,-1.23103773593903,-10.8682050704956,-1.57972180843353,0.333313792943954,0.213410153985023,0.0374191701412201,81.431322742,-72.1629515505,-2.003875287,-1.04597226350171,0.412536227683838,0.807002270364202
-18.4249877929688,-10.1089477539063,-395.889282226563,-17.2805786132813,4.69207763671875,-430.984497070313,1.83241999149323,-9.66106605529785,-5.09167623519897,0.951488435268402,0.585799932479858,0.666098177433014,-1.43867743015289,-5.29981803894043,7.67239236831665,0.148496478796005,0.0603694505989552,0.182993322610855,0.0564576759934425,-6.03741455078125,6.8402943611145,-1.87858819961548,0.0260093156248331,-0.32100522518158,-1.21467041969299,-10.8536920547485,-1.59555804729462,0.331948548555374,0.214524418115616,0.0385692454874516,81.36947551,-71.871497135,-1.98105281,-1.04462870895574,0.410477452425543,0.892322991582808
-18.463134765625,-10.2996826171875,-395.355224609375,-17.39501953125,4.8065185546875,-430.908203125,1.82615232467651,-9.65180969238281,-5.07181167602539,0.95195072889328,0.586294233798981,0.665252327919006,-1.43127691745758,-5.29494857788086,7.66781377792358,0.148216962814331,0.0591405481100082,0.18201157450676,0.0616956762969494,-6.03701162338257,6.83044910430908,-1.88220405578613,0.0287546887993813,-0.318518459796906,-1.19830322265625,-10.8391790390015,-1.61139416694641,0.330583304166794,0.215638697147369,0.0397193171083927,81.307628278,-71.5800427195,-1.958230333,-1.04328515440977,0.408418677167248,0.977643712801414
-18.310546875,-10.3759765625,-394.744873046875,-17.1661376953125,4.99725341796875,-430.526733398438,1.81988453865051,-9.64255332946777,-5.05194711685181,0.952413022518158,0.586788535118103,0.664406538009644,-1.42387640476227,-5.29007863998413,7.66323518753052,0.147937431931496,0.0579116456210613,0.181029826402664,0.0669336766004562,-6.03660917282104,6.8206033706665,-1.88582003116608,0.0315000601112843,-0.316031694412231,-1.18193590641022,-10.8246660232544,-1.62723028659821,0.329218059778214,0.216752976179123,0.0408693887293339,81.245781046,-71.288588304,-1.935407856,-1.0419415998638,0.406359901908952,1.06296443402002
-18.157958984375,-10.4522705078125,-394.134521484375,-16.937255859375,5.18798828125,-430.145263671875,1.8136168718338,-9.63329696655273,-5.03208303451538,0.952875375747681,0.587282836437225,0.663560748100281,-1.41647589206696,-5.28520917892456,7.65865707397461,0.147657915949821,0.0566827431321144,0.180048063397408,0.0721716806292534,-6.03620672225952,6.81075811386108,-1.88943588733673,0.0342454351484776,-0.313544929027557,-1.16556859016418,-10.8101530075073,-1.64306652545929,0.327852815389633,0.217867255210876,0.042019460350275,81.183933814,-70.9971338885,-1.912585379,-1.04059804531782,0.404301126650656,1.14828515523865
-18.157958984375,-10.5667114257813,-393.6767578125,-17.1279907226563,5.340576171875,-430.145263671875,1.80734920501709,-9.62404155731201,-5.0122184753418,0.953337669372559,0.587777137756348,0.662714898586273,-1.40907526016235,-5.28033924102783,7.65407848358154,0.147378385066986,0.0554538406431675,0.179066315293312,0.0774096846580505,-6.03580379486084,6.80091285705566,-1.89305186271667,0.0369908064603806,-0.311058193445206,-1.14920127391815,-10.7956390380859,-1.65890264511108,0.32648754119873,0.21898153424263,0.0431695319712162,81.122086582,-70.705679473,-1.889762902,-1.03925449077185,0.402242351392361,1.23360587645726
-18.157958984375,-10.68115234375,-393.218994140625,-17.3187255859375,5.4931640625,-430.145263671875,1.80108153820038,-9.61478519439697,-4.99235391616821,0.953800022602081,0.58827143907547,0.66186910867691,-1.40167474746704,-5.27546977996826,7.64950037002563,0.147098869085312,0.0542249381542206,0.178084552288055,0.0826476886868477,-6.03540134429932,6.79106760025024,-1.89666771888733,0.0397361814975739,-0.308571428060532,-1.13283407688141,-10.7811260223389,-1.67473876476288,0.32512229681015,0.220095813274384,0.0443196035921574,81.06023935,-70.4142250575,-1.866940425,-1.03791093622588,0.400183576134066,1.31892659767586
-18.2342529296875,-10.8718872070313,-392.684936523438,-17.1661376953125,5.53131103515625,-429.916381835938,1.79481387138367,-9.60552883148193,-4.97248983383179,0.954262316226959,0.588765680789948,0.661023259162903,-1.39427423477173,-5.27059984207153,7.64492177963257,0.146819338202477,0.0529960356652737,0.17710280418396,0.0878856927156448,-6.03499841690063,6.78122234344482,-1.90028369426727,0.0424815528094769,-0.306084662675858,-1.11646676063538,-10.7666130065918,-1.69057500362396,0.32375705242157,0.221210092306137,0.0454696752130985,80.998392118,-70.122770642,-1.844117948,-1.03656738167991,0.39812480087577,1.40424731889447
-18.310546875,-11.0626220703125,-392.15087890625,-17.0135498046875,5.5694580078125,-429.6875,1.78854620456696,-9.59627246856689,-4.9526252746582,0.954724669456482,0.58925998210907,0.66017746925354,-1.38687372207642,-5.26573038101196,7.64034366607666,0.146539822220802,0.0517671331763268,0.176121041178703,0.093123696744442,-6.03459596633911,6.7713770866394,-1.90389955043793,0.0452269278466702,-0.303597897291183,-1.10009944438934,-10.7520999908447,-1.70641112327576,0.32239180803299,0.222324356436729,0.04661975055933,80.936544886,-69.8313162265,-1.821295471,-1.03522382713394,0.396066025617475,1.48956804011308
-18.310546875,-11.0626220703125,-391.387939453125,-17.2805786132813,5.68389892578125,-429.763793945313,1.78227841854095,-9.58701610565186,-4.93276071548462,0.95518696308136,0.589754283428192,0.659331679344177,-1.3794732093811,-5.26086044311523,7.63576507568359,0.146260291337967,0.0505382306873798,0.175139293074608,0.0983616933226585,-6.03419351577759,6.76153135299683,-1.90751552581787,0.0479722991585732,-0.301111131906509,-1.08373212814331,-10.7375860214233,-1.72224724292755,0.321026563644409,0.223438635468483,0.0477698221802711,80.874697654,-69.539861811,-1.798472994,-1.03388027258797,0.394007250359179,1.57488876133171
-18.310546875,-11.0626220703125,-390.625,-17.547607421875,5.79833984375,-429.840087890625,1.77601075172424,-9.57775974273682,-4.91289663314819,0.955649316310883,0.590248584747314,0.65848582983017,-1.37207269668579,-5.25599098205566,7.63118696212769,0.145980775356293,0.0493093281984329,0.174157530069351,0.103599697351456,-6.03379058837891,6.75168609619141,-1.91113138198853,0.0507176741957664,-0.298624366521835,-1.06736493110657,-10.7230730056763,-1.73808348178864,0.319661319255829,0.224552914500237,0.0489198938012123,80.812850422,-69.2484073955,-1.775650517,-1.032536718042,0.391948475100884,1.66020948255031
-18.0435180664063,-11.2152099609375,-390.396118164063,-17.5094604492188,5.76019287109375,-429.229736328125,1.76974308490753,-9.56850337982178,-4.89303207397461,0.95611160993576,0.590742886066437,0.657640039920807,-1.36467218399048,-5.25112104415894,7.62660837173462,0.145701244473457,0.048080425709486,0.173175781965256,0.108837701380253,-6.03338813781738,6.74184083938599,-1.91474735736847,0.0534630455076694,-0.296137601137161,-1.05099761486053,-10.7085599899292,-1.75391960144043,0.318296074867249,0.22566719353199,0.0500699654221535,80.75100319,-68.95695298,-1.75282804,-1.03119316349603,0.389889699842588,1.74553020376892
-17.7764892578125,-11.3677978515625,-390.167236328125,-17.4713134765625,5.7220458984375,-428.619384765625,1.76561522483826,-9.55962085723877,-4.886474609375,0.957394599914551,0.589169323444366,0.656554281711578,-1.34672498703003,-5.24818754196167,7.62893199920654,0.145264059305191,0.0477689057588577,0.172778189182281,0.117045365273952,-6.02982425689697,6.75148630142212,-1.91750609874725,0.0592900775372982,-0.29446804523468,-1.02436125278473,-10.6938409805298,-1.77104091644287,0.316450595855713,0.22894649207592,0.0509119778871536,80.750821918,-68.957107088,-1.7526931635,-1.03001034171319,0.388261794485216,1.83856305800484
-17.8146362304688,-11.4059448242188,-390.0146484375,-17.5094604492188,5.68389892578125,-428.543090820313,1.76148748397827,-9.55073738098145,-4.87991666793823,0.958677589893341,0.587595760822296,0.655468583106995,-1.32877779006958,-5.2452540397644,7.63125514984131,0.144826859235764,0.0474573820829391,0.172380611300468,0.125253036618233,-6.0262598991394,6.76113128662109,-1.92026484012604,0.0651171058416367,-0.292798489332199,-0.997724831104279,-10.6791219711304,-1.7881623506546,0.314605087041855,0.23222579061985,0.0517539866268635,80.750640646,-68.957261196,-1.752558287,-1.02882751993034,0.386633889127844,1.93159591224076
-17.852783203125,-11.444091796875,-389.862060546875,-17.547607421875,5.645751953125,-428.466796875,1.757359623909,-9.54185485839844,-4.87335920333862,0.959960639476776,0.586022198200226,0.654382824897766,-1.31083059310913,-5.24232053756714,7.63357877731323,0.144389674067497,0.0471458621323109,0.171983018517494,0.133460700511932,-6.02269601821899,6.77077674865723,-1.92302358150482,0.0709441378712654,-0.291128933429718,-0.971088409423828,-10.664402961731,-1.80528366565704,0.312759608030319,0.23550508916378,0.0525959990918636,80.750459374,-68.957415304,-1.7524234105,-1.0276446981475,0.385005983770472,2.02462876647671
-17.6239013671875,-11.6348266601563,-389.251708984375,-17.5094604492188,5.5694580078125,-428.16162109375,1.75323176383972,-9.53297233581543,-4.86680173873901,0.961243629455566,0.584448635578156,0.653297066688538,-1.29288339614868,-5.23938703536987,7.63590240478516,0.143952488899231,0.0468343421816826,0.17158542573452,0.141668364405632,-6.01913213729858,6.7804217338562,-1.92578232288361,0.0767711699008942,-0.289459377527237,-0.944451987743378,-10.6496839523315,-1.82240498065948,0.310914129018784,0.238784372806549,0.0534380115568638,80.750278102,-68.957569412,-1.752288534,-1.02646187636466,0.383378078413099,2.11766162071263
-17.39501953125,-11.8255615234375,-388.641357421875,-17.4713134765625,5.4931640625,-427.8564453125,1.74910402297974,-9.52408885955811,-4.86024379730225,0.962526619434357,0.582875072956085,0.652211368083954,-1.27493619918823,-5.23645353317261,7.63822555541992,0.143515288829803,0.046522818505764,0.171187832951546,0.149876043200493,-6.01556777954102,6.79006719589233,-1.92854106426239,0.0825982019305229,-0.287789851427078,-0.917815566062927,-10.6349649429321,-1.83952629566193,0.309068620204926,0.242063671350479,0.0542800240218639,80.75009683,-68.95772352,-1.7521536575,-1.02527905458181,0.381750173055727,2.21069447494855
-17.5094604492188,-11.8255615234375,-388.18359375,-17.4331665039063,5.76019287109375,-427.474975585938,1.74497616291046,-9.5152063369751,-4.85368633270264,0.963809609413147,0.581301510334015,0.651125609874725,-1.25698900222778,-5.23352003097534,7.64054918289185,0.143078103661537,0.0462112985551357,0.170790255069733,0.158083707094193,-6.01200389862061,6.79971218109131,-1.93129980564117,0.0884252339601517,-0.286120295524597,-0.891179203987122,-10.6202459335327,-1.85664772987366,0.30722314119339,0.245342969894409,0.0551220327615738,80.749915558,-68.957877628,-1.752018781,-1.02409623279897,0.380122267698355,2.30372732918447
-17.6239013671875,-11.8255615234375,-387.725830078125,-17.39501953125,6.0272216796875,-427.093505859375,1.74084830284119,-9.50632286071777,-4.84712839126587,0.965092599391937,0.5797278881073,0.650039911270142,-1.23904180526733,-5.23058605194092,7.64287281036377,0.142640918493271,0.0458997786045074,0.170392662286758,0.166291370987892,-6.00843954086304,6.80935764312744,-1.93405842781067,0.0942522659897804,-0.284450739622116,-0.864542782306671,-10.605525970459,-1.8737690448761,0.305377632379532,0.248622268438339,0.0559640452265739,80.749734286,-68.958031736,-1.7518839045,-1.02291341101613,0.378494362340983,2.39676018342039
-17.7001953125,-11.9781494140625,-387.039184570313,-17.4331665039063,6.103515625,-427.093505859375,1.7367205619812,-9.49744033813477,-4.84057092666626,0.966375589370728,0.578154325485229,0.648954153060913,-1.22109460830688,-5.22765254974365,7.64519596099854,0.142203718423843,0.0455882549285889,0.169995069503784,0.174499034881592,-6.00487565994263,6.81900262832642,-1.93681716918945,0.100079298019409,-0.282781183719635,-0.837906360626221,-10.5908069610596,-1.89089035987854,0.303532153367996,0.251901566982269,0.0568060576915741,80.749553014,-68.958185844,-1.751749028,-1.02173058923328,0.37686645698361,2.48979303765634
-17.7764892578125,-12.1307373046875,-386.3525390625,-17.4713134765625,6.1798095703125,-427.093505859375,1.73259270191193,-9.48855781555176,-4.83401346206665,0.967658638954163,0.576580762863159,0.647868394851685,-1.20314741134644,-5.22471904754639,7.64751958847046,0.141766533255577,0.0452767349779606,0.169597491621971,0.182706713676453,-6.00131177902222,6.82864809036255,-1.93957591056824,0.105906330049038,-0.281111627817154,-0.81126993894577,-10.5760879516602,-1.90801179409027,0.301686674356461,0.255180865526199,0.057648066431284,80.749371742,-68.958339952,-1.7516141515,-1.02054776745044,0.375238551626238,2.58282589189226
-17.6239013671875,-12.1688842773438,-385.894775390625,-17.6620483398438,5.98907470703125,-426.254272460938,1.72846484184265,-9.47967433929443,-4.82745552062988,0.968941628932953,0.575007200241089,0.646782696247101,-1.18520021438599,-5.22178554534912,7.64984321594238,0.141329348087311,0.0449652150273323,0.169199898838997,0.190914377570152,-5.99774742126465,6.83829355239868,-1.94233465194702,0.111733362078667,-0.279442071914673,-0.784633576869965,-10.5613689422607,-1.92513310909271,0.299841165542603,0.258460164070129,0.0584900788962841,80.74919047,-68.95849406,-1.751479275,-1.0193649456676,0.373610646268866,2.67585874612818
-17.4713134765625,-12.20703125,-385.43701171875,-17.852783203125,5.79833984375,-425.4150390625,1.72433710098267,-9.47079181671143,-4.82089805603027,0.970224618911743,0.573433637619019,0.645696938037872,-1.16725301742554,-5.21885204315186,7.65216636657715,0.140892148017883,0.0446536913514137,0.168802306056023,0.199122041463852,-5.99418354034424,6.84793853759766,-1.94509339332581,0.117560394108295,-0.277772516012192,-0.757997155189514,-10.5466499328613,-1.94225442409515,0.297995686531067,0.261739462614059,0.0593320913612843,80.749009198,-68.958648168,-1.7513443985,-1.01818212388475,0.371982740911494,2.7688916003641
-17.39501953125,-12.3977661132813,-385.1318359375,-17.8146362304688,6.06536865234375,-425.4150390625,1.72020924091339,-9.46190929412842,-4.81434059143066,0.971507608890533,0.571860074996948,0.644611179828644,-1.14930582046509,-5.21591854095459,7.65448999404907,0.140454962849617,0.0443421714007854,0.16840472817421,0.207329705357552,-5.99061965942383,6.85758399963379,-1.94785213470459,0.123387426137924,-0.276102960109711,-0.731360733509064,-10.5319309234619,-1.95937585830688,0.296150207519531,0.26501876115799,0.0601741001009941,80.748827926,-68.958802276,-1.751209522,-1.01699930210191,0.370354835554122,2.86192445460002
-17.3187255859375,-12.5885009765625,-384.82666015625,-17.7764892578125,6.3323974609375,-425.4150390625,1.71608138084412,-9.45302581787109,-4.8077826499939,0.972790598869324,0.570286512374878,0.64352548122406,-1.13135862350464,-5.21298503875732,7.656813621521,0.140017777681351,0.0440306514501572,0.168007135391235,0.215537369251251,-5.98705530166626,6.86722898483276,-1.95061087608337,0.129214450716972,-0.27443340420723,-0.704724311828613,-10.5172119140625,-1.97649717330933,0.294304698705673,0.26829805970192,0.0610161125659943,80.748646654,-68.958956384,-1.7510746455,-1.01581648031906,0.368726930196749,2.95495730883597
-17.0135498046875,-12.4740600585938,-384.21630859375,-17.9290771484375,6.37054443359375,-425.567626953125,1.70924472808838,-9.44231224060059,-4.80563306808472,0.974333345890045,0.568313658237457,0.642217516899109,-1.11767888069153,-5.21278429031372,7.65969228744507,0.139806404709816,0.0442315191030502,0.167933821678162,0.222099214792252,-5.98077487945557,6.87595224380493,-1.95183217525482,0.135673582553864,-0.273071974515915,-0.67937159538269,-10.5082817077637,-1.98101592063904,0.293219149112701,0.272030293941498,0.061161033809185,80.748465382,-68.959110492,-1.750939769,-1.01463365853622,0.367099024839377,3.04799016307189
-16.7083740234375,-12.359619140625,-383.60595703125,-18.0816650390625,6.40869140625,-425.72021484375,1.6996990442276,-9.42976856231689,-4.80789136886597,0.976135730743408,0.565941572189331,0.64068740606308,-1.10826659202576,-5.21531677246094,7.66312599182129,0.139820873737335,0.0449447818100452,0.168184772133827,0.22701521217823,-5.97177743911743,6.88375377655029,-1.95151615142822,0.142764791846275,-0.272018611431122,-0.655302464962006,-10.5051412582397,-1.97293221950531,0.292893528938293,0.276215493679047,0.0606088675558567,80.74828411,-68.9592646,-1.7508048925,-1.01345083675338,0.365471119482005,3.14102301730781
-16.7465209960938,-12.3977661132813,-383.30078125,-17.9672241210938,6.52313232421875,-424.957275390625,1.69015336036682,-9.41722393035889,-4.81014966964722,0.977938175201416,0.56356942653656,0.639157295227051,-1.09885442256927,-5.21784925460815,7.66655969619751,0.139835342764854,0.0456580445170403,0.168435722589493,0.23193122446537,-5.9627799987793,6.89155530929565,-1.95120012760162,0.149856016039848,-0.270965278148651,-0.631233334541321,-10.5019998550415,-1.96484839916229,0.292567908763885,0.280400693416595,0.0600567013025284,80.748102838,-68.959418708,-1.750670016,-1.01226801497053,0.363843214124633,3.23405587154373
-16.78466796875,-12.4359130859375,-382.99560546875,-17.852783203125,6.6375732421875,-424.1943359375,1.68060779571533,-9.4046802520752,-4.81240797042847,0.979740560054779,0.561197340488434,0.637627184391022,-1.0894421339035,-5.22038173675537,7.66999340057373,0.139849796891212,0.0463713072240353,0.168686673045158,0.236847221851349,-5.95378255844116,6.89935684204102,-1.95088410377502,0.15694722533226,-0.269911915063858,-0.607164204120636,-10.4988594055176,-1.95676469802856,0.292242258787155,0.284585863351822,0.0595045350492001,80.747921566,-68.959572816,-1.7505351395,-1.01108519318769,0.362215308767261,3.32708872577965
-16.7083740234375,-12.5885009765625,-382.537841796875,-17.9672241210938,6.6375732421875,-423.965454101563,1.67106211185455,-9.39213562011719,-4.81466627120972,0.981542944908142,0.558825194835663,0.636097073554993,-1.08002996444702,-5.22291421890259,7.67342758178711,0.139864265918732,0.04708456620574,0.168937623500824,0.241763234138489,-5.94478511810303,6.90715837478638,-1.95056807994843,0.164038449525833,-0.268858551979065,-0.583095073699951,-10.4957180023193,-1.94868099689484,0.291916638612747,0.288771063089371,0.0589523687958717,80.747740294,-68.959726924,-1.750400263,-1.00990237140485,0.360587403409888,3.4201215800156
-16.632080078125,-12.7410888671875,-382.080078125,-18.0816650390625,6.6375732421875,-423.736572265625,1.66151642799377,-9.37959098815918,-4.81692457199097,0.98334538936615,0.556453049182892,0.634566903114319,-1.07061767578125,-5.2254467010498,7.67686128616333,0.139878734946251,0.047797828912735,0.16918857395649,0.246679246425629,-5.93578815460205,6.91495990753174,-1.95025193691254,0.171129673719406,-0.267805218696594,-0.559025943279266,-10.4925775527954,-1.94059717655182,0.291591018438339,0.29295626282692,0.0584001988172531,80.747559022,-68.959881032,-1.7502653865,-1.008719549622,0.358959498052516,3.51315443425152
-16.8228149414063,-12.6266479492188,-381.851196289063,-18.157958984375,6.6375732421875,-423.583984375,1.65197086334229,-9.36704730987549,-4.81918287277222,0.985147774219513,0.554080963134766,0.63303679227829,-1.06120538711548,-5.22797918319702,7.68029499053955,0.139893189072609,0.04851109161973,0.169439524412155,0.251595258712769,-5.92679071426392,6.9227614402771,-1.94993591308594,0.178220883011818,-0.266751855611801,-0.534956812858582,-10.4894361495972,-1.93251347541809,0.291265398263931,0.297141462564468,0.0578480325639248,80.74737775,-68.96003514,-1.75013051,-1.00753672783916,0.357331592695144,3.60618728848744
-17.0135498046875,-12.51220703125,-381.622314453125,-18.2342529296875,6.6375732421875,-423.431396484375,1.64242517948151,-9.35450267791748,-4.82144069671631,0.986950218677521,0.551708817481995,0.631506681442261,-1.05179309844971,-5.23051166534424,7.68372869491577,0.139907658100128,0.049224354326725,0.169690474867821,0.256511241197586,-5.91779327392578,6.93056297302246,-1.94961988925934,0.185312107205391,-0.26569852232933,-0.510887682437897,-10.4862957000732,-1.92442965507507,0.290939778089523,0.301326662302017,0.0572958663105965,80.6763250595,-68.914829362,-1.7425579345,-1.0068242345747,0.356029478786765,3.67300653373298
-17.0135498046875,-12.5885009765625,-381.240844726563,-18.3486938476563,6.67572021484375,-422.9736328125,1.63287949562073,-9.34195899963379,-4.82369899749756,0.988752603530884,0.549336731433868,0.629976570606232,-1.04238092899323,-5.23304414749146,7.68716287612915,0.139922127127647,0.0499376133084297,0.169941425323486,0.261427253484726,-5.90879583358765,6.93836450576782,-1.94930386543274,0.192403316497803,-0.264645159244537,-0.486818581819534,-10.483154296875,-1.91634595394135,0.290614157915115,0.305511862039566,0.0567437000572681,80.605272369,-68.869623584,-1.734985359,-1.00611174131025,0.354727364878387,3.73982577897852
-17.0135498046875,-12.664794921875,-380.859375,-18.463134765625,6.7138671875,-422.515869140625,1.62333393096924,-9.32941436767578,-4.82595729827881,0.990554988384247,0.546964585781097,0.628446459770203,-1.03296864032745,-5.23557615280151,7.69059658050537,0.139936581254005,0.0506508760154247,0.170192390680313,0.266343265771866,-5.89979839324951,6.94616556167603,-1.94898784160614,0.199494540691376,-0.263591796159744,-0.462749451398849,-10.4800138473511,-1.90826225280762,0.290288537740707,0.309697061777115,0.0561915338039398,80.5342196785,-68.824417806,-1.7274127835,-1.0053992480458,0.353425250970008,3.80664502422408
-16.9754028320313,-12.7029418945313,-380.630493164063,-18.5012817382813,6.7138671875,-422.36328125,1.61378824710846,-9.31687068939209,-4.82821559906006,0.992357432842255,0.544592499732971,0.626916348934174,-1.02355647087097,-5.23810863494873,7.69403028488159,0.139951050281525,0.0513641387224197,0.170443341135979,0.271259278059006,-5.89080095291138,6.95396709442139,-1.94867181777954,0.206585749983788,-0.262538462877274,-0.438680320978165,-10.4768724441528,-1.9001784324646,0.289962887763977,0.313882231712341,0.0556393675506115,80.463166988,-68.779212028,-1.719840208,-1.00468675478134,0.352123137061629,3.87346426946961
-16.937255859375,-12.7410888671875,-380.401611328125,-18.5394287109375,6.7138671875,-422.210693359375,1.60424256324768,-9.30432605743408,-4.83047389984131,0.994159817695618,0.5422203540802,0.6253861784935,-1.0141441822052,-5.24064111709595,7.69746398925781,0.139965519309044,0.0520774014294147,0.170694291591644,0.276175260543823,-5.8818039894104,6.96176862716675,-1.94835567474365,0.213676974177361,-0.26148509979248,-0.414611220359802,-10.4737319946289,-1.89209473133087,0.289637267589569,0.31806743144989,0.0550871975719929,80.3921142975,-68.73400625,-1.7122676325,-1.00397426151689,0.350821023153251,3.94028351471515
-16.8609619140625,-12.8936767578125,-379.94384765625,-18.3486938476563,6.7138671875,-421.7529296875,1.59469699859619,-9.29178237915039,-4.83273220062256,0.995962262153625,0.539848268032074,0.623856067657471,-1.00473189353943,-5.24317359924316,7.70089817047119,0.139979973435402,0.0527906604111195,0.17094524204731,0.281091272830963,-5.87280654907227,6.96957015991211,-1.94803965091705,0.220768183469772,-0.26043176651001,-0.390542089939117,-10.4705905914307,-1.88401091098785,0.289311647415161,0.322252631187439,0.0545350313186646,80.321061607,-68.688800472,-1.704695057,-1.00326176825243,0.349518909244872,4.00710275996069
-16.78466796875,-13.0462646484375,-379.486083984375,-18.157958984375,6.7138671875,-421.295166015625,1.58515131473541,-9.27923774719238,-4.83499050140381,0.997764647006989,0.537476122379303,0.622325956821442,-0.995319664478302,-5.24570608139038,7.70433187484741,0.139994442462921,0.0535039231181145,0.171196192502975,0.286007285118103,-5.86380910873413,6.97737169265747,-1.94772362709045,0.227859407663345,-0.259378403425217,-0.366472959518433,-10.4674501419067,-1.87592720985413,0.288986027240753,0.326437830924988,0.0539828650653362,80.2500089165,-68.643594694,-1.6971224815,-1.00254927498798,0.348216795336494,4.07392200520623
-16.8609619140625,-13.2369995117188,-379.104614257813,-18.310546875,6.90460205078125,-421.295166015625,1.57826805114746,-9.270339012146,-4.84813261032104,1.00020492076874,0.535519778728485,0.620792329311371,-1.00080406665802,-5.25097846984863,7.70368623733521,0.139420941472054,0.0545717589557171,0.172016859054565,0.278588265180588,-5.8513298034668,6.95955038070679,-1.94942271709442,0.233527705073357,-0.258249640464783,-0.35364180803299,-10.4669017791748,-1.86122357845306,0.292799472808838,0.327648222446442,0.0522448010742664,80.178956226,-68.598388916,-1.689549906,-1.00183678172352,0.346914681428115,4.14074125045178
-16.937255859375,-13.427734375,-378.72314453125,-18.463134765625,7.0953369140625,-421.295166015625,1.57138466835022,-9.26144123077393,-4.86127471923828,1.00264525413513,0.533563435077667,0.619258761405945,-1.00628852844238,-5.25625085830688,7.70304012298584,0.138847455382347,0.0556395910680294,0.172837525606155,0.271169245243073,-5.83885049819946,6.94172954559326,-1.95112192630768,0.239196017384529,-0.257120877504349,-0.340810686349869,-10.4663534164429,-1.846519947052,0.296612948179245,0.328858613967896,0.0505067370831966,80.1079035355,-68.553183138,-1.6819773305,-1.00112428845907,0.345612567519736,4.20756049569732
-16.8228149414063,-13.3514404296875,-378.341674804688,-18.3868408203125,7.13348388671875,-420.608520507813,1.56450140476227,-9.25254249572754,-4.87441682815552,1.00508558750153,0.531607151031494,0.617725133895874,-1.01177299022675,-5.26152324676514,7.70239448547363,0.138273954391479,0.056707426905632,0.173658192157745,0.263750225305557,-5.82637119293213,6.92390823364258,-1.95282101631165,0.24486431479454,-0.255992114543915,-0.327979534864426,-10.4658050537109,-1.83181643486023,0.30042639374733,0.330069005489349,0.0487686730921268,80.036850845,-68.50797736,-1.674404755,-1.00041179519461,0.344310453611358,4.27437974094286
-16.7083740234375,-13.275146484375,-377.960205078125,-18.310546875,7.171630859375,-419.921875,1.55761802196503,-9.24364376068115,-4.88755893707275,1.00752592086792,0.529650807380676,0.616191565990448,-1.01725745201111,-5.26679563522339,7.70174837112427,0.137700468301773,0.0577752627432346,0.174478858709335,0.256331205368042,-5.81389188766479,6.90608692169189,-1.95452010631561,0.250532627105713,-0.254863351583481,-0.315148413181305,-10.465256690979,-1.81711280345917,0.304239839315414,0.331279426813126,0.0470306091010571,79.9657981545,-68.462771582,-1.6668321795,-0.999699301930159,0.343008339702979,4.34119898618839
-16.8228149414063,-13.1988525390625,-377.578735351563,-18.3868408203125,7.2479248046875,-419.692993164063,1.55073475837708,-9.23474502563477,-4.90070152282715,1.00996625423431,0.527694463729858,0.614657938480377,-1.02274191379547,-5.27206802368164,7.70110273361206,0.137126967310905,0.0588430985808372,0.175299525260925,0.248912200331688,-5.8014121055603,6.88826608657837,-1.95621931552887,0.256200909614563,-0.253734588623047,-0.302317261695862,-10.4647083282471,-1.80240917205811,0.308053284883499,0.332489818334579,0.0452925488352776,79.894745464,-68.417565804,-1.659259604,-0.998986808665705,0.3417062257946,4.40801823143393
-16.937255859375,-13.12255859375,-377.197265625,-18.463134765625,7.32421875,-419.464111328125,1.54385137557983,-9.2258472442627,-4.91384363174438,1.01240658760071,0.525738120079041,0.613124370574951,-1.02822637557983,-5.27734041213989,7.7004566192627,0.136553466320038,0.0599109306931496,0.176120191812515,0.241493180394173,-5.78893280029297,6.87044477462769,-1.95791840553284,0.261869221925735,-0.252605825662613,-0.289486140012741,-10.4641599655151,-1.78770554065704,0.311866760253906,0.333700209856033,0.0435544848442078,79.8236927735,-68.372360026,-1.6516870285,-0.99827431540125,0.340404111886221,4.47483747667949
-16.8991088867188,-13.1988525390625,-376.815795898438,-18.5394287109375,7.32421875,-418.777465820313,1.53696811199188,-9.21694850921631,-4.92698574066162,1.0148469209671,0.523781836032867,0.61159074306488,-1.03371071815491,-5.28261280059814,7.69981098175049,0.135979980230331,0.0609787665307522,0.176940843462944,0.234074175357819,-5.77645349502563,6.85262393951416,-1.9596174955368,0.267537534236908,-0.251477062702179,-0.276654988527298,-10.4636116027832,-1.77300190925598,0.315680205821991,0.334910601377487,0.041816420853138,79.752640083,-68.327154248,-1.644114453,-0.997561822136796,0.339101997977843,4.54165672192503
-16.8609619140625,-13.275146484375,-376.434326171875,-18.61572265625,7.32421875,-418.0908203125,1.53008472919464,-9.20804977416992,-4.94012784957886,1.0172872543335,0.52182549238205,0.610057175159454,-1.03919517993927,-5.2878851890564,7.69916486740112,0.135406479239464,0.0620466023683548,0.177761510014534,0.226655155420303,-5.7639741897583,6.83480262756348,-1.96131670475006,0.273205816745758,-0.250348299741745,-0.263823866844177,-10.4630632400513,-1.75829827785492,0.319493651390076,0.336120992898941,0.0400783568620682,79.6815873925,-68.28194847,-1.6365418775,-0.996849328872341,0.337799884069464,4.60847596717056
-16.8228149414063,-13.3132934570313,-376.052856445313,-18.6538696289063,7.2479248046875,-417.938232421875,1.52320146560669,-9.19915103912354,-4.95326995849609,1.01972758769989,0.519869148731232,0.608523547649384,-1.04467964172363,-5.29315757751465,7.69851922988892,0.134832993149757,0.0631144344806671,0.178582176566124,0.219236135482788,-5.75149488449097,6.81698131561279,-1.96301579475403,0.278874129056931,-0.24921952188015,-0.250992715358734,-10.4625148773193,-1.74359476566315,0.323307126760483,0.337331384420395,0.0383402928709984,79.610534702,-68.236742692,-1.628969302,-0.996136835607887,0.336497770161086,4.6752952124161
-16.78466796875,-13.3514404296875,-375.67138671875,-18.6920166015625,7.171630859375,-417.78564453125,1.51631808280945,-9.19025325775146,-4.96641206741333,1.02216792106628,0.517912805080414,0.606989920139313,-1.050164103508,-5.2984299659729,7.69787359237671,0.13425949215889,0.06418227404356,0.179402843117714,0.211817115545273,-5.73901557922363,6.79916048049927,-1.964714884758,0.284542441368103,-0.248090758919716,-0.238161578774452,-10.4619665145874,-1.72889113426208,0.327120572328568,0.338541775941849,0.0366022288799286,79.5394820115,-68.191536914,-1.6213967265,-0.995424342343432,0.335195656252707,4.74211445766164
-16.632080078125,-13.3132934570313,-375.442504882813,-18.7301635742188,7.51495361328125,-417.633056640625,1.5094348192215,-9.18135452270508,-4.97955417633057,1.02460825443268,0.515956461429596,0.605456352233887,-1.05564856529236,-5.30370235443115,7.69722747802734,0.133685991168022,0.0652501061558723,0.180223509669304,0.204398095607758,-5.7265362739563,6.78133916854858,-1.96641409397125,0.290210723876953,-0.246961995959282,-0.22533044219017,-10.4614181518555,-1.71418750286102,0.330934017896652,0.339752197265625,0.0348641648888588,79.468429321,-68.146331136,-1.613824151,-0.994711849078977,0.333893542344328,4.80893370290719
-16.4794921875,-13.275146484375,-375.213623046875,-18.768310546875,7.8582763671875,-417.48046875,1.50255143642426,-9.17245578765869,-4.9926962852478,1.02704858779907,0.514000177383423,0.603922724723816,-1.06113302707672,-5.3089747428894,7.69658184051514,0.133112505078316,0.0663179382681847,0.181044176220894,0.196979090571404,-5.71405696868896,6.7635178565979,-1.96811318397522,0.295879036188126,-0.245833232998848,-0.212499305605888,-10.4608697891235,-1.69948387145996,0.334747493267059,0.340962588787079,0.033126100897789,79.3973766305,-68.101125358,-1.6062515755,-0.993999355814523,0.33259142843595,4.87575294815273
-16.7083740234375,-13.427734375,-374.755859375,-18.8064575195313,7.89642333984375,-417.098999023438,1.4956681728363,-9.1635570526123,-5.00583839416504,1.02948892116547,0.512043833732605,0.60238915681839,-1.06661748886108,-5.31424713134766,7.69593572616577,0.132539004087448,0.0673857778310776,0.181864842772484,0.189560070633888,-5.70157766342163,6.74569702148438,-1.96981227397919,0.301547348499298,-0.244704470038414,-0.199668169021606,-10.4603214263916,-1.6847802400589,0.338560938835144,0.342172980308533,0.0313880369067192,79.32632394,-68.05591958,-1.598679,-0.993286862550068,0.331289314527571,4.94257219339827
-16.937255859375,-13.580322265625,-374.298095703125,-18.8446044921875,7.9345703125,-416.717529296875,1.48911488056183,-9.15648078918457,-5.01216602325439,1.03191828727722,0.510798871517181,0.60069066286087,-1.06995534896851,-5.3178014755249,7.69390392303467,0.132193222641945,0.0683801099658012,0.182534903287888,0.172031909227371,-5.6939845085144,6.72204208374023,-1.97277617454529,0.305429190397263,-0.243183299899101,-0.187738686800003,-10.457088470459,-1.67481780052185,0.34327694773674,0.342539817094803,0.0291985347867012,79.2737525795,-67.8689120525,-1.6544628065,-0.992776717549158,0.330150572185334,4.96015184182818
-16.937255859375,-13.580322265625,-373.84033203125,-18.9590454101563,8.1634521484375,-416.336059570313,1.48289155960083,-9.15122509002686,-5.01167869567871,1.03433692455292,0.510265290737152,0.598827362060547,-1.07114660739899,-5.31963872909546,7.69048547744751,0.132075130939484,0.0693009421229362,0.183054372668266,0.144394606351852,-5.6912784576416,6.69255352020264,-1.97700464725494,0.307524621486664,-0.24126972258091,-0.176710888743401,-10.4511709213257,-1.66959631443024,0.348895490169525,0.342063069343567,0.0265575926750898,79.221181219,-67.681904525,-1.71024661299999,-0.992266572548246,0.329011829843096,4.9777314902581
-16.937255859375,-13.580322265625,-373.382568359375,-19.073486328125,8.392333984375,-415.95458984375,1.47666823863983,-9.14597034454346,-5.01119089126587,1.03675544261932,0.509731650352478,0.596964001655579,-1.07233786582947,-5.32147550582886,7.68706703186035,0.131957039237022,0.0702217668294907,0.183573827147484,0.116757303476334,-5.6885724067688,6.66306495666504,-1.98123323917389,0.309620052576065,-0.239356145262718,-0.165683075785637,-10.4452524185181,-1.66437494754791,0.354514062404633,0.341586321592331,0.0239166487008333,79.1686098585,-67.4948969975,-1.76603041950001,-0.991756427547335,0.327873087500859,4.99531113868802
-16.9754028320313,-13.6566162109375,-372.848510742188,-19.073486328125,8.544921875,-415.6494140625,1.47044503688812,-9.14071464538574,-5.01070356369019,1.03917407989502,0.509198069572449,0.595100700855255,-1.07352912425995,-5.32331275939941,7.68364906311035,0.131838947534561,0.0711425989866257,0.184093281626701,0.0891200006008148,-5.685866355896,6.6335768699646,-1.98546171188354,0.311715483665466,-0.237442567944527,-0.154655277729034,-10.4393348693848,-1.6591534614563,0.36013263463974,0.341109573841095,0.021275706589222,79.116038498,-67.30788947,-1.821814226,-0.991246282546424,0.326734345158621,5.01289078711793
-17.0135498046875,-13.73291015625,-372.314453125,-19.073486328125,8.697509765625,-415.34423828125,1.46422171592712,-9.13545894622803,-5.0102162361145,1.04159271717072,0.508664488792419,0.593237400054932,-1.07472038269043,-5.32515001296997,7.68023061752319,0.1317208558321,0.0720634311437607,0.18461275100708,0.061482697725296,-5.68316030502319,6.604088306427,-1.9896901845932,0.313810914754868,-0.235528990626335,-0.143627464771271,-10.4334163665771,-1.65393209457397,0.365751177072525,0.340632826089859,0.0186347644776106,79.0634671375,-67.1208819425,-1.8775980325,-0.990736137545513,0.325595602816384,5.03047043554785
-17.0135498046875,-13.7710571289063,-372.390747070313,-19.073486328125,8.81195068359375,-414.73388671875,1.45799839496613,-9.13020420074463,-5.00972843170166,1.04401123523712,0.50813090801239,0.591374039649963,-1.07591164112091,-5.32698678970337,7.67681217193604,0.131602764129639,0.0729842558503151,0.185132205486298,0.0338453948497772,-5.68045425415039,6.5745997428894,-1.99391877651215,0.315906345844269,-0.233615413308144,-0.132599666714668,-10.4274988174438,-1.64871072769165,0.371369749307632,0.340156078338623,0.0159938205033541,79.010895777,-66.933874415,-1.933381839,-0.990225992544602,0.324456860474147,5.04805008397776
-17.0135498046875,-13.8092041015625,-372.467041015625,-19.073486328125,8.9263916015625,-414.12353515625,1.45177519321442,-9.12494850158691,-5.00924110412598,1.04642987251282,0.507597327232361,0.58951073884964,-1.07710289955139,-5.32882404327393,7.67339420318604,0.131484672427177,0.0739050880074501,0.185651659965515,0.00620809197425842,-5.67774820327759,6.54511117935181,-1.9981472492218,0.31800177693367,-0.231701835989952,-0.121571853756905,-10.4215803146362,-1.64348924160004,0.37698832154274,0.339679330587387,0.0133528783917427,78.9583244165,-66.7468668875,-1.98916564549999,-0.989715847543691,0.323318118131909,5.06562973240768
-17.1279907226563,-13.885498046875,-371.856689453125,-19.1497802734375,8.96453857421875,-413.894653320313,1.44555187225342,-9.11969375610352,-5.00875377655029,1.04884839057922,0.507063686847687,0.587647378444672,-1.07829415798187,-5.33066082000732,7.66997575759888,0.131366580724716,0.0748259201645851,0.186171129345894,-0.0214292109012604,-5.67504215240479,6.51562261581421,-2.00237584114075,0.320097208023071,-0.229788273572922,-0.110544048249722,-10.4156627655029,-1.63826787471771,0.382606863975525,0.339202582836151,0.0107119353488088,78.905753056,-66.55985936,-2.04494945200001,-0.98920570254278,0.322179375789672,5.0832093808376
-17.242431640625,-13.9617919921875,-371.246337890625,-19.22607421875,9.002685546875,-413.665771484375,1.43932855129242,-9.1144380569458,-5.00826597213745,1.05126702785492,0.506530106067657,0.585784077644348,-1.07948541641235,-5.33249807357788,7.66655731201172,0.131248489022255,0.0757467448711395,0.186690583825111,-0.0490665137767792,-5.67233610153198,6.48613405227661,-2.00660419464111,0.322192639112473,-0.22787469625473,-0.0995162427425385,-10.4097442626953,-1.6330463886261,0.388225436210632,0.338725835084915,0.00807099230587482,78.8531816955,-66.3728518325,-2.1007332585,-0.988695557541869,0.321040633447434,5.10078902926751
-17.1279907226563,-13.9617919921875,-370.4833984375,-19.22607421875,9.2315673828125,-413.2080078125,1.43310534954071,-9.10918235778809,-5.00777864456177,1.05368566513062,0.505996525287628,0.583920776844025,-1.08067667484283,-5.33433532714844,7.66313934326172,0.131130412220955,0.0766675770282745,0.18721005320549,-0.076703816652298,-5.66962957382202,6.45664548873901,-2.01083278656006,0.324288070201874,-0.225961118936539,-0.0884884372353554,-10.403826713562,-1.62782502174377,0.393843978643417,0.338249117136002,0.00543004972860217,78.800610335,-66.185844305,-2.156517065,-0.988185412540958,0.319901891105197,5.11836867769743
-17.0135498046875,-13.9617919921875,-369.720458984375,-19.22607421875,9.46044921875,-412.750244140625,1.42688202857971,-9.10392761230469,-5.00729131698608,1.05610418319702,0.505462944507599,0.582057416439056,-1.08186793327332,-5.33617210388184,7.65972089767456,0.131012320518494,0.0775884091854095,0.187729507684708,-0.104341119527817,-5.66692352294922,6.42715740203857,-2.015061378479,0.326383501291275,-0.224047541618347,-0.0774606317281723,-10.3979082107544,-1.62260353565216,0.399462550878525,0.337772369384766,0.00278910668566823,78.7480389745,-65.9988367775,-2.2123008715,-0.987675267540047,0.31876314876296,5.13594832612734
-17.0135498046875,-14.0762329101563,-369.720458984375,-19.3023681640625,9.57489013671875,-412.063598632813,1.42065870761871,-9.09867191314697,-5.0068039894104,1.05852282047272,0.504929304122925,0.580194115638733,-1.0830591917038,-5.33800935745239,7.6563024520874,0.130894228816032,0.0785092413425446,0.188248962163925,-0.131978422403336,-5.66421747207642,6.39766883850098,-2.01928997039795,0.328478932380676,-0.222133964300156,-0.0664328262209892,-10.3919906616211,-1.61738216876984,0.405081123113632,0.33729562163353,0.000148163759149611,78.695467614,-65.81182925,-2.26808467799999,-0.987165122539136,0.317624406420722,5.15352797455726
-17.0135498046875,-14.190673828125,-369.720458984375,-19.378662109375,9.6893310546875,-411.376953125,1.414435505867,-9.09341716766357,-5.00631618499756,1.06094133853912,0.504395723342896,0.578330755233765,-1.08425045013428,-5.33984613418579,7.6528844833374,0.130776137113571,0.079430066049099,0.188768431544304,-0.159615725278854,-5.66151142120361,6.36818027496338,-2.02351832389832,0.330574363470078,-0.220220386981964,-0.0554050207138062,-10.3860721588135,-1.61216068267822,0.410699665546417,0.336818873882294,-0.00249277916736901,78.6428962535,-65.6248217225,-2.32386848450001,-0.986654977538225,0.316485664078485,5.17110762298718
-17.0135498046875,-14.2288208007813,-369.186401367188,-19.4168090820313,9.765625,-411.453247070313,1.40821218490601,-9.08816146850586,-5.00582885742188,1.06335997581482,0.503862142562866,0.576467454433441,-1.08544170856476,-5.34168338775635,7.64946603775024,0.13065804541111,0.080350898206234,0.189287886023521,-0.187253028154373,-5.65880537033081,6.33869171142578,-2.02774691581726,0.332669794559479,-0.218306809663773,-0.0443772152066231,-10.3801546096802,-1.6069393157959,0.416318237781525,0.336342126131058,-0.00513372197747231,78.590324893,-65.437814195,-2.379652291,-0.986144832537314,0.315346921736247,5.18868727141709
-17.0135498046875,-14.2669677734375,-368.65234375,-19.4549560546875,9.8419189453125,-411.529541015625,1.40100502967834,-9.08190536499023,-4.98899412155151,1.0652984380722,0.50437468290329,0.575166821479797,-1.08492588996887,-5.33965110778809,7.64090394973755,0.131346166133881,0.0808524861931801,0.189377397298813,-0.231125861406326,-5.6657395362854,6.31112241744995,-2.03131914138794,0.331232339143753,-0.215203434228897,-0.047830656170845,-10.3757209777832,-1.59376466274261,0.421237945556641,0.336546570062637,-0.00864194147288799,78.5377535325,-65.2508066675,-2.4354360975,-0.985634687536403,0.31420817939401,5.20626691984701
-17.0516967773438,-14.3814086914063,-368.0419921875,-19.53125,10.1089477539063,-411.300659179688,1.39379799365997,-9.07564926147461,-4.97215938568115,1.06723690032959,0.504887282848358,0.573866248130798,-1.08441007137299,-5.33761930465698,7.6323413848877,0.132034301757813,0.0813540741801262,0.189466923475266,-0.274998694658279,-5.67267370223999,6.28355264663696,-2.0348916053772,0.329794853925705,-0.212100073695183,-0.051284097135067,-10.3712882995605,-1.58058989048004,0.426157653331757,0.336751013994217,-0.0121501618996263,78.485182172,-65.06379914,-2.491219904,-0.985124542535492,0.313069437051773,5.22384656827692
-17.08984375,-14.495849609375,-367.431640625,-19.6075439453125,10.3759765625,-411.07177734375,1.38659083843231,-9.06939315795898,-4.95532464981079,1.06917548179626,0.505399823188782,0.572565615177155,-1.0838942527771,-5.33558702468872,7.623779296875,0.132722422480583,0.0818556621670723,0.189556434750557,-0.318871527910233,-5.67960786819458,6.25598335266113,-2.03846383094788,0.328357398509979,-0.208996698260307,-0.0547375343739986,-10.3668546676636,-1.56741523742676,0.431077390909195,0.336955457925797,-0.0156583823263645,78.4326108115,-64.8767916125,-2.54700371049999,-0.984614397534581,0.311930694709535,5.24142621670684
-17.0135498046875,-14.6484375,-366.897583007813,-19.683837890625,10.528564453125,-410.537719726563,1.37938368320465,-9.06313705444336,-4.93848991394043,1.07111394405365,0.505912363529205,0.571265041828156,-1.08337843418121,-5.33355522155762,7.6152172088623,0.133410558104515,0.0823572501540184,0.18964596092701,-0.362744361162186,-5.68654251098633,6.22841358184814,-2.04203629493713,0.326919913291931,-0.205893337726593,-0.0581909753382206,-10.3624219894409,-1.55424058437347,0.435997098684311,0.337159901857376,-0.0191666018217802,78.380039451,-64.689784085,-2.60278751700001,-0.98410425253367,0.310791952367298,5.25900586513676
-16.937255859375,-14.801025390625,-366.363525390625,-19.7601318359375,10.68115234375,-410.003662109375,1.37217664718628,-9.05688095092773,-4.92165517807007,1.07305240631104,0.506424903869629,0.569964408874512,-1.08286261558533,-5.33152294158936,7.60665464401245,0.134098678827286,0.0828588381409645,0.189735472202301,-0.406617194414139,-5.69347667694092,6.20084428787231,-2.04560852050781,0.325482457876205,-0.202789962291718,-0.0616444163024426,-10.3579883575439,-1.5410658121109,0.440916806459427,0.337364345788956,-0.0226748213171959,78.3274680905,-64.5027765575,-2.6585713235,-0.983594107532759,0.30965321002506,5.27658551356667
-17.1661376953125,-14.801025390625,-366.2109375,-19.7982788085938,10.7955932617188,-409.622192382813,1.36496949195862,-9.05062484741211,-4.90482044219971,1.07499086856842,0.506937503814697,0.568663775920868,-1.08234679698944,-5.32949113845825,7.59809255599976,0.134786814451218,0.0833604261279106,0.189824998378754,-0.450490027666092,-5.70041084289551,6.17327499389648,-2.04918098449707,0.324044972658157,-0.199686601758003,-0.0650978535413742,-10.3535556793213,-1.52789115905762,0.445836514234543,0.337568789720535,-0.0261830408126116,78.27489673,-64.31576903,-2.71435513,-0.983083962531848,0.308514467682823,5.29416516199659
-17.39501953125,-14.801025390625,-366.058349609375,-19.83642578125,10.9100341796875,-409.24072265625,1.35776245594025,-9.0443696975708,-4.88798570632935,1.07692933082581,0.507450044155121,0.567363202571869,-1.08183097839355,-5.32745885848999,7.5895299911499,0.135474935173988,0.0838620141148567,0.189914509654045,-0.494362831115723,-5.7073450088501,6.1457052230835,-2.05275321006775,0.322607517242432,-0.196583226323128,-0.0685512945055962,-10.3491220474243,-1.51471650600433,0.450756251811981,0.337773263454437,-0.0296912603080273,78.2399739355,-64.279561561,-2.711000576,-0.982859402044858,0.307741994647407,5.26521211381877
-17.39501953125,-14.8773193359375,-365.829467773438,-20.0271606445313,11.1007690429688,-408.859252929688,1.35055530071259,-9.03811359405518,-4.87115097045898,1.07886779308319,0.507962584495544,0.566062569618225,-1.08131515979767,-5.32542705535889,7.58096790313721,0.13616307079792,0.0843636021018028,0.190004035830498,-0.538235664367676,-5.71427917480469,6.11813592910767,-2.05632567405701,0.321170032024384,-0.193479865789413,-0.0720047354698181,-10.3446893692017,-1.50154173374176,0.455675959587097,0.337977707386017,-0.0331994816660881,78.205051141,-64.243354092,-2.707646022,-0.982634841557867,0.306969521611991,5.23625906564096
-17.39501953125,-14.95361328125,-365.6005859375,-20.2178955078125,11.29150390625,-408.477783203125,1.34334814548492,-9.03185749053955,-4.85431623458862,1.08080637454987,0.508475124835968,0.564761996269226,-1.08079934120178,-5.32339477539063,7.57240581512451,0.136851191520691,0.0848651900887489,0.190093547105789,-0.582108497619629,-5.72121334075928,6.09056615829468,-2.05989789962769,0.319732576608658,-0.190376490354538,-0.0754581764340401,-10.3402557373047,-1.48836708068848,0.460595667362213,0.338182151317596,-0.0367076992988586,78.1701283465,-64.207146623,-2.704291468,-0.982410281070877,0.306197048576575,5.20730601746313
-17.2805786132813,-14.9154663085938,-364.990234375,-20.1416015625,11.4059448242188,-408.3251953125,1.33614110946655,-9.02560138702393,-4.83748149871826,1.08274483680725,0.508987724781036,0.563461363315582,-1.0802835226059,-5.32136249542236,7.56384325027466,0.137539327144623,0.085366778075695,0.190183073282242,-0.625981330871582,-5.72814750671387,6.06299686431885,-2.06347036361694,0.31829509139061,-0.187273114919662,-0.078911617398262,-10.335823059082,-1.47519242763519,0.465515375137329,0.338386595249176,-0.0402159206569195,78.135205552,-64.170939154,-2.700936914,-0.982185720583887,0.305424575541158,5.17835296928531
-17.1661376953125,-14.8773193359375,-364.3798828125,-20.0653076171875,11.5203857421875,-408.172607421875,1.32893395423889,-9.0193452835083,-4.8206467628479,1.08468329906464,0.50950026512146,0.562160730361938,-1.07976770401001,-5.31933069229126,7.55528116226196,0.138227447867393,0.0858683660626411,0.190272584557533,-0.669854164123535,-5.73508214950562,6.03542757034302,-2.06704258918762,0.316857635974884,-0.184169754385948,-0.082365058362484,-10.3313894271851,-1.46201765537262,0.470435082912445,0.338591039180756,-0.0437241420149803,78.1002827575,-64.134731685,-2.69758236,-0.981961160096896,0.304652102505742,5.1493999211075
-17.3187255859375,-14.8773193359375,-364.151000976563,-20.0653076171875,11.8255615234375,-407.791137695313,1.32172679901123,-9.01308917999268,-4.80381202697754,1.08662176132202,0.510012805461884,0.560860157012939,-1.07925188541412,-5.317298412323,7.54671907424927,0.138915583491325,0.0863699540495872,0.190362110733986,-0.713726997375488,-5.74201631546021,6.00785779953003,-2.07061505317688,0.315420150756836,-0.181066378951073,-0.0858184993267059,-10.3269567489624,-1.44884300231934,0.475354820489883,0.338795483112335,-0.0472323596477509,78.065359963,-64.098524216,-2.694227806,-0.981736599609906,0.303879629470326,5.12044687292968
-17.4713134765625,-14.8773193359375,-363.922119140625,-20.0653076171875,12.1307373046875,-407.40966796875,1.31451976299286,-9.00683307647705,-4.78697729110718,1.08856022357941,0.510525345802307,0.559559524059296,-1.07873606681824,-5.31526660919189,7.53815650939941,0.139603704214096,0.0868715420365334,0.190451622009277,-0.757599830627441,-5.74895048141479,5.9802885055542,-2.07418727874756,0.31398269534111,-0.177963018417358,-0.0892719402909279,-10.3225231170654,-1.43566834926605,0.480274528264999,0.338999927043915,-0.0507405810058117,78.0304371685,-64.062316747,-2.690873252,-0.981512039122916,0.30310715643491,5.09149382475186
-17.4331665039063,-14.8391723632813,-363.235473632813,-20.2178955078125,12.2833251953125,-407.1044921875,1.30664360523224,-8.99951267242432,-4.77064418792725,1.09031414985657,0.511258244514465,0.558296501636505,-1.07939743995667,-5.31488752365112,7.53096580505371,0.140320405364037,0.0873498767614365,0.190587773919106,-0.795310080051422,-5.75465822219849,5.95100975036621,-2.07758951187134,0.3136225938797,-0.174929738044739,-0.100794278085232,-10.3203153610229,-1.42763960361481,0.485394984483719,0.338698893785477,-0.0541339479386806,77.995514374,-64.026109278,-2.687518698,-0.981287478635925,0.302334683399494,5.06254077657404
-17.39501953125,-14.801025390625,-362.548828125,-20.3704833984375,12.4359130859375,-406.79931640625,1.29809856414795,-8.99112892150879,-4.7548131942749,1.0918835401535,0.512211441993713,0.557071030139923,-1.08123588562012,-5.316162109375,7.525146484375,0.141065686941147,0.087804950773716,0.19077056646347,-0.826857805252075,-5.75913906097412,5.92002153396606,-2.08082151412964,0.314339905977249,-0.171966537833214,-0.120385512709618,-10.3203325271606,-1.4247567653656,0.490716159343719,0.337892383337021,-0.057412464171648,77.9605915795,-63.989901809,-2.684164144,-0.981062918148935,0.301562210364078,5.03358772839622
-17.4331665039063,-14.9154663085938,-362.396240234375,-20.44677734375,12.664794921875,-406.18896484375,1.28955352306366,-8.98274517059326,-4.73898220062256,1.09345293045044,0.513164579868317,0.555845558643341,-1.08307433128357,-5.31743669509888,7.51932764053345,0.141810953617096,0.0882600322365761,0.190953344106674,-0.858405530452728,-5.76361989974976,5.88903379440308,-2.08405351638794,0.315057218074799,-0.169003337621689,-0.139976754784584,-10.320348739624,-1.42187392711639,0.49603733420372,0.337085872888565,-0.0606909804046154,77.925668785,-63.95369434,-2.68080959,-0.980838357661944,0.300789737328662,5.0046346802184
-17.4713134765625,-15.0299072265625,-362.24365234375,-20.5230712890625,12.8936767578125,-405.57861328125,1.28100848197937,-8.97436141967773,-4.72315073013306,1.09502232074738,0.514117777347565,0.554620087146759,-1.08491277694702,-5.31871128082275,7.51350831985474,0.142556235194206,0.0887151062488556,0.191136136651039,-0.889953255653381,-5.76810121536255,5.85804557800293,-2.08728551864624,0.315774500370026,-0.166040152311325,-0.15956799685955,-10.3203659057617,-1.41899108886719,0.501358509063721,0.336279362440109,-0.0639694929122925,77.8907459905,-63.917486871,-2.677455036,-0.980613797174954,0.300017264293246,4.97568163204059
-17.5857543945313,-15.2206420898438,-362.167358398438,-20.6375122070313,12.969970703125,-405.044555664063,1.27246344089508,-8.96597766876221,-4.70731973648071,1.09659171104431,0.515070974826813,0.553394615650177,-1.08675122261047,-5.31998586654663,7.50768899917603,0.143301501870155,0.0891701877117157,0.191318914294243,-0.921500980854034,-5.77258205413818,5.82705736160278,-2.09051752090454,0.316491812467575,-0.1630769520998,-0.179159224033356,-10.3203830718994,-1.41610825061798,0.506679713726044,0.335472851991653,-0.0672480091452599,77.855823196,-63.881279402,-2.674100482,-0.980389236687963,0.29924479125783,4.94672858386277
-17.7001953125,-15.411376953125,-362.091064453125,-20.751953125,13.0462646484375,-404.510498046875,1.26391839981079,-8.95759296417236,-4.69148874282837,1.09816110134125,0.516024172306061,0.552169144153595,-1.08858966827393,-5.32126045227051,7.50186967849731,0.144046783447266,0.0896252691745758,0.191501691937447,-0.953048706054688,-5.77706289291382,5.79606962203979,-2.09374952316284,0.317209124565125,-0.160113751888275,-0.198750466108322,-10.3204002380371,-1.41322541236877,0.512000858783722,0.334666341543198,-0.0705265253782272,77.8209004015,-63.845071933,-2.670745928,-0.980164676200973,0.298472318222413,4.91777553568495
-17.5094604492188,-15.411376953125,-361.557006835938,-20.904541015625,13.1988525390625,-404.434204101563,1.2553733587265,-8.94920921325684,-4.67565774917603,1.09973049163818,0.516977369785309,0.550943672657013,-1.09042811393738,-5.32253503799438,7.4960503578186,0.144792050123215,0.0900803431868553,0.191684484481812,-0.984596431255341,-5.78154420852661,5.76508140563965,-2.09698152542114,0.317926406860352,-0.157150566577911,-0.218341708183289,-10.3204174041748,-1.41034257411957,0.517322063446045,0.333859831094742,-0.0738050416111946,77.785977607,-63.808864464,-2.667391374,-0.979940115713983,0.297699845186997,4.88882248750713
-17.3187255859375,-15.411376953125,-361.02294921875,-21.05712890625,13.3514404296875,-404.35791015625,1.24682831764221,-8.94082546234131,-4.65982675552368,1.10129988193512,0.517930507659912,0.549718141555786,-1.09226644039154,-5.32380962371826,7.49023151397705,0.145537331700325,0.0905354246497154,0.191867262125015,-1.01614415645599,-5.78602504730225,5.73409366607666,-2.10021376609802,0.318643718957901,-0.154187366366386,-0.237932950258255,-10.3204336166382,-1.40745973587036,0.522643208503723,0.333053350448608,-0.077083557844162,77.7510548125,-63.772656995,-2.66403682,-0.979715555226992,0.296927372151581,4.85986943932931
-17.6239013671875,-15.411376953125,-360.946655273438,-21.05712890625,13.3514404296875,-403.900146484375,1.23828327655792,-8.93244171142578,-4.64399576187134,1.10286927223206,0.51888370513916,0.548492670059204,-1.09410488605499,-5.32508420944214,7.48441219329834,0.146282598376274,0.0909904986619949,0.19205005466938,-1.04769194126129,-5.79050588607788,5.70310544967651,-2.10344576835632,0.31936103105545,-0.151224166154861,-0.257524192333221,-10.3204507827759,-1.40457689762115,0.527964413166046,0.332246840000153,-0.0803620740771294,77.716132018,-63.736449526,-2.660682266,-0.979490994740002,0.296154899116165,4.8309163911515
-17.9290771484375,-15.411376953125,-360.870361328125,-21.05712890625,13.3514404296875,-403.4423828125,1.22973811626434,-8.92405796051025,-4.62816476821899,1.1044385433197,0.519836902618408,0.547267198562622,-1.09594333171844,-5.32635879516602,7.47859287261963,0.147027879953384,0.091445580124855,0.192232832312584,-1.0792396068573,-5.79498720169067,5.67211723327637,-2.10667777061462,0.320078313350677,-0.148260980844498,-0.277115434408188,-10.3204679489136,-1.40169417858124,0.533285617828369,0.331440329551697,-0.0836405903100967,77.6812092235,-63.700242057,-2.657327712,-0.979266434253012,0.295382426080749,4.80196334297368
-17.8909301757813,-15.5258178710938,-360.336303710938,-21.2860107421875,13.5421752929688,-403.13720703125,1.22119307518005,-8.91567420959473,-4.61233329772949,1.10600793361664,0.520790100097656,0.54604172706604,-1.0977817773819,-5.32763338088989,7.47277355194092,0.147773146629333,0.0919006541371346,0.192415624856949,-1.1107873916626,-5.79946804046631,5.64112949371338,-2.10990977287292,0.320795625448227,-0.145297780632973,-0.296706646680832,-10.3204851150513,-1.39881134033203,0.538606762886047,0.330633819103241,-0.0869191065430641,77.646286429,-63.664034588,-2.653973158,-0.979041873766021,0.294609953045333,4.77301029479585
-17.852783203125,-15.6402587890625,-359.80224609375,-21.514892578125,13.73291015625,-402.83203125,1.21264803409576,-8.90728950500488,-4.59650230407715,1.10757732391357,0.52174323797226,0.544816255569458,-1.09962022304535,-5.32890796661377,7.46695470809937,0.148518428206444,0.0923557355999947,0.192598402500153,-1.14233505725861,-5.80394887924194,5.61014127731323,-2.11314177513123,0.321512937545776,-0.142334580421448,-0.316297888755798,-10.3205013275146,-1.39592850208282,0.54392796754837,0.329827308654785,-0.0901976227760315,77.6113636345,-63.627827119,-2.650618604,-0.978817313279031,0.293837480009917,4.74405724661804
-17.852783203125,-15.6784057617188,-359.725952148438,-21.5530395507813,13.885498046875,-402.52685546875,1.20410299301147,-8.89890575408936,-4.5806713104248,1.10914671421051,0.522696435451508,0.543590784072876,-1.1014586687088,-5.33018255233765,7.46113538742065,0.149263694882393,0.0928108096122742,0.192781195044518,-1.1738828420639,-5.80843019485474,5.57915353775024,-2.11637377738953,0.322230219841003,-0.139371395111084,-0.335889130830765,-10.3205184936523,-1.39304566383362,0.549249112606049,0.329020798206329,-0.0934761390089989,77.57644084,-63.59161965,-2.64726405,-0.97859275279204,0.2930650069745,4.71510419844022
-17.852783203125,-15.716552734375,-359.649658203125,-21.5911865234375,14.0380859375,-402.2216796875,1.19555795192719,-8.89052200317383,-4.56484031677246,1.11071610450745,0.523649632930756,0.542365312576294,-1.10329711437225,-5.33145713806152,7.45531606674194,0.150008976459503,0.0932658910751343,0.192963972687721,-1.20543050765991,-5.81291103363037,5.5481653213501,-2.11960577964783,0.322947531938553,-0.136408194899559,-0.355480372905731,-10.32053565979,-1.39016282558441,0.554570317268372,0.328214287757874,-0.0967546552419662,77.575942384,-63.591498016,-2.6470918745,-0.979196944354836,0.292558021571667,4.66240371279395
-17.8909301757813,-15.7546997070313,-359.725952148438,-21.5530395507813,14.0762329101563,-401.611328125,1.20231652259827,-8.87726879119873,-4.55852174758911,1.11197018623352,0.522846579551697,0.541408658027649,-1.10879552364349,-5.33339166641235,7.46249294281006,0.150657534599304,0.0938607379794121,0.193017676472664,-1.21785795688629,-5.82186031341553,5.53206253051758,-2.12228941917419,0.324402302503586,-0.135885521769524,-0.379632145166397,-10.315842628479,-1.38574409484863,0.558382511138916,0.325447708368301,-0.0985065698623657,77.575443928,-63.591376382,-2.646919699,-0.979801135917632,0.292051036168834,4.60970322714769
-17.9290771484375,-15.7928466796875,-359.80224609375,-21.514892578125,14.1143798828125,-401.0009765625,1.20907509326935,-8.86401462554932,-4.55220365524292,1.11322426795959,0.522043585777283,0.540452003479004,-1.11429393291473,-5.33532619476318,7.46967029571533,0.151306092739105,0.0944555774331093,0.193071395158768,-1.23028540611267,-5.83080959320068,5.5159592628479,-2.12497329711914,0.325857073068619,-0.135362848639488,-0.403783917427063,-10.311149597168,-1.38132536411285,0.562194764614105,0.322681099176407,-0.100258484482765,77.574945472,-63.591254748,-2.6467475235,-0.980405327480428,0.291544050766,4.55700274150141
-17.9672241210938,-15.869140625,-359.19189453125,-21.66748046875,14.1525268554688,-400.924682617188,1.21583378314972,-8.85076141357422,-4.54588508605957,1.11447834968567,0.521240532398224,0.539495348930359,-1.11979234218597,-5.33726119995117,7.47684717178345,0.151954635977745,0.0950504243373871,0.19312509894371,-1.24271285533905,-5.83975887298584,5.49985647201538,-2.12765693664551,0.327311843633652,-0.134840175509453,-0.427935689687729,-10.3064565658569,-1.37690675258636,0.56600695848465,0.319914519786835,-0.102010399103165,77.574447016,-63.591133114,-2.646575348,-0.981009519043224,0.291037065363167,4.50430225585514
-18.00537109375,-15.9454345703125,-358.58154296875,-21.820068359375,14.190673828125,-400.848388671875,1.2225923538208,-8.8375072479248,-4.53956699371338,1.11573243141174,0.52043753862381,0.538538694381714,-1.12529075145721,-5.339195728302,7.48402404785156,0.152603194117546,0.0956452637910843,0.193178817629814,-1.25514030456543,-5.84870767593384,5.4837532043457,-2.13034057617188,0.328766614198685,-0.134317502379417,-0.452087461948395,-10.3017635345459,-1.37248802185059,0.569819152355194,0.31714791059494,-0.103762306272984,77.57394856,-63.59101148,-2.6464031725,-0.98161371060602,0.290530079960333,4.45160177020888
-17.8909301757813,-15.9835815429688,-358.734130859375,-22.0870971679688,14.4577026367188,-400.619506835938,1.22935092449188,-8.82425403594971,-4.53324842453003,1.11698651313782,0.519634485244751,0.537582039833069,-1.13078916072845,-5.34113025665283,7.49120092391968,0.153251752257347,0.0962401106953621,0.193232521414757,-1.26756775379181,-5.85765695571899,5.46765041351318,-2.13302445411682,0.330221384763718,-0.133794829249382,-0.476239234209061,-10.2970714569092,-1.36806929111481,0.573631346225739,0.314381331205368,-0.105514220893383,77.573450104,-63.590889846,-2.646230997,-0.982217902168816,0.2900230945575,4.39890128456261
-17.7764892578125,-16.021728515625,-358.88671875,-22.3541259765625,14.7247314453125,-400.390625,1.23610949516296,-8.81100082397461,-4.52693033218384,1.11824059486389,0.518831431865692,0.536625385284424,-1.13628756999969,-5.34306478500366,7.49837827682495,0.153900310397148,0.0968349575996399,0.193286240100861,-1.27999520301819,-5.86660623550415,5.45154714584351,-2.13570809364319,0.331676155328751,-0.133272156119347,-0.500391006469727,-10.2923784255981,-1.36365056037903,0.577443599700928,0.311614722013474,-0.107266135513783,77.572951648,-63.590768212,-2.6460588215,-0.982822093731611,0.289516109154667,4.34620079891634
-17.7764892578125,-16.1361694335938,-358.657836914063,-22.3159790039063,14.495849609375,-400.238037109375,1.24286806583405,-8.7977466583252,-4.52061176300049,1.11949479579926,0.518028438091278,0.535668671131134,-1.14178597927094,-5.34499931335449,7.50555515289307,0.154548853635788,0.0974297970533371,0.193339943885803,-1.29242265224457,-5.87555551528931,5.43544435501099,-2.13839197158813,0.333130955696106,-0.132749497890472,-0.52454274892807,-10.2876853942871,-1.35923182964325,0.581255793571472,0.308848142623901,-0.109018050134182,77.572453192,-63.590646578,-2.645886646,-0.983426285294407,0.289009123751833,4.29350031327006
-17.7764892578125,-16.2506103515625,-358.428955078125,-22.27783203125,14.2669677734375,-400.08544921875,1.24962663650513,-8.7844934463501,-4.5142936706543,1.12074887752533,0.517225384712219,0.534712016582489,-1.14728438854218,-5.34693384170532,7.51273202896118,0.155197411775589,0.0980246439576149,0.193393662571907,-1.30485010147095,-5.88450479507446,5.41934108734131,-2.1410756111145,0.334585726261139,-0.132226824760437,-0.548694550991058,-10.2829923629761,-1.35481309890747,0.585067987442017,0.306081533432007,-0.110769964754581,77.571954736,-63.590524944,-2.6457144705,-0.984030476857203,0.288502138349,4.2407998276238
-18.0435180664063,-16.326904296875,-358.2763671875,-22.3541259765625,14.6102905273438,-399.7802734375,1.2563853263855,-8.77123928070068,-4.50797510147095,1.1220029592514,0.516422390937805,0.533755362033844,-1.15278279781342,-5.34886884689331,7.5199089050293,0.15584596991539,0.0986194834113121,0.19344736635685,-1.31727755069733,-5.89345407485962,5.40323829650879,-2.14375925064087,0.336040496826172,-0.131704151630402,-0.572846293449402,-10.278299331665,-1.35039448738098,0.588880240917206,0.303314954042435,-0.112521879374981,77.57145628,-63.59040331,-2.645542295,-0.984634668419999,0.287995152946166,4.18809934197753
-18.310546875,-16.4031982421875,-358.123779296875,-22.430419921875,14.95361328125,-399.47509765625,1.26314389705658,-8.75798606872559,-4.50165700912476,1.12325704097748,0.515619337558746,0.532798707485199,-1.15828120708466,-5.35080337524414,7.52708625793457,0.156494528055191,0.0992143303155899,0.193501070141792,-1.32970499992371,-5.90240335464478,5.38713550567627,-2.14644312858582,0.337495267391205,-0.131181478500366,-0.59699809551239,-10.273606300354,-1.3459757566452,0.59269243478775,0.30054834485054,-0.11427379399538,77.570957824,-63.590281676,-2.6453701195,-0.985238859982795,0.287488167543333,4.13539885633127
-18.1961059570313,-16.326904296875,-358.2763671875,-22.6211547851563,15.0299072265625,-399.093627929688,1.26990246772766,-8.74473285675049,-4.49533843994141,1.12451112270355,0.514816284179688,0.531842052936554,-1.1637796163559,-5.35273790359497,7.53426313400269,0.157143086194992,0.0998091772198677,0.193554788827896,-1.34213244915009,-5.91135215759277,5.37103223800659,-2.14912676811218,0.338950037956238,-0.130658805370331,-0.621149837970734,-10.268913269043,-1.34155702590942,0.596504628658295,0.297781765460968,-0.116025701165199,77.570459368,-63.590160042,-2.645197944,-0.985843051545591,0.2869811821405,4.082698370685
-18.0816650390625,-16.2506103515625,-358.428955078125,-22.8118896484375,15.106201171875,-398.712158203125,1.27666103839874,-8.73147869110107,-4.48902034759521,1.12576520442963,0.514013290405273,0.530885398387909,-1.16927802562714,-5.3546724319458,7.5414400100708,0.157791629433632,0.100404016673565,0.193608492612839,-1.35455989837646,-5.92030143737793,5.35492944717407,-2.15181040763855,0.340404808521271,-0.130136132240295,-0.645301640033722,-10.2642202377319,-1.33713829517365,0.600316882133484,0.295015156269073,-0.117777615785599,77.569960912,-63.590038408,-2.6450257685,-0.986447243108387,0.286474196737666,4.02999788503872
-18.1961059570313,-16.3650512695313,-358.352661132813,-22.7737426757813,15.106201171875,-398.5595703125,1.28341960906982,-8.71822547912598,-4.48270177841187,1.1270192861557,0.513210237026215,0.529928743839264,-1.17477643489838,-5.35660696029663,7.54861688613892,0.158440187573433,0.100998863577843,0.193662211298943,-1.36698734760284,-5.92925071716309,5.33882617950439,-2.1544942855835,0.341859579086304,-0.12961345911026,-0.669453382492065,-10.2595272064209,-1.33271956443787,0.604129076004028,0.292248576879501,-0.119529530405998,77.569462456,-63.589916774,-2.644853593,-0.987051434671183,0.285967211334833,3.97729739939245
-18.310546875,-16.4794921875,-358.2763671875,-22.735595703125,15.106201171875,-398.406982421875,1.29439282417297,-8.70747947692871,-4.47800302505493,1.12796342372894,0.512108206748962,0.529077768325806,-1.17893600463867,-5.35750150680542,7.55601835250854,0.158897012472153,0.101550675928593,0.193871840834618,-1.37385332584381,-5.94233512878418,5.33099365234375,-2.15603113174438,0.340950787067413,-0.129583269357681,-0.691847085952759,-10.2516584396362,-1.3302366733551,0.60668534040451,0.289432048797607,-0.120618596673012,77.568964,-63.58979514,-2.6446814175,-0.987655626233979,0.285460225931999,3.92459691374619
-18.463134765625,-16.4413452148438,-358.200073242188,-22.735595703125,15.0299072265625,-398.025512695313,1.30958068370819,-8.69924259185791,-4.47492408752441,1.12859749794006,0.510707199573517,0.528332531452179,-1.18175661563873,-5.35735607147217,7.56364345550537,0.15916208922863,0.102059461176395,0.194237396121025,-1.37515783309937,-5.95955514907837,5.33143138885498,-2.15642142295837,0.3376784324646,-0.130045548081398,-0.712482690811157,-10.2406139373779,-1.32968962192535,0.607985615730286,0.286565601825714,-0.121044814586639,77.568465544,-63.589673506,-2.644509242,-0.988259817796775,0.284953240529166,3.87189642809992
-18.61572265625,-16.4031982421875,-358.123779296875,-22.735595703125,14.95361328125,-397.64404296875,1.32476854324341,-8.69100570678711,-4.47184467315674,1.12923157215118,0.509306192398071,0.527587234973907,-1.18457734584808,-5.35721063613892,7.5712685585022,0.159427165985107,0.102568246424198,0.194602951407433,-1.37646234035492,-5.9767746925354,5.33186864852905,-2.15681147575378,0.334406077861786,-0.130507841706276,-0.733118295669556,-10.2295694351196,-1.32914257049561,0.609285891056061,0.283699125051498,-0.121471025049686,77.567967088,-63.589551872,-2.6443370665,-0.988864009359571,0.284446255126333,3.81919594245366
-18.2723999023438,-16.5939331054688,-358.047485351563,-22.9263305664063,15.0680541992188,-397.491455078125,1.33995640277863,-8.68276786804199,-4.46876573562622,1.1298656463623,0.507905125617981,0.526841938495636,-1.18739795684814,-5.35706520080566,7.57889366149902,0.159692257642746,0.103077031672001,0.19496850669384,-1.37776684761047,-5.99399471282959,5.33230638504028,-2.15720176696777,0.331133723258972,-0.130970120429993,-0.753753840923309,-10.2185249328613,-1.32859551906586,0.610586166381836,0.280832678079605,-0.121897242963314,77.567468632,-63.589430238,-2.644164891,-0.989468200922366,0.283939269723499,3.76649545680738
-17.9290771484375,-16.78466796875,-357.97119140625,-23.1170654296875,15.1824951171875,-397.3388671875,1.35514414310455,-8.67453098297119,-4.4656867980957,1.13049983978271,0.506504118442535,0.526096701622009,-1.1902186870575,-5.35691976547241,7.58651876449585,0.159957334399223,0.103585816919804,0.195334061980247,-1.37907147407532,-6.01121425628662,5.33274412155151,-2.15759181976318,0.327861368656158,-0.131432414054871,-0.774389445781708,-10.207480430603,-1.32804846763611,0.611886501312256,0.277966231107712,-0.122323460876942,77.566970176,-63.589308604,-2.6439927155,-0.990072392485162,0.283432284320666,3.71379497116111
-18.1198120117188,-16.8228149414063,-357.894897460938,-23.0789184570313,15.2206420898438,-397.262573242188,1.37033200263977,-8.66629409790039,-4.46260738372803,1.13113391399384,0.50510311126709,0.525351405143738,-1.19303929805756,-5.35677433013916,7.59414434432983,0.160222411155701,0.104094602167606,0.195699617266655,-1.38037598133087,-6.02843379974365,5.33318185806274,-2.15798187255859,0.324589014053345,-0.131894707679749,-0.795025050640106,-10.1964359283447,-1.32750141620636,0.613186776638031,0.275099784135818,-0.122749671339989,77.56647172,-63.58918697,-2.64382054,-0.990676584047958,0.282925298917832,3.66109448551484
-18.310546875,-16.8609619140625,-357.818603515625,-23.040771484375,15.2587890625,-397.186279296875,1.38551986217499,-8.65805625915527,-4.45952844619751,1.13176798820496,0.503702044487,0.524606108665466,-1.19586002826691,-5.35662889480591,7.60176944732666,0.160487502813339,0.104603387415409,0.196065172553062,-1.38168048858643,-6.04565382003784,5.33361959457397,-2.15837216377258,0.321316659450531,-0.132356986403465,-0.815660655498505,-10.1853914260864,-1.32695436477661,0.614487051963806,0.272233337163925,-0.123175889253616,77.471681799,-63.4869103625,-2.6340315795,-0.991495633089002,0.282393317039586,3.60818051550818
-18.4249877929688,-16.8991088867188,-357.742309570313,-23.193359375,15.1824951171875,-397.109985351563,1.40070772171021,-8.64981937408447,-4.45644903182983,1.13240206241608,0.502301037311554,0.52386087179184,-1.19868063926697,-5.35648345947266,7.60939455032349,0.160752579569817,0.105112165212631,0.196430712938309,-1.38298499584198,-6.06287336349487,5.33405685424805,-2.15876221656799,0.31804433465004,-0.132819280028343,-0.836296260356903,-10.1743469238281,-1.32640731334686,0.615787327289581,0.269366860389709,-0.123602107167244,77.376891878,-63.384633755,-2.624242619,-0.992314682130045,0.281861335161339,3.55526654550153
-18.5394287109375,-16.937255859375,-357.666015625,-23.345947265625,15.106201171875,-397.03369140625,1.41589546203613,-8.64158248901367,-4.45337009429932,1.13303625583649,0.500900030136108,0.523115575313568,-1.20150136947632,-5.3563380241394,7.61701965332031,0.161017656326294,0.105620950460434,0.196796268224716,-1.38428962230682,-6.08009338378906,5.33449459075928,-2.15915250778198,0.314771980047226,-0.13328155875206,-0.856931865215302,-10.1633024215698,-1.32586026191711,0.617087662220001,0.266500413417816,-0.124028317630291,77.282101957,-63.2823571475,-2.6144536585,-0.993133731171089,0.281329353283093,3.50235257549485
-18.5394287109375,-17.0135498046875,-357.589721679688,-23.3078002929688,15.3732299804688,-396.804809570313,1.43108332157135,-8.63334465026855,-4.4502911567688,1.13367033004761,0.49949899315834,0.522370338439941,-1.20432198047638,-5.35619211196899,7.62464475631714,0.161282747983932,0.106129735708237,0.197161823511124,-1.38559412956238,-6.09731292724609,5.33493232727051,-2.15954256057739,0.311499625444412,-0.133743852376938,-0.8775674700737,-10.1522569656372,-1.32531309127808,0.618387937545776,0.263633966445923,-0.124454535543919,77.187312036,-63.18008054,-2.604664698,-0.993952780212132,0.280797371404847,3.4494386054882
-18.5394287109375,-17.08984375,-357.513427734375,-23.2696533203125,15.6402587890625,-396.575927734375,1.44627118110657,-8.62510776519775,-4.44721174240112,1.13430440425873,0.498097956180573,0.52162504196167,-1.20714271068573,-5.35604667663574,7.63226985931396,0.16154782474041,0.106638520956039,0.197527378797531,-1.38689863681793,-6.11453294754028,5.33537006378174,-2.15993285179138,0.308227270841599,-0.134206131100655,-0.898203015327454,-10.1412124633789,-1.32476603984833,0.619688212871552,0.26076751947403,-0.124880753457546,77.092522115,-63.0778039325,-2.5948757375,-0.994771829253176,0.2802653895266,3.39652463548154
-18.8064575195313,-17.2042846679688,-357.742309570313,-23.345947265625,15.5258178710938,-396.728515625,1.46145904064178,-8.61687088012695,-4.44413280487061,1.13493847846985,0.496696919202805,0.520879745483398,-1.20996332168579,-5.35590124130249,7.63989543914795,0.161812901496887,0.107147306203842,0.197892934083939,-1.38820314407349,-6.13175249099731,5.33580732345581,-2.16032290458679,0.304954916238785,-0.134668424725533,-0.918838620185852,-10.1301679611206,-1.32421898841858,0.620988488197327,0.257901042699814,-0.125306963920593,76.997732194,-62.975527325,-2.585086777,-0.995590878294219,0.279733407648354,3.34361066547488
-19.073486328125,-17.3187255859375,-357.97119140625,-23.4222412109375,15.411376953125,-396.881103515625,1.47664678096771,-8.60863304138184,-4.44105339050293,1.13557267189026,0.495295912027359,0.520134508609772,-1.21278405189514,-5.35575580596924,7.64752054214478,0.162077993154526,0.107656091451645,0.198258489370346,-1.38950777053833,-6.1489725112915,5.33624505996704,-2.16071319580078,0.301682561635971,-0.135130703449249,-0.93947422504425,-10.1191234588623,-1.32367193698883,0.622288823127747,0.255034595727921,-0.125733181834221,76.902942273,-62.8732507175,-2.5752978165,-0.996409927335263,0.279201425770107,3.29069669546822
-18.9208984375,-17.39501953125,-357.97119140625,-23.8418579101563,15.6021118164063,-396.270751953125,1.49183464050293,-8.60039615631104,-4.43797445297241,1.13620674610138,0.493894875049591,0.5193892121315,-1.2156046628952,-5.35561037063599,7.6551456451416,0.162343069911003,0.108164876699448,0.198624044656754,-1.39081227779388,-6.16619205474854,5.33668279647827,-2.16110324859619,0.298410207033157,-0.135592997074127,-0.960109829902649,-10.108078956604,-1.32312488555908,0.623589098453522,0.252168148756027,-0.126159399747849,76.808152352,-62.77097411,-2.565508856,-0.997228976376306,0.278669443891861,3.23778272546155
-18.768310546875,-17.4713134765625,-357.97119140625,-24.261474609375,15.7928466796875,-395.660400390625,1.49554061889648,-8.60963726043701,-4.42855787277222,1.1365579366684,0.494912922382355,0.518618822097778,-1.21792638301849,-5.35188579559326,7.65558004379272,0.162013322114944,0.108820639550686,0.199340730905533,-1.39723026752472,-6.17958879470825,5.34168100357056,-2.16056203842163,0.293759167194366,-0.135901108384132,-0.964540958404541,-10.0838775634766,-1.36421191692352,0.622836351394653,0.248068690299988,-0.125890582799911,76.713362431,-62.6686975025,-2.5557198955,-0.99804802541735,0.278137462013614,3.18486875545489
-18.7301635742188,-17.5857543945313,-357.818603515625,-23.9181518554688,15.6784057617188,-395.584106445313,1.49924671649933,-8.61887836456299,-4.41914129257202,1.13690900802612,0.495930999517441,0.517848372459412,-1.22024810314178,-5.34816074371338,7.65601396560669,0.161683589220047,0.109476402401924,0.200057417154312,-1.40364825725555,-6.19298553466797,5.34667921066284,-2.16002106666565,0.289108127355576,-0.136209234595299,-0.968972086906433,-10.0596752166748,-1.40529882907867,0.62208366394043,0.24396924674511,-0.125621765851974,76.61857251,-62.566420895,-2.545930935,-0.998867074458393,0.277605480135368,3.13195478544823
-18.6920166015625,-17.7001953125,-357.666015625,-23.5748291015625,15.56396484375,-395.5078125,1.50295269489288,-8.62811851501465,-4.40972423553467,1.13726019859314,0.496949046850204,0.51707798242569,-1.22256982326508,-5.34443616867065,7.65644836425781,0.161353841423988,0.110132165253162,0.200774118304253,-1.41006624698639,-6.20638275146484,5.35167741775513,-2.15947985649109,0.284457087516785,-0.136517345905304,-0.97340315580368,-10.0354738235474,-1.44638586044312,0.621330916881561,0.23986978828907,-0.125352948904037,76.523782589,-62.4641442875,-2.5361419745,-0.999686123499437,0.277073498257122,3.07904081544158
-18.6920166015625,-17.7383422851563,-357.666015625,-23.6892700195313,15.6784057617188,-395.20263671875,1.50665867328644,-8.63735961914063,-4.40030765533447,1.13761138916016,0.497967094182968,0.516307592391968,-1.22489166259766,-5.34071111679077,7.65688276290894,0.161024108529091,0.110787928104401,0.201490804553032,-1.41648411750793,-6.21977949142456,5.35667514801025,-2.15893864631653,0.279806017875671,-0.13682547211647,-0.977834284305573,-10.0112714767456,-1.48747289180756,0.620578169822693,0.235770329833031,-0.1250841319561,76.428992668,-62.36186768,-2.526353014,-1.00050517254048,0.276541516378875,3.02612684543492
-18.6920166015625,-17.7764892578125,-357.666015625,-23.8037109375,15.7928466796875,-394.8974609375,1.51036477088928,-8.6466007232666,-4.39089107513428,1.13796246051788,0.498985141515732,0.515537202358246,-1.22721338272095,-5.33698654174805,7.6573166847229,0.160694360733032,0.111443698406219,0.202207490801811,-1.42290210723877,-6.23317623138428,5.36167335510254,-2.15839767456055,0.27515497803688,-0.137133583426476,-0.982265412807465,-9.98707008361816,-1.52855980396271,0.619825482368469,0.231670886278152,-0.124815322458744,76.334202747,-62.2595910725,-2.5165640535,-1.00132422158152,0.276009534500629,2.97321287542825
-18.768310546875,-17.852783203125,-357.666015625,-23.8800048828125,15.8309936523438,-394.744873046875,1.51407074928284,-8.65584182739258,-4.38147449493408,1.1383136510849,0.500003218650818,0.514766752719879,-1.22953510284424,-5.33326148986816,7.65775108337402,0.160364612936974,0.112099461257458,0.202924177050591,-1.4293200969696,-6.24657297134399,5.36667156219482,-2.15785646438599,0.27050393819809,-0.137441694736481,-0.986696541309357,-9.96286773681641,-1.56964683532715,0.619072735309601,0.227571427822113,-0.124546505510807,76.239412826,-62.157314465,-2.506775093,-1.00214327062257,0.275477552622382,2.92029890542159
-18.8446044921875,-17.9290771484375,-357.666015625,-23.956298828125,15.869140625,-394.59228515625,1.51777684688568,-8.66508197784424,-4.37205743789673,1.13866472244263,0.501021265983582,0.513996362686157,-1.23185682296753,-5.32953691482544,7.65818548202515,0.160034880042076,0.112755224108696,0.203640878200531,-1.43573808670044,-6.25996971130371,5.37166976928711,-2.15731549263,0.265852898359299,-0.137749820947647,-0.991127610206604,-9.93866634368896,-1.61073386669159,0.618319988250732,0.223471984267235,-0.12427768856287,76.144622905,-62.0550378575,-2.4969861325,-1.00296231966361,0.274945570744136,2.86738493541493
-18.8827514648438,-18.0435180664063,-357.513427734375,-23.9944458007813,16.021728515625,-394.515991210938,1.52148282527924,-8.67432308197021,-4.36264085769653,1.13901591300964,0.502039313316345,0.513225972652435,-1.23417854309082,-5.32581186294556,7.65861940383911,0.159705132246017,0.113410986959934,0.20435756444931,-1.44215607643127,-6.27336645126343,5.37666797637939,-2.15677428245544,0.261201858520508,-0.138057932257652,-0.995558738708496,-9.91446399688721,-1.65182077884674,0.617567300796509,0.219372525811195,-0.124008871614933,76.049832984,-61.95276125,-2.487197172,-1.00378136870465,0.27441358886589,2.81447096540827
-18.9208984375,-18.157958984375,-357.36083984375,-24.0325927734375,16.17431640625,-394.439697265625,1.52518880367279,-8.68356418609619,-4.35322427749634,1.13936710357666,0.503057360649109,0.512455582618713,-1.23650026321411,-5.32208728790283,7.65905380249023,0.15937539935112,0.114066749811172,0.20507425069809,-1.44857406616211,-6.2867636680603,5.38166618347168,-2.15623307228088,0.256550818681717,-0.138366058468819,-0.999989867210388,-9.89026260375977,-1.69290781021118,0.61681455373764,0.215273067355156,-0.123740054666996,75.955043063,-61.8504846425,-2.4774082115,-1.0046004177457,0.273881606987643,2.76155699540161
-18.9971923828125,-18.2342529296875,-357.666015625,-24.10888671875,16.0980224609375,-394.668579101563,1.52889490127563,-8.69280529022217,-4.34380769729614,1.13971817493439,0.504075407981873,0.511685132980347,-1.2388219833374,-5.31836223602295,7.65948820114136,0.159045651555061,0.114722512662411,0.205790936946869,-1.45499205589294,-6.30016040802002,5.38666439056396,-2.1556921005249,0.251899778842926,-0.138674169778824,-1.00442099571228,-9.86606025695801,-1.73399484157562,0.616061806678772,0.211173623800278,-0.123471237719059,75.860253142,-61.748208035,-2.467619251,-1.00541946678674,0.273349625109397,2.70864302539494
-19.073486328125,-18.310546875,-357.97119140625,-24.1851806640625,16.021728515625,-394.8974609375,1.53260087966919,-8.70204639434814,-4.33439111709595,1.1400693655014,0.505093514919281,0.510914742946625,-1.24114382266998,-5.31463766098022,7.65992212295532,0.158715903759003,0.115378275513649,0.206507623195648,-1.46140992641449,-6.31355714797974,5.39166212081909,-2.15515089035034,0.247248724102974,-0.138982281088829,-1.00885212421417,-9.84185886383057,-1.77508175373077,0.615309119224548,0.207074165344238,-0.123202428221703,75.765463221,-61.6459314275,-2.4578302905,-1.00623851582779,0.27281764323115,2.65572905538828
-19.0353393554688,-18.3486938476563,-357.666015625,-24.1851806640625,16.1361694335938,-394.363403320313,1.53630685806274,-8.7112865447998,-4.32497406005859,1.14042055606842,0.506111562252045,0.510144352912903,-1.24346554279327,-5.31091260910034,7.66035652160645,0.158386170864105,0.116034038364887,0.207224324345589,-1.46782791614532,-6.32695388793945,5.39666032791138,-2.15460968017578,0.242597669363022,-0.139290407299995,-1.01328325271606,-9.81765651702881,-1.81616878509521,0.61455637216568,0.202974706888199,-0.122933611273766,75.6706733,-61.54365482,-2.44804133,-1.00705756486883,0.272285661352904,2.60281508538163
-18.9971923828125,-18.3868408203125,-357.36083984375,-24.1851806640625,16.2506103515625,-393.829345703125,1.54001295566559,-8.72052764892578,-4.3155574798584,1.14077162742615,0.507129609584808,0.509373962879181,-1.24578726291656,-5.30718803405762,7.66079092025757,0.158056423068047,0.116689801216125,0.207941010594368,-1.47424590587616,-6.34035062789917,5.40165853500366,-2.1540687084198,0.237946629524231,-0.139598518610001,-1.01771438121796,-9.79345512390137,-1.85725581645966,0.613803625106812,0.198875263333321,-0.122664794325829,75.6703307945,-61.5434428925,-2.4479220805,-1.00757141937059,0.271553142318641,2.56252568263484
-19.1116333007813,-18.7301635742188,-357.284545898438,-24.261474609375,16.4794921875,-393.524169921875,1.53802824020386,-8.73603916168213,-4.30613374710083,1.14134860038757,0.509175896644592,0.508655488491058,-1.24846363067627,-5.3037052154541,7.65975046157837,0.157837837934494,0.117220111191273,0.20838887989521,-1.48705649375916,-6.35016059875488,5.39818286895752,-2.15296483039856,0.230675935745239,-0.139505282044411,-1.01869630813599,-9.76615047454834,-1.88339030742645,0.611891746520996,0.196680754423141,-0.122028693556786,75.669988289,-61.543230965,-2.447802831,-1.00808527387236,0.270820623284378,2.52223627988805
-19.22607421875,-19.073486328125,-357.208251953125,-24.3377685546875,16.7083740234375,-393.218994140625,1.53035283088684,-8.75782203674316,-4.29670238494873,1.14215123653412,0.512250483036041,0.507989048957825,-1.25149464607239,-5.30046510696411,7.65723514556885,0.157730400562286,0.117624960839748,0.208567947149277,-1.50625967979431,-6.35638284683228,5.38623380661011,-2.15129852294922,0.220785588026047,-0.139010697603226,-1.01622927188873,-9.73574352264404,-1.89457249641418,0.608820676803589,0.196391180157661,-0.121025316417217,75.6696457835,-61.5430190375,-2.4476835815,-1.00859912837412,0.270088104250114,2.48194687714126
-19.1116333007813,-19.073486328125,-357.131958007813,-24.3759155273438,16.8991088867188,-393.37158203125,1.52267754077911,-8.77960395812988,-4.28727149963379,1.14295399188995,0.515325009822845,0.507322609424591,-1.2545257806778,-5.29722452163696,7.65471982955933,0.157622963190079,0.118029803037643,0.208746999502182,-1.52546286582947,-6.36260509490967,5.37428426742554,-2.14963221549988,0.210895240306854,-0.13851609826088,-1.01376223564148,-9.70533657073975,-1.90575456619263,0.605749607086182,0.196101620793343,-0.120021931827068,75.669303278,-61.54280711,-2.447564332,-1.00911298287588,0.269355585215851,2.44165747439447
-18.9971923828125,-19.073486328125,-357.0556640625,-24.4140625,17.08984375,-393.524169921875,1.5150021314621,-8.8013858795166,-4.27784013748169,1.1437566280365,0.518399596214294,0.506656169891357,-1.25755679607391,-5.29398441314697,7.6522045135498,0.157515525817871,0.118434652686119,0.208926066756248,-1.54466605186462,-6.36882734298706,5.36233520507813,-2.14796590805054,0.201004877686501,-0.138021513819695,-1.01129508018494,-9.67493057250977,-1.91693663597107,0.602678537368774,0.195812046527863,-0.119018547236919,75.6689607725,-61.5425951825,-2.4474450825,-1.00962683737765,0.268623066181588,2.40136807164768
-19.1879272460938,-19.073486328125,-357.284545898438,-24.4522094726563,17.08984375,-393.06640625,1.50732672214508,-8.82316875457764,-4.26840877532959,1.14455938339233,0.521474182605743,0.505989730358124,-1.26058781147003,-5.29074382781982,7.64968919754028,0.157408088445663,0.118839502334595,0.209105119109154,-1.56386923789978,-6.37504959106445,5.35038614273071,-2.1462996006012,0.191114529967308,-0.137526914477348,-1.00882804393768,-9.64452362060547,-1.9281188249588,0.599607467651367,0.195522487163544,-0.118015170097351,75.668618267,-61.542383255,-2.447325833,-1.01014069187941,0.267890547147325,2.3610786689009
-19.378662109375,-19.073486328125,-357.513427734375,-24.4903564453125,17.08984375,-392.608642578125,1.49965143203735,-8.84495067596436,-4.25897789001465,1.14536213874817,0.524548709392548,0.50532329082489,-1.26361894607544,-5.28750371932983,7.64717435836792,0.157300651073456,0.11924434453249,0.20928418636322,-1.58307242393494,-6.38127183914185,5.33843660354614,-2.14463329315186,0.181224182248116,-0.137032315135002,-1.00636088848114,-9.61411666870117,-1.93930089473724,0.59653639793396,0.195232927799225,-0.117011785507202,75.6682757615,-61.5421713275,-2.4472065835,-1.01065454638118,0.267158028113062,2.32078926615411
-19.2642211914063,-19.1879272460938,-357.208251953125,-24.4903564453125,17.08984375,-392.303466796875,1.49197602272034,-8.86673259735107,-4.24954652786255,1.14616477489471,0.527623295783997,0.504656851291656,-1.26664996147156,-5.28426313400269,7.6446590423584,0.157193213701248,0.119649194180965,0.209463238716125,-1.60227560997009,-6.38749408721924,5.32648754119873,-2.14296698570251,0.171333834528923,-0.136537730693817,-1.00389385223389,-9.58370971679688,-1.95048296451569,0.593465328216553,0.194943353533745,-0.116008400917053,75.667933256,-61.5419594,-2.447087334,-1.01116840088294,0.266425509078798,2.28049986340732
-19.1497802734375,-19.3023681640625,-356.903076171875,-24.4903564453125,17.08984375,-391.998291015625,1.48430061340332,-8.88851547241211,-4.24011564254761,1.14696753025055,0.530697822570801,0.503990352153778,-1.26968097686768,-5.2810230255127,7.64214372634888,0.157085791230202,0.120054043829441,0.209642305970192,-1.62147879600525,-6.39371633529663,5.31453800201416,-2.14130067825317,0.161443486809731,-0.136043131351471,-1.00142681598663,-9.55330276489258,-1.96166515350342,0.590394258499146,0.194653794169426,-0.115005023777485,75.6675907505,-61.5417474725,-2.4469680845,-1.0116822553847,0.265692990044535,2.24021046066053
-19.378662109375,-19.3023681640625,-356.597900390625,-24.6047973632813,17.08984375,-391.464233398438,1.47662532329559,-8.91029739379883,-4.23068428039551,1.14777016639709,0.53377240896225,0.503323912620544,-1.27271211147308,-5.27778244018555,7.63962841033936,0.156978353857994,0.120458886027336,0.209821358323097,-1.64068198204041,-6.39993858337402,5.30258893966675,-2.13963437080383,0.151553139090538,-0.135548546910286,-0.998959720134735,-9.52289581298828,-1.97284722328186,0.587323188781738,0.194364219903946,-0.114001639187336,75.667248245,-61.541535545,-2.446848835,-1.01219610988647,0.264960471010272,2.19992105791374
-19.6075439453125,-19.3023681640625,-356.292724609375,-24.71923828125,17.08984375,-390.93017578125,1.46894991397858,-8.93208026885986,-4.22125291824341,1.14857292175293,0.536846995353699,0.502657473087311,-1.2757431268692,-5.27454233169556,7.63711309432983,0.156870916485786,0.120863735675812,0.210000425577164,-1.65988516807556,-6.40616083145142,5.29063987731934,-2.13796782493591,0.141662791371346,-0.13505394756794,-0.996492624282837,-9.49248886108398,-1.98402941226959,0.584252119064331,0.194074660539627,-0.112998262047768,75.6669057395,-61.5413236175,-2.4467295855,-1.01270996438823,0.264227951976009,2.15963165516696
-19.7219848632813,-19.3405151367188,-356.369018554688,-24.6810913085938,17.2805786132813,-390.853881835938,1.46127450466156,-8.95386219024658,-4.21182203292847,1.14937555789948,0.539921522140503,0.501991033554077,-1.27877414226532,-5.27130174636841,7.63459777832031,0.156763479113579,0.121268585324287,0.210179477930069,-1.67908835411072,-6.41238307952881,5.27869033813477,-2.13630151748657,0.131772428750992,-0.134559363126755,-0.994025528430939,-9.462082862854,-1.99521148204803,0.581181049346924,0.193785086274147,-0.111994877457619,75.666563234,-61.54111169,-2.446610336,-1.01322381888999,0.263495432941746,2.11934225242017
-19.83642578125,-19.378662109375,-356.4453125,-24.6429443359375,17.4713134765625,-390.777587890625,1.45359909534454,-8.9756441116333,-4.20239067077637,1.15017831325531,0.542996108531952,0.501324594020844,-1.28180515766144,-5.26806163787842,7.63208293914795,0.156656041741371,0.121673434972763,0.210358545184135,-1.69829154014587,-6.4186053276062,5.26674127578735,-2.13463521003723,0.12188208848238,-0.134064763784409,-0.991558432579041,-9.43167591094971,-2.00639367103577,0.578109979629517,0.193495526909828,-0.11099149286747,75.6662207285,-61.5408997625,-2.4464910865,-1.01373767339176,0.262762913907482,2.07905284967337
-19.9127197265625,-19.7219848632813,-356.292724609375,-24.71923828125,17.5094604492188,-390.472412109375,1.44592380523682,-8.99742698669434,-4.19295978546143,1.15098094940186,0.546070635318756,0.50065815448761,-1.28483629226685,-5.26482105255127,7.62956762313843,0.156548604369164,0.122078277170658,0.210537597537041,-1.71749472618103,-6.42482757568359,5.25479173660278,-2.13296890258789,0.111991733312607,-0.133570179343224,-0.989091396331787,-9.40126895904541,-2.01757574081421,0.575038909912109,0.193205952644348,-0.109988115727901,75.665878223,-61.540687835,-2.446371837,-1.01425152789352,0.262030394873219,2.03876344692659
-19.989013671875,-20.0653076171875,-356.14013671875,-24.7955322265625,17.547607421875,-390.167236328125,1.4382483959198,-9.01920890808105,-4.18352842330933,1.15178370475769,0.549145221710205,0.499991685152054,-1.28786730766296,-5.26158094406128,7.62705230712891,0.156441166996956,0.122483126819134,0.210716664791107,-1.73669791221619,-6.43104982376099,5.24284267425537,-2.13130259513855,0.102101385593414,-0.133075580000877,-0.986624300479889,-9.37086200714111,-2.02875781059265,0.571967840194702,0.192916393280029,-0.108984731137753,75.6655357175,-61.5404759075,-2.4462525875,-1.01476538239529,0.261297875838956,1.9984740441798
-19.83642578125,-20.0271606445313,-356.14013671875,-24.7573852539063,17.7764892578125,-389.785766601563,1.42639780044556,-9.04305458068848,-4.18233633041382,1.15315616130829,0.55121260881424,0.498812705278397,-1.28886663913727,-5.26121044158936,7.62668180465698,0.15668486058712,0.123164013028145,0.210838511586189,-1.75246512889862,-6.43072652816772,5.2263650894165,-2.13201236724854,0.0926201865077019,-0.131452202796936,-0.978497684001923,-9.35170936584473,-1.99781382083893,0.571265935897827,0.194288864731789,-0.107497610151768,75.665193212,-61.54026398,-2.446133338,-1.01527923689705,0.260565356804693,1.95818464143302
-19.683837890625,-19.989013671875,-356.14013671875,-24.71923828125,18.00537109375,-389.404296875,1.41454720497131,-9.0669002532959,-4.18114423751831,1.15452861785889,0.553279995918274,0.497633695602417,-1.28986597061157,-5.26083993911743,7.62631130218506,0.156928569078445,0.123844891786575,0.210960358381271,-1.76823246479034,-6.43040370941162,5.20988750457764,-2.1327223777771,0.0831389874219894,-0.129828840494156,-0.970371067523956,-9.33255767822266,-1.96686983108521,0.570563971996307,0.195661336183548,-0.106010489165783,75.6648507065,-61.5400520525,-2.4460140885,-1.01579309139881,0.25983283777043,1.91789523868623
-19.7219848632813,-19.9508666992188,-356.063842773438,-24.6810913085938,17.9672241210938,-389.022827148438,1.40269660949707,-9.09074592590332,-4.17995262145996,1.15590119361877,0.555347383022308,0.49645471572876,-1.29086530208588,-5.26046943664551,7.62594079971313,0.15717226266861,0.124525777995586,0.211082220077515,-1.78399968147278,-6.43008041381836,5.19340991973877,-2.13343214988708,0.0736577957868576,-0.128205463290215,-0.96224445104599,-9.31340503692627,-1.93592596054077,0.569862067699432,0.197033807635307,-0.104523368179798,75.664508201,-61.539840125,-2.445894839,-1.01630694590058,0.259100318736167,1.87760583593943
-19.7601318359375,-19.9127197265625,-355.987548828125,-24.6429443359375,17.9290771484375,-388.641357421875,1.39084601402283,-9.11459159851074,-4.17876052856445,1.15727365016937,0.557414770126343,0.495275735855103,-1.29186463356018,-5.26009893417358,7.62557029724121,0.157415971159935,0.125206664204597,0.211204066872597,-1.7997670173645,-6.4297571182251,5.17693281173706,-2.13414216041565,0.0641765967011452,-0.126582086086273,-0.954117834568024,-9.29425239562988,-1.90498197078705,0.569160163402557,0.198406279087067,-0.103036247193813,75.6641656955,-61.5396281975,-2.4457755895,-1.01682080040234,0.258367799701904,1.83731643319265
-19.989013671875,-20.1034545898438,-355.987548828125,-24.7955322265625,18.157958984375,-388.336181640625,1.37899541854858,-9.13843727111816,-4.17756843566895,1.15864610671997,0.559482157230377,0.494096726179123,-1.2928638458252,-5.25972843170166,7.62519979476929,0.157659664750099,0.125887542963028,0.211325913667679,-1.81553423404694,-6.42943382263184,5.16045522689819,-2.13485193252563,0.0546953976154327,-0.124958723783493,-0.945991218090057,-9.27510070800781,-1.87403798103333,0.568458259105682,0.199778750538826,-0.101549126207829,75.66382319,-61.53941627,-2.44565634,-1.0173346549041,0.25763528066764,1.79702703044586
-20.2178955078125,-20.294189453125,-355.987548828125,-24.9481201171875,18.3868408203125,-388.031005859375,1.36714482307434,-9.16228294372559,-4.17637634277344,1.16001856327057,0.561549544334412,0.492917746305466,-1.2938631772995,-5.25935792922974,7.62482929229736,0.157903373241425,0.126568421721458,0.211447760462761,-1.83130156993866,-6.42911100387573,5.14397764205933,-2.13556170463562,0.0452141985297203,-0.123335346579552,-0.937864601612091,-9.25594806671143,-1.8430939912796,0.567756295204163,0.201151221990585,-0.100062005221844,75.6629490765,-61.539116059,-2.4455337685,-1.01724094435782,0.256962822350362,1.77293500613816
-20.1416015625,-20.4086303710938,-355.8349609375,-25.0625610351563,18.4249877929688,-387.802124023438,1.35529434680939,-9.18612957000732,-4.17518472671509,1.16139101982117,0.563616931438446,0.491738736629486,-1.2948625087738,-5.25898742675781,7.62445878982544,0.158147066831589,0.12724931538105,0.211569607257843,-1.84706878662109,-6.42878770828247,5.12750005722046,-2.13627171516418,0.0357330031692982,-0.121711976826191,-0.92973792552948,-9.23679542541504,-1.81215000152588,0.567054390907288,0.202523693442345,-0.0985748916864395,75.662074963,-61.538815848,-2.445411197,-1.01714723381154,0.256290364033083,1.74884298183046
-20.0653076171875,-20.5230712890625,-355.682373046875,-25.177001953125,18.463134765625,-387.5732421875,1.34344375133514,-9.20997524261475,-4.17399263381958,1.16276347637177,0.56568431854248,0.490559756755829,-1.29586184024811,-5.25861692428589,7.62408828735352,0.158390775322914,0.127930194139481,0.211691454052925,-1.86283612251282,-6.42846441268921,5.11102247238159,-2.13698148727417,0.0262518040835857,-0.12008860707283,-0.921611309051514,-9.21764373779297,-1.78120601177216,0.566352486610413,0.203896164894104,-0.0970877707004547,75.6612008495,-61.538515637,-2.4452886255,-1.01705352326526,0.255617905715805,1.72475095752275
-20.2178955078125,-20.6375122070313,-355.606079101563,-25.1007080078125,18.61572265625,-387.344360351563,1.3315931558609,-9.23382091522217,-4.17280054092407,1.16413605213165,0.567751705646515,0.489380776882172,-1.29686117172241,-5.25824642181396,7.62371778488159,0.158634468913078,0.128611072897911,0.211813315749168,-1.87860333919525,-6.42814159393311,5.09454488754272,-2.13769149780273,0.0167706068605185,-0.118465237319469,-0.913484692573547,-9.19849109649658,-1.75026214122772,0.565650522708893,0.205268636345863,-0.0956006497144699,75.660326736,-61.538215426,-2.445166054,-1.01695981271898,0.254945447398526,1.70065893321505
-20.3704833984375,-20.751953125,-355.52978515625,-25.0244140625,18.768310546875,-387.115478515625,1.31974256038666,-9.25766658782959,-4.17160844802856,1.16550850868225,0.569819092750549,0.488201767206192,-1.29786050319672,-5.25787591934204,7.62334728240967,0.158878162503242,0.129291951656342,0.21193516254425,-1.89437067508698,-6.42781829833984,5.07806730270386,-2.13840126991272,0.0072894087061286,-0.116841860115528,-0.905358076095581,-9.1793384552002,-1.719318151474,0.564948618412018,0.206641107797623,-0.0941135287284851,75.6594526225,-61.537915215,-2.4450434825,-1.0168661021727,0.254272989081248,1.67656690890735
-20.3704833984375,-20.8282470703125,-355.682373046875,-24.9862670898438,18.8827514648438,-386.505126953125,1.30789196491241,-9.28151226043701,-4.17041635513306,1.16688096523285,0.571886479854584,0.487022787332535,-1.29885983467102,-5.25750541687012,7.62297677993774,0.159121870994568,0.129972845315933,0.212057009339333,-1.91013789176941,-6.42749500274658,5.06159019470215,-2.13911104202271,-0.00219178921543062,-0.115218490362167,-0.897231459617615,-9.16018676757813,-1.68837416172028,0.564246714115143,0.208013579249382,-0.0926264077425003,75.658578509,-61.537615004,-2.444920911,-1.01677239162642,0.253600530763969,1.65247488459965
-20.3704833984375,-20.904541015625,-355.8349609375,-24.9481201171875,18.9971923828125,-385.894775390625,1.29604136943817,-9.30535793304443,-4.16922473907471,1.16825342178345,0.573953866958618,0.485843807458878,-1.29985916614532,-5.25713491439819,7.62260627746582,0.159365564584732,0.130653724074364,0.212178856134415,-1.92590522766113,-6.42717218399048,5.04511260986328,-2.13982105255127,-0.0116729866713285,-0.113595120608807,-0.889104843139648,-9.14103412628174,-1.65743017196655,0.563544750213623,0.209386050701141,-0.0911392867565155,75.6577043955,-61.537314793,-2.4447983395,-1.01667868108014,0.252928072446691,1.62838286029195
-20.5612182617188,-20.904541015625,-355.453491210938,-25.1388549804688,19.0353393554688,-385.665893554688,1.28419077396393,-9.32920360565186,-4.1680326461792,1.16962587833405,0.576021254062653,0.484664797782898,-1.30085849761963,-5.25676441192627,7.6222357749939,0.159609273076057,0.131334602832794,0.212300702929497,-1.94167244434357,-6.42684888839722,5.02863502502441,-2.14053082466125,-0.0211541838943958,-0.111971750855446,-0.880978226661682,-9.12188148498535,-1.62648618221283,0.562842845916748,0.210758522152901,-0.0896521657705307,75.656830282,-61.537014582,-2.444675768,-1.01658497053386,0.252255614129412,1.60429083598424
-20.751953125,-20.904541015625,-355.072021484375,-25.32958984375,19.073486328125,-385.43701171875,1.26986539363861,-9.34793758392334,-4.16563844680786,1.17081737518311,0.577669382095337,0.483009248971939,-1.30222070217133,-5.25675678253174,7.62167978286743,0.15982785820961,0.132008269429207,0.212653696537018,-1.95784318447113,-6.42854166030884,5.01415729522705,-2.1424572467804,-0.0299526769667864,-0.110518716275692,-0.871167182922363,-9.10984802246094,-1.61088824272156,0.562966704368591,0.212132707238197,-0.0881203040480614,75.6559561685,-61.536714371,-2.4445531965,-1.01649125998757,0.251583155812133,1.58019881167654
-20.8282470703125,-21.05712890625,-355.300903320313,-25.482177734375,19.1497802734375,-385.284423828125,1.25306534767151,-9.36155891418457,-4.16204261779785,1.17182779312134,0.578898370265961,0.480877131223679,-1.30394601821899,-5.25711154937744,7.62093830108643,0.160021334886551,0.132674723863602,0.213237822055817,-1.97441720962524,-6.43225049972534,5.00167942047119,-2.14559984207153,-0.0380684621632099,-0.109236031770706,-0.859671711921692,-9.10493183135986,-1.61063635349274,0.563916385173798,0.213508635759354,-0.0865437015891075,75.655082055,-61.53641416,-2.444430625,-1.01639754944129,0.250910697494855,1.55610678736884
-20.904541015625,-21.209716796875,-355.52978515625,-25.634765625,19.22607421875,-385.1318359375,1.23626530170441,-9.37518119812012,-4.15844678878784,1.17283809185028,0.58012729883194,0.478745013475418,-1.30567133426666,-5.25746631622314,7.62019634246826,0.160214796662331,0.133341178297997,0.213821947574615,-1.99099135398865,-6.435959815979,4.98920106887817,-2.14874267578125,-0.0461842454969883,-0.10795334726572,-0.848176240921021,-9.10001659393311,-1.61038446426392,0.564866065979004,0.21488456428051,-0.0849671065807343,75.6542079415,-61.536113949,-2.4443080535,-1.01630383889501,0.250238239177576,1.53201476306113
-20.6756591796875,-21.209716796875,-355.300903320313,-25.6729125976563,19.378662109375,-384.979248046875,1.2194652557373,-9.38880252838135,-4.15485048294067,1.17384850978851,0.581356287002563,0.47661292552948,-1.30739665031433,-5.25782060623169,7.6194543838501,0.160408273339272,0.134007632732391,0.214406073093414,-2.00756549835205,-6.43966865539551,4.97672319412231,-2.15188527107239,-0.054300032556057,-0.106670662760735,-0.836680829524994,-9.09510040283203,-1.6101325750351,0.56581574678421,0.216260477900505,-0.0833905041217804,75.653333828,-61.535813738,-2.444185482,-1.01621012834873,0.249565780860298,1.50792273875343
-20.44677734375,-21.209716796875,-355.072021484375,-25.7110595703125,19.53125,-384.82666015625,1.2026652097702,-9.40242385864258,-4.15125465393066,1.17485892772675,0.582585275173187,0.474480807781219,-1.30912184715271,-5.25817537307739,7.61871290206909,0.160601750016212,0.134674087166786,0.214990198612213,-2.02413964271545,-6.44337749481201,4.96424531936646,-2.1550281047821,-0.0624158196151257,-0.105387978255749,-0.825185358524323,-9.09018516540527,-1.60988068580627,0.566765367984772,0.217636406421661,-0.0818139016628265,75.6524597145,-61.535513527,-2.4440629105,-1.01611641780245,0.248893322543019,1.48383071444573
-20.5230712890625,-21.3623046875,-355.377197265625,-25.7110595703125,19.4931030273438,-384.445190429688,1.18586504459381,-9.41604614257813,-4.14765882492065,1.17586922645569,0.583814203739166,0.472348690032959,-1.31084716320038,-5.2585301399231,7.61797094345093,0.160795226693153,0.135340541601181,0.215574324131012,-2.04071354866028,-6.44708633422852,4.95176696777344,-2.15817070007324,-0.0705316066741943,-0.104105293750763,-0.813689887523651,-9.08526992797852,-1.60962867736816,0.567715048789978,0.219012334942818,-0.0802373066544533,75.651585601,-61.535213316,-2.443940339,-1.01602270725617,0.248220864225741,1.45973869013802
-20.599365234375,-21.514892578125,-355.682373046875,-25.7110595703125,19.4549560546875,-384.063720703125,1.16906499862671,-9.42966747283936,-4.14406251907349,1.17687964439392,0.58504319190979,0.470216572284698,-1.31257247924805,-5.2588849067688,7.61722898483276,0.160988703370094,0.136006996035576,0.216158449649811,-2.05728769302368,-6.45079517364502,4.93928909301758,-2.16131353378296,-0.0786473900079727,-0.102822609245777,-0.80219441652298,-9.08035373687744,-1.60937678813934,0.568664729595184,0.220388248562813,-0.0786607041954994,75.6507114875,-61.534913105,-2.4438177675,-1.01592899670989,0.247548405908462,1.43564666583032
-20.7901000976563,-21.4767456054688,-355.682373046875,-25.7492065429688,19.53125,-383.453369140625,1.15226495265961,-9.4432897567749,-4.14046669006348,1.17789006233215,0.586272120475769,0.468084454536438,-1.31429779529572,-5.2592396736145,7.61648750305176,0.161182165145874,0.136673450469971,0.21674257516861,-2.07386183738708,-6.45450448989868,4.92681121826172,-2.1644561290741,-0.0867631733417511,-0.101539924740791,-0.790698945522308,-9.07543849945068,-1.60912489891052,0.569614410400391,0.221764177083969,-0.0770841017365456,75.649837374,-61.534612894,-2.443695196,-1.01583528616361,0.246875947591184,1.41155464152262
-20.9808349609375,-21.4385986328125,-355.682373046875,-25.787353515625,19.6075439453125,-382.843017578125,1.1354649066925,-9.45691108703613,-4.13687086105347,1.1789003610611,0.587501108646393,0.465952336788177,-1.31602299213409,-5.25959444046021,7.61574554443359,0.161375641822815,0.137339904904366,0.217326700687408,-2.09043598175049,-6.45821332931519,4.9143328666687,-2.16759896278381,-0.0948789641261101,-0.100257240235806,-0.779203474521637,-9.07052230834961,-1.6088730096817,0.570564031600952,0.223140105605125,-0.0755075067281723,75.6489632605,-61.534312683,-2.4435726245,-1.01574157561733,0.246203489273905,1.38746261721492
-21.0189819335938,-21.514892578125,-355.682373046875,-25.9017944335938,19.7601318359375,-382.537841796875,1.1186648607254,-9.47053241729736,-4.1332745552063,1.17991077899933,0.588730096817017,0.463820219039917,-1.31774830818176,-5.25994920730591,7.61500406265259,0.161569118499756,0.138006344437599,0.217910826206207,-2.10701012611389,-6.46192216873169,4.90185499191284,-2.17074155807495,-0.102994747459888,-0.0989745482802391,-0.767708003520966,-9.06560707092285,-1.60862112045288,0.571513712406158,0.224516019225121,-0.0739309042692184,75.648089147,-61.534012472,-2.443450053,-1.01564786507104,0.245531030956627,1.36337059290721
-21.05712890625,-21.5911865234375,-355.682373046875,-26.0162353515625,19.9127197265625,-382.232666015625,1.1018648147583,-9.48415470123291,-4.12967872619629,1.18092119693756,0.589959025382996,0.461688131093979,-1.31947362422943,-5.26030349731445,7.61426210403442,0.161762595176697,0.138672798871994,0.218494951725006,-2.12358427047729,-6.46563100814819,4.88937711715698,-2.17388439178467,-0.111110530793667,-0.0976918637752533,-0.756212592124939,-9.06069087982178,-1.60836923122406,0.572463393211365,0.225891947746277,-0.0723543018102646,75.6472150335,-61.533712261,-2.4433274815,-1.01555415452476,0.244858572639348,1.33927856859951
-21.05712890625,-21.6293334960938,-355.911254882813,-26.0543823242188,19.989013671875,-381.927490234375,1.08506464958191,-9.49777603149414,-4.12608289718628,1.18193161487579,0.591188013553619,0.459556013345718,-1.3211989402771,-5.26065826416016,7.61352014541626,0.161956056952477,0.139339253306389,0.219079077243805,-2.14015817642212,-6.46934032440186,4.87689924240112,-2.17702698707581,-0.119226314127445,-0.0964091792702675,-0.744717121124268,-9.05577564239502,-1.60811722278595,0.573413074016571,0.227267876267433,-0.0707776993513107,75.64634092,-61.53341205,-2.44320491,-1.01546044397848,0.24418611432207,1.31518654429181
-21.05712890625,-21.66748046875,-356.14013671875,-26.092529296875,20.0653076171875,-381.622314453125,1.06826460361481,-9.51139831542969,-4.12248659133911,1.18294191360474,0.592416942119598,0.457423895597458,-1.32292413711548,-5.26101303100586,7.61277866363525,0.162149533629417,0.140005707740784,0.219663202762604,-2.15673232078552,-6.47304916381836,4.86442089080811,-2.18016982078552,-0.127342104911804,-0.0951264947652817,-0.733221650123596,-9.05085945129395,-1.60786533355713,0.574362695217133,0.228643789887428,-0.0692011043429375,75.4748454225,-61.03632482,-2.432407683,-1.01529320195286,0.243206472493287,1.30594321916509
-21.1715698242188,-21.6293334960938,-355.987548828125,-26.2451171875,20.0271606445313,-381.393432617188,1.05146455764771,-9.52501964569092,-4.1188907623291,1.18395233154297,0.593645930290222,0.455291777849197,-1.32464945316315,-5.26136779785156,7.61203670501709,0.162343010306358,0.140672162175179,0.220247328281403,-2.17330646514893,-6.47675800323486,4.85194301605225,-2.18331241607666,-0.135457888245583,-0.0938438102602959,-0.721726179122925,-9.04594421386719,-1.60761344432831,0.575312376022339,0.230019718408585,-0.0676245018839836,75.303349925,-60.5392375900001,-2.421610456,-1.01512595992724,0.242226830664504,1.29669989403837
-21.2860107421875,-21.5911865234375,-355.8349609375,-26.397705078125,19.989013671875,-381.16455078125,1.0454363822937,-9.52606678009033,-4.11118364334106,1.18439304828644,0.594018518924713,0.453901618719101,-1.33774244785309,-5.2614483833313,7.61206912994385,0.162317901849747,0.140815421938896,0.220042958855629,-2.17615818977356,-6.47988557815552,4.85813617706299,-2.18523287773132,-0.142670869827271,-0.0926792472600937,-0.71377831697464,-9.04937934875488,-1.61649668216705,0.578017950057983,0.230689689517021,-0.066839873790741,75.1318544275,-60.04215036,-2.410813229,-1.01495871790162,0.241247188835721,1.28745656891165
-21.4004516601563,-21.7056274414063,-355.682373046875,-26.4739990234375,20.2178955078125,-381.088256835938,1.03940808773041,-9.52711296081543,-4.10347700119019,1.18483364582062,0.594391047954559,0.452511429786682,-1.35083544254303,-5.26152896881104,7.61210155487061,0.162292793393135,0.140958696603775,0.219838589429855,-2.17900991439819,-6.48301315307617,4.86432981491089,-2.18715310096741,-0.14988386631012,-0.0915146842598915,-0.705830454826355,-9.05281352996826,-1.62537980079651,0.580723464488983,0.231359675526619,-0.0660552531480789,74.96035893,-59.54506313,-2.400016002,-1.01479147587599,0.240267547006939,1.27821324378493
-21.514892578125,-21.820068359375,-355.52978515625,-26.55029296875,20.44677734375,-381.011962890625,1.0333799123764,-9.52816009521484,-4.09576988220215,1.18527436256409,0.59476363658905,0.451121270656586,-1.36392843723297,-5.26160955429077,7.61213397979736,0.162267684936523,0.141101956367493,0.219634220004082,-2.18186163902283,-6.48614025115967,4.87052297592163,-2.18907356262207,-0.157096847891808,-0.0903501212596893,-0.69788259267807,-9.05624866485596,-1.63426303863525,0.583429038524628,0.232029646635056,-0.0652706250548363,74.7888634325,-59.0479759,-2.389218775,-1.01462423385037,0.239287905178156,1.26896991865821
-21.6293334960938,-22.0108032226563,-355.52978515625,-26.5121459960938,20.44677734375,-380.55419921875,1.0273517370224,-9.52920627593994,-4.08806276321411,1.18571507930756,0.595136165618896,0.449731111526489,-1.37702131271362,-5.26169013977051,7.61216640472412,0.162242576479912,0.14124521613121,0.219429850578308,-2.18471336364746,-6.48926782608032,4.87671661376953,-2.19099402427673,-0.164309829473495,-0.0891855582594872,-0.689934730529785,-9.05968379974365,-1.643146276474,0.586134612560272,0.232699632644653,-0.0644859969615936,74.617367935,-58.55088867,-2.378421548,-1.01445699182475,0.238308263349373,1.25972659353149
-21.7437744140625,-22.2015380859375,-355.52978515625,-26.4739990234375,20.44677734375,-380.096435546875,1.02132344245911,-9.53025341033936,-4.08035612106323,1.18615567684174,0.595508754253387,0.44834092259407,-1.39011430740356,-5.26177072525024,7.61219882965088,0.1622174680233,0.141388475894928,0.219225496053696,-2.18756532669067,-6.49239540100098,4.88290977478027,-2.19291424751282,-0.171522811055183,-0.088020995259285,-0.681986808776855,-9.06311798095703,-1.65202939510345,0.588840126991272,0.23336960375309,-0.0637013763189316,74.4458724375,-58.0538014400001,-2.367624321,-1.01428974979913,0.237328621520591,1.25048326840477
-21.7056274414063,-22.2396850585938,-355.758666992188,-26.6265869140625,20.44677734375,-379.714965820313,1.0152952671051,-9.53129959106445,-4.0726490020752,1.18659639358521,0.595881342887878,0.446950763463974,-1.40320730209351,-5.26185131072998,7.61223125457764,0.162192359566689,0.141531750559807,0.219021126627922,-2.19041705131531,-6.49552297592163,4.88910341262817,-2.19483470916748,-0.178735807538033,-0.0868564322590828,-0.674038946628571,-9.06655311584473,-1.6609126329422,0.591545701026917,0.234039589762688,-0.0629167482256889,74.27437694,-57.55671421,-2.356827094,-1.01412250777351,0.236348979691808,1.24123994327804
-21.66748046875,-22.27783203125,-355.987548828125,-26.7791748046875,20.44677734375,-379.33349609375,1.00926697254181,-9.53234672546387,-4.06494188308716,1.18703711032867,0.596253871917725,0.445560574531555,-1.41630029678345,-5.26193189620972,7.61226320266724,0.162167251110077,0.141675010323524,0.218816757202148,-2.19326877593994,-6.49865055084229,4.89529657363892,-2.19675517082214,-0.18594878911972,-0.0856918692588806,-0.666091084480286,-9.06998729705811,-1.66979575157166,0.594251215457916,0.234709560871124,-0.0621321238577366,74.1028814425,-57.05962698,-2.346029867,-1.01395526574788,0.235369337863025,1.23199661815132
-21.7819213867188,-22.5067138671875,-355.911254882813,-27.0843505859375,20.4086303710938,-379.104614257813,1.00323879718781,-9.53339290618896,-4.05723524093628,1.18747770786285,0.596626460552216,0.444170415401459,-1.42939329147339,-5.26201248168945,7.61229562759399,0.162142142653465,0.141818270087242,0.218612387776375,-2.19612050056458,-6.50177812576294,4.90149021148682,-2.19867539405823,-0.193161770701408,-0.0845273062586784,-0.658143222332001,-9.0734224319458,-1.6786789894104,0.596956789493561,0.235379546880722,-0.0613474994897842,73.931385945,-56.56253975,-2.33523264,-1.01378802372226,0.234389696034242,1.2227532930246
-21.8963623046875,-22.735595703125,-355.8349609375,-27.3895263671875,20.3704833984375,-378.875732421875,0.997210562229156,-9.53444004058838,-4.04952812194824,1.18791842460632,0.596998989582062,0.442780256271362,-1.44248628616333,-5.26209306716919,7.61232805252075,0.162117034196854,0.141961544752121,0.218408018350601,-2.19897222518921,-6.50490522384644,4.90768337249756,-2.20059585571289,-0.200374752283096,-0.0833627432584763,-0.650195360183716,-9.0768575668335,-1.68756222724915,0.599662363529205,0.236049517989159,-0.0605628751218319,73.7598904475,-56.06545252,-2.324435413,-1.01362078169664,0.23341005420546,1.21350996789788
-21.7437744140625,-22.8118896484375,-355.758666992188,-27.313232421875,20.294189453125,-378.341674804688,0.991182386875153,-9.53548717498779,-4.04182100296021,1.18835914134979,0.597371578216553,0.441390067338943,-1.45557928085327,-5.26217365264893,7.61236047744751,0.162091925740242,0.142104804515839,0.218203648924828,-2.20182394981384,-6.50803279876709,4.9138765335083,-2.20251631736755,-0.207587748765945,-0.0821981802582741,-0.642247498035431,-9.08029174804688,-1.6964453458786,0.602367877960205,0.236719503998756,-0.0597782470285892,73.58839495,-55.5683652900001,-2.313638186,-1.01345353967102,0.232430412376677,1.20426664277116
-21.5911865234375,-22.88818359375,-355.682373046875,-27.2369384765625,20.2178955078125,-377.8076171875,0.985154151916504,-9.53653335571289,-4.03411436080933,1.18879973888397,0.597744166851044,0.439999908208847,-1.46867215633392,-5.26225423812866,7.61239290237427,0.16206681728363,0.142248064279556,0.217999279499054,-2.20467567443848,-6.51116037368774,4.9200701713562,-2.20443654060364,-0.214800730347633,-0.0810336172580719,-0.634299635887146,-9.08372688293457,-1.70532858371735,0.60507345199585,0.237389475107193,-0.0589936226606369,73.4168994525,-55.0712780599999,-2.302840959,-1.0132862976454,0.231450770547894,1.19502331764444
-21.7819213867188,-22.9263305664063,-355.8349609375,-27.2369384765625,20.4086303710938,-377.8076171875,0.979125916957855,-9.5375804901123,-4.02640724182129,1.18924045562744,0.59811669588089,0.438609749078751,-1.48176515102386,-5.2623348236084,7.61242532730103,0.162041708827019,0.142391338944435,0.21779491007328,-2.20752739906311,-6.5142879486084,4.92626333236694,-2.2063570022583,-0.222013711929321,-0.0798690542578697,-0.626351773738861,-9.08716201782227,-1.71421182155609,0.607779026031494,0.238059461116791,-0.0582089982926846,73.245403955,-54.57419083,-2.292043732,-1.01311905561977,0.230471128719111,1.18577999251772
-21.97265625,-22.9644775390625,-355.987548828125,-27.2369384765625,20.599365234375,-377.8076171875,0.973097681999207,-9.5386266708374,-4.01870012283325,1.18968117237091,0.598489284515381,0.437219560146332,-1.49485814571381,-5.26241540908813,7.61245775222778,0.162016600370407,0.142534598708153,0.217590540647507,-2.21037912368774,-6.51741552352905,4.93245697021484,-2.20827746391296,-0.229226693511009,-0.0787044912576675,-0.618403911590576,-9.09059619903564,-1.72309494018555,0.610484540462494,0.238729432225227,-0.0574243739247322,73.0739084575,-54.0771036,-2.281246505,-1.01295181359415,0.229491486890329,1.176536667391
-22.1633911132813,-23.1552124023438,-356.292724609375,-27.1987915039063,20.599365234375,-377.50244140625,0.968293964862823,-9.53798961639404,-4.01264619827271,1.19030284881592,0.597657799720764,0.435515761375427,-1.50695836544037,-5.26314067840576,7.61361074447632,0.162116944789886,0.142423465847969,0.217373713850975,-2.20890283584595,-6.52063179016113,4.94068050384521,-2.20891141891479,-0.236432492733002,-0.0780183523893356,-0.613664448261261,-9.09507083892822,-1.73010790348053,0.614023149013519,0.238326177000999,-0.0571216829121113,72.90241296,-53.58001637,-2.270449278,-1.01278457156853,0.228511845061546,1.16729334226428
-22.3541259765625,-23.345947265625,-356.597900390625,-27.16064453125,20.599365234375,-377.197265625,0.964714705944061,-9.53566741943359,-4.00824546813965,1.19110548496246,0.595622301101685,0.433498322963715,-1.51806592941284,-5.26451110839844,7.61588430404663,0.162342712283134,0.142057940363884,0.217144429683685,-2.20309829711914,-6.52393674850464,4.95093393325806,-2.20825886726379,-0.243631079792976,-0.0778106525540352,-0.612133502960205,-9.10058498382568,-1.73525047302246,0.618394732475281,0.236849665641785,-0.0573009327054024,72.7309174625,-53.0829291400001,-2.259652051,-1.01261732954291,0.227532203232763,1.15805001713756
-22.3159790039063,-23.4222412109375,-356.521606445313,-27.3895263671875,20.7138061523438,-376.815795898438,0.961135447025299,-9.53334617614746,-4.00384473800659,1.1919082403183,0.593586802482605,0.431480884552002,-1.52917337417603,-5.26588201522827,7.61815738677979,0.162568494677544,0.141692414879799,0.216915130615234,-2.19729375839233,-6.5272421836853,4.9611873626709,-2.20760655403137,-0.250829666852951,-0.0776029527187347,-0.610602557659149,-9.10609817504883,-1.74039304256439,0.622766375541687,0.235373169183731,-0.0574801824986935,72.559421965,-52.5858419099999,-2.248854824,-1.01245008751729,0.22655256140398,1.14880669201084
-22.27783203125,-23.49853515625,-356.4453125,-27.618408203125,20.8282470703125,-376.434326171875,0.957556188106537,-9.53102397918701,-3.99944376945496,1.19271087646484,0.591551244258881,0.429463475942612,-1.5402809381485,-5.26725244522095,7.6204309463501,0.162794277071953,0.141326889395714,0.216685846447945,-2.19148921966553,-6.53054714202881,4.97144079208374,-2.20695424079895,-0.258028268814087,-0.0773952528834343,-0.609071612358093,-9.11161231994629,-1.74553561210632,0.627137959003448,0.233896657824516,-0.0576594322919846,72.3879264675,-52.08875468,-2.238057597,-1.01228284549167,0.225572919575198,1.13956336688412
-22.3541259765625,-23.651123046875,-356.4453125,-27.5802612304688,20.8282470703125,-376.129150390625,0.953976929187775,-9.52870273590088,-3.9950430393219,1.19351351261139,0.589515745639801,0.427446037530899,-1.55138850212097,-5.26862287521362,7.62270450592041,0.163020044565201,0.140961363911629,0.216456547379494,-2.18568468093872,-6.53385210037231,4.98169469833374,-2.20630168914795,-0.2652268409729,-0.0771875455975533,-0.607540667057037,-9.11712646484375,-1.75067830085754,0.63150954246521,0.232420146465302,-0.0578386820852757,72.21643097,-51.59166745,-2.22726037,-1.01211560346604,0.224593277746415,1.13032004175739
-22.430419921875,-23.8037109375,-356.4453125,-27.5421142578125,20.8282470703125,-375.823974609375,0.950397670269012,-9.52638149261475,-3.99064230918884,1.19431626796722,0.587480247020721,0.425428599119186,-1.56249594688416,-5.2699933052063,7.62497806549072,0.16324582695961,0.140595838427544,0.216227248311043,-2.17988014221191,-6.53715753555298,4.99194812774658,-2.20564937591553,-0.272425442934036,-0.0769798457622528,-0.606009662151337,-9.12263965606689,-1.75582087039948,0.635881185531616,0.230943650007248,-0.0580179281532764,72.216198986,-51.5917599375,-2.227100977,-1.01127891581614,0.223624280745301,1.13195151941062
-22.3922729492188,-23.7274169921875,-356.4453125,-27.9617309570313,21.0189819335938,-375.213623046875,0.94681841135025,-9.5240592956543,-3.98624134063721,1.19511890411377,0.585444748401642,0.423411160707474,-1.57360351085663,-5.27136373519897,7.62725162506104,0.163471609354019,0.140230312943459,0.215997964143753,-2.17407560348511,-6.54046249389648,5.00220155715942,-2.20499706268311,-0.279624044895172,-0.0767721459269524,-0.604478716850281,-9.12815380096436,-1.76096343994141,0.640252768993378,0.229467138648033,-0.0581971779465675,72.215967002,-51.591852425,-2.226941584,-1.01044222816623,0.222655283744187,1.13358299706384
-22.3541259765625,-23.651123046875,-356.4453125,-28.38134765625,21.209716796875,-374.603271484375,0.943239212036133,-9.52173805236816,-3.98184061050415,1.1959216594696,0.583409249782562,0.421393722295761,-1.58471095561981,-5.27273464202881,7.62952470779419,0.163697376847267,0.139864772558212,0.215768665075302,-2.16827130317688,-6.54376792907715,5.01245498657227,-2.2043445110321,-0.286822617053986,-0.0765644460916519,-0.602947771549225,-9.13366794586182,-1.76610600948334,0.644624412059784,0.22799064218998,-0.0583764277398586,72.215735018,-51.5919449125,-2.226782191,-1.00960554051632,0.221686286743072,1.13521447471706
-22.5830078125,-23.7274169921875,-356.292724609375,-28.1524658203125,21.1334228515625,-374.221801757813,0.939659953117371,-9.51941585540771,-3.97743964195251,1.19672429561615,0.581373751163483,0.419376283884048,-1.59581851959229,-5.27410507202148,7.6317982673645,0.163923159241676,0.139499247074127,0.215539380908012,-2.16246676445007,-6.54707288742065,5.02270889282227,-2.20369219779968,-0.294021219015121,-0.0763567388057709,-0.601416826248169,-9.13918113708496,-1.77124869823456,0.648995995521545,0.226514130830765,-0.0585556775331497,72.215503034,-51.5920374,-2.226622798,-1.00876885286642,0.220717289741958,1.13684595237028
-22.8118896484375,-23.8037109375,-356.14013671875,-27.923583984375,21.05712890625,-373.84033203125,0.936080694198608,-9.51709461212158,-3.97303891181946,1.1975269317627,0.579338252544403,0.417358845472336,-1.60692608356476,-5.27547550201416,7.63407182693481,0.164148926734924,0.139133721590042,0.215310081839561,-2.15666222572327,-6.55037784576416,5.03296232223511,-2.20303964614868,-0.301219791173935,-0.0761490389704704,-0.599885880947113,-9.14469528198242,-1.77639126777649,0.653367578983307,0.22503761947155,-0.0587349273264408,72.21527105,-51.5921298875,-2.226463405,-1.00793216521651,0.219748292740844,1.13847743002351
-22.88818359375,-23.956298828125,-356.216430664063,-28.0380249023438,21.1715698242188,-373.687744140625,0.932501435279846,-9.51477241516113,-3.96863794326782,1.19832968711853,0.577302694320679,0.415341436862946,-1.61803352832794,-5.27684593200684,7.63634538650513,0.164374709129333,0.138768196105957,0.215080797672272,-2.15085768699646,-6.55368328094482,5.04321575164795,-2.20238733291626,-0.308418393135071,-0.07594133913517,-0.598354935646057,-9.15020942687988,-1.78153383731842,0.657739222049713,0.223561123013496,-0.0589141771197319,72.215039066,-51.592222375,-2.226304012,-1.0070954775666,0.21877929573973,1.14010890767673
-22.9644775390625,-24.10888671875,-356.292724609375,-28.1524658203125,21.2860107421875,-373.53515625,0.928922176361084,-9.512451171875,-3.96423721313477,1.19913232326508,0.575267195701599,0.413323998451233,-1.62914109230042,-5.27821683883667,7.63861846923828,0.164600491523743,0.138402670621872,0.214851498603821,-2.14505314826965,-6.55698823928833,5.05346918106079,-2.20173501968384,-0.315616995096207,-0.0757336392998695,-0.596823930740356,-9.15572357177734,-1.78667640686035,0.662110805511475,0.222084611654282,-0.0590934231877327,72.214807082,-51.5923148625,-2.226144619,-1.00625878991669,0.217810298738616,1.14174038532995
-22.88818359375,-24.1851806640625,-356.369018554688,-28.1524658203125,21.2478637695313,-373.077392578125,0.925342917442322,-9.51012897491455,-3.95983624458313,1.19993507862091,0.57323169708252,0.41130656003952,-1.6402485370636,-5.27958726882935,7.64089202880859,0.164826259016991,0.138037145137787,0.214622214436531,-2.13924860954285,-6.56029367446899,5.06372308731079,-2.20108246803284,-0.32281556725502,-0.0755259320139885,-0.595292985439301,-9.16123676300049,-1.79181909561157,0.666482448577881,0.220608115196228,-0.0592726729810238,72.214575098,-51.59240735,-2.225985226,-1.00542210226679,0.216841301737502,1.14337186298317
-22.8118896484375,-24.261474609375,-356.4453125,-28.1524658203125,21.209716796875,-372.61962890625,0.92176365852356,-9.50780773162842,-3.95543551445007,1.20073771476746,0.57119619846344,0.409289121627808,-1.65135610103607,-5.28095769882202,7.64316558837891,0.1650520414114,0.137671619653702,0.21439291536808,-2.13344407081604,-6.5635986328125,5.07397651672363,-2.20043015480042,-0.330014169216156,-0.075318232178688,-0.593762040138245,-9.16675090789795,-1.7969616651535,0.670854032039642,0.219131603837013,-0.0594519227743149,72.214343114,-51.5924998375,-2.225825833,-1.00458541461688,0.215872304736388,1.1450033406364
-22.9644775390625,-24.2233276367188,-356.4453125,-28.2669067382813,21.4004516601563,-372.00927734375,0.917039573192596,-9.50285816192627,-3.94182682037354,1.20107448101044,0.568576812744141,0.407734036445618,-1.65654718875885,-5.27779722213745,7.64545488357544,0.164940908551216,0.136954933404922,0.213443249464035,-2.12141585350037,-6.56303405761719,5.07349157333374,-2.19971704483032,-0.336840361356735,-0.0747878327965736,-0.594310283660889,-9.17818260192871,-1.80642628669739,0.674121856689453,0.216411799192429,-0.0602116249501705,72.21411113,-51.592592325,-2.22566644,-1.00374872696697,0.214903307735274,1.14663481828962
-23.1170654296875,-24.1851806640625,-356.4453125,-28.38134765625,21.5911865234375,-371.39892578125,0.912315487861633,-9.4979076385498,-3.92821788787842,1.20141124725342,0.565957367420197,0.406178951263428,-1.66173827648163,-5.27463674545288,7.64774417877197,0.164829790592194,0.136238232254982,0.21249358355999,-2.10938763618469,-6.56246900558472,5.07300710678101,-2.19900417327881,-0.343666523694992,-0.0742574408650398,-0.594858527183533,-9.18961429595947,-1.81589102745056,0.677389740943909,0.213691979646683,-0.0609713271260262,72.213879146,-51.5926848125,-2.225507047,-1.00291203931707,0.21393431073416,1.14826629594284
-23.2315063476563,-24.4140625,-356.4453125,-28.4194946289063,21.514892578125,-371.09375,0.907591342926025,-9.49295806884766,-3.91460919380188,1.2017480134964,0.563337981700897,0.404623866081238,-1.6669294834137,-5.27147579193115,7.65003395080566,0.16471865773201,0.135521546006203,0.211543932557106,-2.09735941886902,-6.5619044303894,5.07252216339111,-2.19829106330872,-0.350492715835571,-0.0737270414829254,-0.595406770706177,-9.20104598999023,-1.82535564899445,0.680657565593719,0.210972175002098,-0.0617310293018818,72.213647162,-51.5927773,-2.225347654,-1.00207535166716,0.212965313733046,1.14989777359606
-23.345947265625,-24.6429443359375,-356.4453125,-28.4576416015625,21.4385986328125,-370.78857421875,0.902867257595062,-9.48800754547119,-3.90100026130676,1.20208477973938,0.560718595981598,0.403068780899048,-1.67212057113647,-5.26831531524658,7.6523232460022,0.164607524871826,0.134804859757423,0.210594266653061,-2.08533120155334,-6.56133985519409,5.07203722000122,-2.1975781917572,-0.357318907976151,-0.0731966495513916,-0.595954954624176,-9.212477684021,-1.83482038974762,0.68392539024353,0.208252355456352,-0.0624907314777374,72.213415178,-51.5928697875,-2.225188261,-1.00123866401725,0.211996316731931,1.15152925124929
-23.2696533203125,-24.6810913085938,-356.369018554688,-28.4576416015625,21.5530395507813,-370.254516601563,0.898143172264099,-9.48305797576904,-3.88739156723022,1.20242154598236,0.558099150657654,0.401513695716858,-1.67731165885925,-5.26515483856201,7.65461254119873,0.164496406912804,0.134088173508644,0.209644600749016,-2.07330322265625,-6.56077527999878,5.07155275344849,-2.19686508178711,-0.36414510011673,-0.0726662501692772,-0.59650319814682,-9.22391033172607,-1.8442850112915,0.687193214893341,0.205532550811768,-0.0632504373788834,72.213183194,-51.592962275,-2.225028868,-1.00040197636735,0.211027319730817,1.15316072890251
-23.193359375,-24.71923828125,-356.292724609375,-28.4576416015625,21.66748046875,-369.720458984375,0.893419086933136,-9.47810745239258,-3.87378263473511,1.20275831222534,0.555479764938354,0.399958610534668,-1.68250274658203,-5.26199436187744,7.65690183639526,0.16438527405262,0.133371472358704,0.208694934844971,-2.06127500534058,-6.56021022796631,5.07106781005859,-2.19615197181702,-0.370971262454987,-0.0721358582377434,-0.597051441669464,-9.23534202575684,-1.85374975204468,0.690461099147797,0.202812731266022,-0.0640101358294487,72.21295121,-51.5930547625,-2.224869475,-0.999565288717439,0.210058322729703,1.15479220655573
-23.193359375,-24.7955322265625,-356.292724609375,-28.4957885742188,21.66748046875,-369.338989257813,0.888695001602173,-9.47315788269043,-3.86017394065857,1.20309507846832,0.55286031961441,0.3984035551548,-1.6876939535141,-5.25883340835571,7.6591911315918,0.164274156093597,0.132654786109924,0.207745268940926,-2.0492467880249,-6.559645652771,5.0705828666687,-2.1954391002655,-0.377797454595566,-0.071605458855629,-0.597599685192108,-9.2467737197876,-1.86321437358856,0.693728923797607,0.200092926621437,-0.0647698417305946,72.212719226,-51.59314725,-2.224710082,-0.998728601067532,0.209089325728589,1.15642368420895
-23.193359375,-24.871826171875,-356.292724609375,-28.533935546875,21.66748046875,-368.95751953125,0.88397091627121,-9.46820735931396,-3.84656500816345,1.2034318447113,0.550240933895111,0.39684846997261,-1.69288504123688,-5.25567293167114,7.66148042678833,0.164163023233414,0.131938099861145,0.20679560303688,-2.03721857070923,-6.55908107757568,5.07009840011597,-2.19472599029541,-0.384623646736145,-0.0710750669240952,-0.598147928714752,-9.25820541381836,-1.87267911434174,0.696996748447418,0.197373107075691,-0.06552954018116,72.212487242,-51.5932397375,-2.224550689,-0.997891913417625,0.208120328727475,1.15805516186218
-23.3078002929688,-24.9099731445313,-356.369018554688,-28.533935546875,21.7437744140625,-368.95751953125,0.879246771335602,-9.46325778961182,-3.83295631408691,1.20376861095428,0.547621548175812,0.395293384790421,-1.69807612895966,-5.25251245498657,7.66377019882202,0.16405189037323,0.131221398711205,0.205845952033997,-2.02519035339355,-6.55851602554321,5.06961345672607,-2.1940131187439,-0.391449838876724,-0.0705446675419807,-0.598696172237396,-9.26963710784912,-1.88214373588562,0.700264573097229,0.194653302431107,-0.0662892460823059,72.212255258,-51.593332225,-2.224391296,-0.997055225767718,0.207151331726361,1.1596866395154
-23.4222412109375,-24.9481201171875,-356.4453125,-28.533935546875,21.820068359375,-368.95751953125,0.874522686004639,-9.45830821990967,-3.8193473815918,1.20410537719727,0.545002102851868,0.393738299608231,-1.70326721668243,-5.249351978302,7.66605949401855,0.163940772414207,0.130504712462425,0.204896286129951,-2.01316213607788,-6.5579514503479,5.06912851333618,-2.1933000087738,-0.398276001214981,-0.0700142756104469,-0.59924441576004,-9.28106880187988,-1.89160847663879,0.703532457351685,0.191933482885361,-0.0670489519834518,72.212023274,-51.5934247125,-2.224231903,-0.996218538117811,0.206182334725246,1.16131811716862
-23.4603881835938,-25.177001953125,-356.4453125,-28.4957885742188,21.820068359375,-368.423461914063,0.869798600673676,-9.4533576965332,-3.80573868751526,1.20444214344025,0.542382717132568,0.392183214426041,-1.70845830440521,-5.24619150161743,7.66834878921509,0.163829639554024,0.129788026213646,0.203946620225906,-2.00113391876221,-6.55738687515259,5.06864404678345,-2.19258689880371,-0.40510219335556,-0.0694838762283325,-0.59979259967804,-9.29250049591064,-1.90107309818268,0.706800282001495,0.189213678240776,-0.0678086504340172,72.21179129,-51.5935172,-2.22407251,-0.995381850467904,0.205213337724132,1.16294959482184
-23.49853515625,-25.4058837890625,-356.4453125,-28.4576416015625,21.820068359375,-367.889404296875,0.865074515342712,-9.44840812683105,-3.79212975502014,1.20477890968323,0.539763331413269,0.390628129243851,-1.71364951133728,-5.2430305480957,7.67063808441162,0.16371850669384,0.129071325063705,0.202996954321861,-1.98910582065582,-6.55682182312012,5.06815910339355,-2.1918740272522,-0.41192838549614,-0.0689534842967987,-0.600340843200684,-9.30393218994141,-1.91053783893585,0.710068106651306,0.18649385869503,-0.0685683563351631,72.1330275195,-51.5642104465,-2.217230065,-0.994903123784689,0.203813905817361,1.17036976435298
-23.5748291015625,-25.4058837890625,-356.369018554688,-28.4576416015625,21.9345092773438,-367.813110351563,0.860350430011749,-9.44345760345459,-3.7785210609436,1.20511567592621,0.537143886089325,0.389073044061661,-1.71884059906006,-5.23987007141113,7.67292737960815,0.163607388734818,0.128354638814926,0.202047288417816,-1.97707760334015,-6.5562572479248,5.06767416000366,-2.1911609172821,-0.418754577636719,-0.0684230849146843,-0.600889086723328,-9.31536388397217,-1.92000246047974,0.713335931301117,0.183774054050446,-0.0693280547857285,72.054263749,-51.534903693,-2.21038762,-0.994424397101475,0.202414473910589,1.17778993388412
-23.651123046875,-25.4058837890625,-356.292724609375,-28.4576416015625,22.0489501953125,-367.73681640625,0.855916678905487,-9.43937873840332,-3.76571130752563,1.20518016815186,0.534350752830505,0.387808203697205,-1.72270166873932,-5.23776626586914,7.67746639251709,0.163403123617172,0.127449840307236,0.201133534312248,-1.96459853649139,-6.55549955368042,5.05962800979614,-2.19122910499573,-0.424665033817291,-0.0676203891634941,-0.609193027019501,-9.33038330078125,-1.93187713623047,0.715596854686737,0.180681645870209,-0.0702937766909599,71.9754999785,-51.5055969395,-2.203545175,-0.993945670418261,0.201015042003817,1.18521010341527
-23.7274169921875,-25.5584716796875,-356.521606445313,-28.4957885742188,21.97265625,-367.202758789063,0.851773381233215,-9.43617057800293,-3.75370073318481,1.20497226715088,0.531383812427521,0.386833637952805,-1.72523272037506,-5.23671865463257,7.68425416946411,0.163105711340904,0.126356929540634,0.200255692005157,-1.95166850090027,-6.5545482635498,5.04402017593384,-2.19207859039307,-0.429659783840179,-0.0665453895926476,-0.625252604484558,-9.34898853302002,-1.94616186618805,0.716850757598877,0.17721663415432,-0.0714655146002769,71.896736208,-51.476290186,-2.19670273,-0.993466943735047,0.199615610097046,1.19263027294641
-23.8037109375,-25.7110595703125,-356.75048828125,-28.533935546875,21.8963623046875,-366.668701171875,0.847630023956299,-9.43296241760254,-3.74169039726257,1.20476448535919,0.528416872024536,0.385859042406082,-1.72776365280151,-5.235671043396,7.69104242324829,0.162808299064636,0.125264033675194,0.199377849698067,-1.93873846530914,-6.55359697341919,5.02841234207153,-2.19292783737183,-0.43465456366539,-0.065470390021801,-0.64131224155426,-9.36759471893311,-1.96044659614563,0.718104660511017,0.173751637339592,-0.072637252509594,71.8179724375,-51.4469834325,-2.189860285,-0.992988217051832,0.198216178190274,1.20005044247755
-23.8418579101563,-25.8255004882813,-356.216430664063,-28.6865234375,22.0489501953125,-366.592407226563,0.843486726284027,-9.42975521087646,-3.72967982292175,1.20455658435822,0.525449991226196,0.384884476661682,-1.73029470443726,-5.23462343215942,7.69783020019531,0.162510886788368,0.124171122908592,0.198500007390976,-1.92580854892731,-6.55264616012573,5.01280498504639,-2.19377732276917,-0.439649313688278,-0.064395397901535,-0.657371819019318,-9.38619995117188,-1.97473132610321,0.719358623027802,0.170286640524864,-0.0738089829683304,71.739208667,-51.417676679,-2.18301784,-0.992509490368618,0.196816746283502,1.20747061200869
-23.8800048828125,-25.93994140625,-355.682373046875,-28.839111328125,22.2015380859375,-366.51611328125,0.839343428611755,-9.42654705047607,-3.71766924858093,1.20434868335724,0.522483050823212,0.38390988111496,-1.732825756073,-5.23357582092285,7.70461845397949,0.1622134745121,0.123078212141991,0.197622165083885,-1.91287851333618,-6.55169486999512,4.99719715118408,-2.1946268081665,-0.444644063711166,-0.0633203983306885,-0.673431396484375,-9.40480613708496,-1.98901605606079,0.720612525939941,0.166821628808975,-0.0749807208776474,71.6604448965,-51.3883699255,-2.176175395,-0.992030763685404,0.195417314376731,1.21489078153983
-23.7655639648438,-26.0162353515625,-355.987548828125,-28.839111328125,22.430419921875,-365.982055664063,0.835200071334839,-9.42333889007568,-3.70565867424011,1.20414090156555,0.519516170024872,0.382935285568237,-1.73535680770874,-5.23252868652344,7.71140670776367,0.161916062235832,0.12198530882597,0.196744322776794,-1.89994847774506,-6.5507435798645,4.98158931732178,-2.19547605514526,-0.449638813734055,-0.0622453987598419,-0.689491033554077,-9.42341136932373,-2.00330066680908,0.721866428852081,0.163356631994247,-0.0761524587869644,71.581681126,-51.359063172,-2.16933295,-0.991552037002189,0.194017882469959,1.22231095107097
-23.651123046875,-26.092529296875,-356.292724609375,-28.839111328125,22.6593017578125,-365.447998046875,0.831056773662567,-9.42013072967529,-3.69364809989929,1.20393300056458,0.516549229621887,0.381960719823837,-1.73788785934448,-5.23148107528687,7.71819448471069,0.161618649959564,0.120892398059368,0.195866480469704,-1.88701856136322,-6.54979276657104,4.96598148345947,-2.1963255405426,-0.454633563756943,-0.0611703991889954,-0.705550611019135,-9.44201755523682,-2.01758551597595,0.723120391368866,0.15989163517952,-0.0773241966962814,71.5029173555,-51.3297564185,-2.162490505,-0.991073310318975,0.192618450563187,1.22973112060211
-23.7274169921875,-26.0543823242188,-356.369018554688,-28.6865234375,22.5830078125,-365.447998046875,0.826913416385651,-9.4169225692749,-3.68163776397705,1.2037250995636,0.513582289218903,0.380986124277115,-1.74041879177094,-5.23043346405029,7.72498273849487,0.161321237683296,0.119799494743347,0.194988638162613,-1.87408852577209,-6.54884147644043,4.95037364959717,-2.19717478752136,-0.459628343582153,-0.0600953996181488,-0.721610248088837,-9.46062278747559,-2.03187012672424,0.724374294281006,0.156426623463631,-0.0784959346055984,71.424153585,-51.300449665,-2.15564806,-0.990594583635761,0.191219018656415,1.23715129013325
-23.8037109375,-26.0162353515625,-356.4453125,-28.533935546875,22.5067138671875,-365.447998046875,0.822770118713379,-9.41371440887451,-3.66962718963623,1.20351731777191,0.510615408420563,0.380011558532715,-1.74294984340668,-5.22938585281372,7.73177051544189,0.161023825407028,0.118706583976746,0.194110795855522,-1.86115849018097,-6.54789018630981,4.93476581573486,-2.1980242729187,-0.464623093605042,-0.0590204037725925,-0.737669825553894,-9.47922897338867,-2.04615497589111,0.725628197193146,0.152961626648903,-0.0796676725149155,71.3453898145,-51.2711429115,-2.148805615,-0.990115856952547,0.189819586749644,1.24457145966439
-23.8800048828125,-26.397705078125,-356.292724609375,-28.5720825195313,22.6593017578125,-365.371704101563,0.818626821041107,-9.41050624847412,-3.65761661529541,1.20330941677094,0.507648468017578,0.379036962985992,-1.74548089504242,-5.22833824157715,7.73855876922607,0.16072641313076,0.117613680660725,0.193232953548431,-1.84822857379913,-6.54693937301636,4.91915798187256,-2.19887375831604,-0.46961784362793,-0.057945404201746,-0.753729403018951,-9.49783420562744,-2.0604395866394,0.72688215970993,0.149496614933014,-0.0808394104242325,71.266626044,-51.241836158,-2.14196317,-0.989637130269332,0.188420154842872,1.25199162919553
-23.956298828125,-26.7791748046875,-356.14013671875,-28.6102294921875,22.8118896484375,-365.29541015625,0.814483463764191,-9.40729904174805,-3.64560604095459,1.20310151576996,0.504681527614594,0.378062397241592,-1.74801194667816,-5.22729063034058,7.7453465461731,0.160429000854492,0.116520769894123,0.192355111241341,-1.83529853820801,-6.54598808288574,4.90355062484741,-2.1997230052948,-0.474612593650818,-0.0568704046308994,-0.769789040088654,-9.51644039154053,-2.07472443580627,0.72813606262207,0.146031618118286,-0.0820111408829689,71.1878622735,-51.2125294045,-2.135120725,-0.989158403586118,0.1870207229361,1.25941179872667
-23.9944458007813,-26.8936157226563,-356.216430664063,-28.7246704101563,22.9263305664063,-365.142822265625,0.810340166091919,-9.40409088134766,-3.63359570503235,1.20289361476898,0.501714646816254,0.37708780169487,-1.75054287910461,-5.22624349594116,7.75213479995728,0.160131588578224,0.115427866578102,0.19147726893425,-1.82236850261688,-6.54503679275513,4.88794279098511,-2.20057249069214,-0.479607373476028,-0.0557954050600529,-0.785848617553711,-9.5350456237793,-2.08900904655457,0.72938996553421,0.142566621303558,-0.0831828787922859,71.109098503,-51.183222651,-2.12827828,-0.988679676902904,0.185621291029329,1.26683196825781
-24.0325927734375,-27.008056640625,-356.292724609375,-28.839111328125,23.040771484375,-364.990234375,0.806196808815002,-9.40088272094727,-3.62158513069153,1.20268583297729,0.498747706413269,0.37611323595047,-1.75307393074036,-5.22519588470459,7.7589225769043,0.159834176301956,0.114334955811501,0.190599426627159,-1.80943858623505,-6.54408597946167,4.8723349571228,-2.2014217376709,-0.484602123498917,-0.0547204092144966,-0.801908254623413,-9.55365180969238,-2.10329389572144,0.730643928050995,0.139101609587669,-0.0843546167016029,71.0303347325,-51.1539158975,-2.121435835,-0.988200950219689,0.184221859122557,1.27425213778895
-24.0707397460938,-27.0843505859375,-355.758666992188,-28.839111328125,23.0026245117188,-364.913940429688,0.802053511142731,-9.39767456054688,-3.60957455635071,1.20247793197632,0.495780795812607,0.375138640403748,-1.7556049823761,-5.22414827346802,7.76571083068848,0.159536764025688,0.11324205249548,0.189721584320068,-1.79650855064392,-6.54313468933105,4.8567271232605,-2.20227122306824,-0.489596873521805,-0.0536454096436501,-0.81796783208847,-9.57225704193115,-2.11757850646973,0.731897830963135,0.135636612772942,-0.08552635461092,70.951570962,-51.124609144,-2.11459339,-0.987722223536475,0.182822427215785,1.28167230732009
-24.10888671875,-27.16064453125,-355.224609375,-28.839111328125,22.9644775390625,-364.837646484375,0.792669653892517,-9.40067386627197,-3.58495402336121,1.20143151283264,0.493010967969894,0.374454259872437,-1.76102244853973,-5.21208763122559,7.76509714126587,0.158916831016541,0.11187682300806,0.188567742705345,-1.78620648384094,-6.54105472564697,4.83592891693115,-2.20274043083191,-0.494699478149414,-0.052584782242775,-0.842925906181335,-9.58699226379395,-2.11939907073975,0.732442438602448,0.133898928761482,-0.0849600210785866,70.8728071915,-51.0953023905,-2.107750945,-0.987243496853261,0.181422995309014,1.28909247685123
-24.1470336914063,-27.3895263671875,-355.148315429688,-28.8009643554688,22.9263305664063,-364.913940429688,0.783285796642303,-9.40367317199707,-3.5603334903717,1.20038521289825,0.490241169929504,0.373769879341125,-1.76644003391266,-5.200026512146,7.76448392868042,0.158296898007393,0.110511586070061,0.187413901090622,-1.77590441703796,-6.53897476196289,4.81513071060181,-2.20320987701416,-0.499802052974701,-0.0515241548418999,-0.867884039878845,-9.60172843933105,-2.12121963500977,0.732987105846405,0.132161244750023,-0.0843936875462532,70.794043421,-51.065995637,-2.1009085,-0.986764770170046,0.180023563402242,1.29651264638237
-24.1851806640625,-27.618408203125,-355.072021484375,-28.7628173828125,22.88818359375,-364.990234375,0.77390193939209,-9.40667247772217,-3.5357129573822,1.19933879375458,0.487471342086792,0.373085498809814,-1.77185750007629,-5.18796586990356,7.76387023925781,0.157676964998245,0.109146356582642,0.186260059475899,-1.76560235023499,-6.53689479827881,4.79433250427246,-2.20367908477783,-0.504904627799988,-0.0504635274410248,-0.89284211397171,-9.61646366119385,-2.12303996086121,0.733531713485718,0.130423560738564,-0.0838273540139198,70.7152796505,-51.0366888835,-2.094066055,-0.986286043486832,0.17862413149547,1.30393281591351
-24.261474609375,-27.77099609375,-355.148315429688,-28.8772583007813,22.88818359375,-364.837646484375,0.764518082141876,-9.40967178344727,-3.51109266281128,1.1982923746109,0.484701544046402,0.372401118278503,-1.77727496623993,-5.17590475082397,7.76325654983521,0.157057031989098,0.107781119644642,0.185106217861176,-1.7553004026413,-6.53481483459473,4.77353429794312,-2.20414853096008,-0.510007262229919,-0.0494029000401497,-0.91780024766922,-9.63119888305664,-2.12486052513123,0.734076321125031,0.128685876727104,-0.0832610204815865,70.63651588,-51.00738213,-2.08722361,-0.985807316803618,0.177224699588699,1.31135298544465
-24.3377685546875,-27.923583984375,-355.224609375,-28.99169921875,22.88818359375,-364.68505859375,0.755134224891663,-9.41267108917236,-3.48647212982178,1.19724595546722,0.48193171620369,0.371716737747192,-1.78269243240356,-5.16384410858154,7.76264333724976,0.156437113881111,0.106415890157223,0.183952391147614,-1.74499833583832,-6.53273487091064,4.75273609161377,-2.20461773872375,-0.515109837055206,-0.0483422726392746,-0.942758321762085,-9.64593410491943,-2.12668108940125,0.734620988368988,0.126948192715645,-0.0826946869492531,70.636180955,-51.007234542,-2.087075938,-0.985017669710357,0.17568642964566,1.31989780646732
-24.2996215820313,-28.1143188476563,-354.91943359375,-28.9535522460938,23.0789184570313,-364.608764648438,0.745750367641449,-9.41567039489746,-3.46185159683228,1.19619965553284,0.4791619181633,0.371032357215881,-1.78811001777649,-5.15178298950195,7.76202964782715,0.155817180871964,0.105050653219223,0.18279854953289,-1.73469626903534,-6.53065490722656,4.73193788528442,-2.20508718490601,-0.520212411880493,-0.0472816452383995,-0.967716455459595,-9.66067028045654,-2.12850165367126,0.735165596008301,0.125210508704185,-0.0821283534169197,70.63584603,-51.007086954,-2.086928266,-0.984228022617096,0.174148159702621,1.32844262748999
-24.261474609375,-28.3050537109375,-354.6142578125,-28.9154052734375,23.2696533203125,-364.532470703125,0.736366510391235,-9.41866970062256,-3.43723106384277,1.19515323638916,0.476392090320587,0.370347946882248,-1.79352748394012,-5.13972234725952,7.76141595840454,0.155197247862816,0.103685423731804,0.181644707918167,-1.72439420223236,-6.52857542037964,4.71113967895508,-2.20555639266968,-0.525315046310425,-0.0462210215628147,-0.99267452955246,-9.67540550231934,-2.13032197952271,0.735710203647614,0.123472817242146,-0.0815620198845863,70.635511105,-51.006939366,-2.086780594,-0.983438375523834,0.172609889759581,1.33698744851266
-24.4903564453125,-28.4576416015625,-354.690551757813,-28.7628173828125,23.1552124023438,-364.3798828125,0.726982653141022,-9.42166900634766,-3.41261053085327,1.19410681724548,0.473622292280197,0.369663566350937,-1.79894495010376,-5.12766122817993,7.76080274581909,0.154577314853668,0.102320186793804,0.180490866303444,-1.71409213542938,-6.52649545669556,4.69034147262573,-2.20602583885193,-0.530417621135712,-0.0451603941619396,-1.01763260364532,-9.69014072418213,-2.13214254379272,0.736254870891571,0.121735133230686,-0.080995686352253,70.63517618,-51.006791778,-2.086632922,-0.982648728430573,0.171071619816542,1.34553226953532
-24.71923828125,-28.6102294921875,-354.766845703125,-28.6102294921875,23.040771484375,-364.227294921875,0.717598795890808,-9.42466831207275,-3.38798999786377,1.1930605173111,0.470852464437485,0.368979185819626,-1.8043624162674,-5.1156005859375,7.76018905639648,0.153957381844521,0.100954957306385,0.179337024688721,-1.7037900686264,-6.52441549301147,4.66954326629639,-2.2064950466156,-0.535520195960999,-0.0440997667610645,-1.04259073734283,-9.70487594604492,-2.13396310806274,0.736799478530884,0.119997449219227,-0.0804293528199196,70.634841255,-51.00664419,-2.08648525,-0.981859081337312,0.169533349873503,1.35407709055799
-24.566650390625,-28.533935546875,-354.461669921875,-28.533935546875,23.0789184570313,-363.998413085938,0.708214938640594,-9.42766761779785,-3.36336946487427,1.19201409816742,0.468082636594772,0.368294805288315,-1.80978000164032,-5.10353946685791,7.75957536697388,0.153337448835373,0.0995897278189659,0.178183183073997,-1.69348800182343,-6.52233552932739,4.64874505996704,-2.20696425437927,-0.540622770786285,-0.0430391393601894,-1.06754887104034,-9.71961212158203,-2.13578367233276,0.737344086170197,0.118259765207767,-0.0798630192875862,70.63450633,-51.006496602,-2.086337578,-0.981069434244051,0.167995079930464,1.36262191158066
-24.4140625,-28.4576416015625,-354.156494140625,-28.4576416015625,23.1170654296875,-363.76953125,0.698831081390381,-9.43066692352295,-3.33874917030334,1.19096767902374,0.465312838554382,0.367610424757004,-1.81519746780396,-5.09147882461548,7.75896215438843,0.152717515826225,0.0982244908809662,0.177029341459274,-1.68318605422974,-6.52025556564331,4.6279468536377,-2.20743370056152,-0.545725405216217,-0.0419785119593143,-1.09250700473785,-9.73434734344482,-2.13760423660278,0.737888753414154,0.116522081196308,-0.0792966857552528,70.634171405,-51.006349014,-2.086189906,-0.98027978715079,0.166456809987425,1.37116673260332
-24.4903564453125,-28.7246704101563,-354.156494140625,-28.4576416015625,23.3840942382813,-363.693237304688,0.689447224140167,-9.43366622924805,-3.31412863731384,1.18992137908936,0.46254301071167,0.366926044225693,-1.82061493396759,-5.07941770553589,7.75834846496582,0.152097582817078,0.0968592613935471,0.175875499844551,-1.67288398742676,-6.51817560195923,4.60714864730835,-2.2079029083252,-0.550827980041504,-0.0409178845584393,-1.11746501922607,-9.74908256530762,-2.13942456245422,0.738433361053467,0.114784397184849,-0.0787303522229195,70.63383648,-51.006201426,-2.086042234,-0.979490140057528,0.164918540044386,1.37971155362599
-24.566650390625,-28.99169921875,-354.156494140625,-28.4576416015625,23.651123046875,-363.616943359375,0.680063366889954,-9.43666553497314,-3.28950810432434,1.18887495994568,0.45977321267128,0.366241663694382,-1.82603240013123,-5.06735706329346,7.75773477554321,0.15147764980793,0.0954940244555473,0.174721658229828,-1.66258192062378,-6.51609563827515,4.586350440979,-2.20837235450745,-0.555930554866791,-0.0398572571575642,-1.14242315292358,-9.76381778717041,-2.14124512672424,0.73897796869278,0.113046713173389,-0.0781640186905861,70.633501555,-51.006053838,-2.085894562,-0.978700492964267,0.163380270101347,1.38825637464866
-24.4140625,-29.2587280273438,-353.775024414063,-28.533935546875,23.6129760742188,-363.76953125,0.670284986495972,-9.44252681732178,-3.26434063911438,1.18823897838593,0.457657396793365,0.365736454725266,-1.82946646213531,-5.05763483047485,7.75514698028564,0.150843411684036,0.0940105691552162,0.173483654856682,-1.64907932281494,-6.5138144493103,4.56489944458008,-2.20887756347656,-0.560787618160248,-0.0387840904295444,-1.16158425807953,-9.77569198608398,-2.13012742996216,0.740370094776154,0.112530894577503,-0.0766589343547821,70.63316663,-51.00590625,-2.08574689,-0.977910845871006,0.161842000158308,1.39680119567133
-24.261474609375,-29.5257568359375,-353.3935546875,-28.6102294921875,23.5748291015625,-363.922119140625,0.660111963748932,-9.45124912261963,-3.23862600326538,1.18801331520081,0.456195563077927,0.365410417318344,-1.83091700077057,-5.05025148391724,7.7505841255188,0.150194868445396,0.0924088805913925,0.172161459922791,-1.63237607479095,-6.51133155822754,4.54279565811157,-2.20941853523254,-0.565399050712585,-0.0376983880996704,-1.1749484539032,-9.78470325469971,-2.10607099533081,0.742609739303589,0.113236948847771,-0.0742150992155075,70.632831705,-51.005758662,-2.085599218,-0.977121198777745,0.160303730215269,1.405346016694
-24.2996215820313,-29.5639038085938,-353.012084960938,-28.6102294921875,23.7274169921875,-363.616943359375,0.649938941001892,-9.45997142791748,-3.21291136741638,1.18778765201569,0.45473375916481,0.365084379911423,-1.83236753940582,-5.04286861419678,7.74602127075195,0.149546325206757,0.0908071920275688,0.170839264988899,-1.61567294597626,-6.50884866714478,4.52069234848022,-2.2099597454071,-0.570010542869568,-0.0366126857697964,-1.18831253051758,-9.79371547698975,-2.08201503753662,0.744849383831024,0.113942995667458,-0.0717712715268135,70.63249678,-51.005611074,-2.085451546,-0.976331551684484,0.15876546027223,1.41389083771666
-24.3377685546875,-29.60205078125,-352.630615234375,-28.6102294921875,23.8800048828125,-363.311767578125,0.639765918254852,-9.46869468688965,-3.18719696998596,1.18756198883057,0.453271925449371,0.364758342504501,-1.83381819725037,-5.03548526763916,7.74145889282227,0.148897781968117,0.0892055034637451,0.169517070055008,-1.59896969795227,-6.50636577606201,4.49858856201172,-2.21050071716309,-0.574621975421906,-0.0355269834399223,-1.20167660713196,-9.80272769927979,-2.05795860290527,0.747089028358459,0.114649042487144,-0.0693274363875389,70.632161855,-51.005463486,-2.085303874,-0.975541904591223,0.15722719032919,1.42243565873933
-24.4522094726563,-29.6401977539063,-352.554321289063,-28.6483764648438,23.7655639648438,-363.540649414063,0.629592955112457,-9.4774169921875,-3.16148233413696,1.18733632564545,0.451810121536255,0.36443230509758,-1.83526873588562,-5.02810192108154,7.73689603805542,0.148249238729477,0.0876038148999214,0.168194890022278,-1.58226656913757,-6.50388288497925,4.47648525238037,-2.21104192733765,-0.579233467578888,-0.0344412811100483,-1.21504080295563,-9.81173896789551,-2.03390264511108,0.749328672885895,0.115355096757412,-0.0668836012482643,70.63182693,-51.005315898,-2.085156202,-0.974752257497961,0.155688920386151,1.430980479762
-24.566650390625,-29.6783447265625,-352.47802734375,-28.6865234375,23.651123046875,-363.76953125,0.619419932365417,-9.48613929748535,-3.13576769828796,1.18711066246033,0.450348287820816,0.364106267690659,-1.83671927452087,-5.02071905136108,7.73233318328857,0.147600680589676,0.0860021263360977,0.166872695088387,-1.56556344032288,-6.50139999389648,4.45438146591187,-2.21158289909363,-0.58384495973587,-0.0333555787801743,-1.22840487957001,-9.82075119018555,-2.00984621047974,0.751568257808685,0.116061143577099,-0.0644397735595703,70.631492005,-51.00516831,-2.08500853,-0.9739626104047,0.154150650443112,1.43952530078467
-24.6047973632813,-29.8690795898438,-352.1728515625,-28.533935546875,23.7655639648438,-363.693237304688,0.609246909618378,-9.4948616027832,-3.11005330085754,1.18688499927521,0.4488864839077,0.363780230283737,-1.83816981315613,-5.01333570480347,7.72777080535889,0.146952137351036,0.084400437772274,0.165550500154495,-1.54886019229889,-6.49891710281372,4.43227815628052,-2.21212410926819,-0.588456392288208,-0.0322698764503002,-1.24176895618439,-9.82976341247559,-1.98579013347626,0.753807902336121,0.116767190396786,-0.0619959384202957,70.63115708,-51.005020722,-2.084860858,-0.973172963311439,0.152612380500073,1.44807012180734
-24.6429443359375,-30.059814453125,-351.86767578125,-28.38134765625,23.8800048828125,-363.616943359375,0.599073886871338,-9.50358390808105,-3.08433866500854,1.18665933609009,0.447424650192261,0.363454163074493,-1.83962035179138,-5.00595235824585,7.72320795059204,0.146303594112396,0.0827987492084503,0.164228305220604,-1.53215706348419,-6.49643421173096,4.41017436981201,-2.21266508102417,-0.59306788444519,-0.0311841741204262,-1.25513315200806,-9.83877468109131,-1.96173393726349,0.756047546863556,0.117473244667053,-0.0595521032810211,70.630822155,-51.004873134,-2.084713186,-0.972383316218178,0.151074110557034,1.45661494283
-24.7955322265625,-30.1361083984375,-351.333618164063,-28.38134765625,23.9181518554688,-363.540649414063,0.588900923728943,-9.51230621337891,-3.05862402915955,1.18643367290497,0.445962846279144,0.363128125667572,-1.84107089042664,-4.99856948852539,7.7186450958252,0.145655050873756,0.0811970606446266,0.162906125187874,-1.51545381546021,-6.49395132064819,4.38807106018066,-2.21320629119873,-0.597679316997528,-0.0300984717905521,-1.26849722862244,-9.84778690338135,-1.93767774105072,0.758287191390991,0.11817929148674,-0.0571082718670368,70.63048723,-51.004725546,-2.084565514,-0.971593669124917,0.149535840613995,1.46515976385267
-24.9481201171875,-30.21240234375,-350.799560546875,-28.38134765625,23.956298828125,-363.46435546875,0.578727900981903,-9.52102851867676,-3.03290963172913,1.18620812892914,0.444501012563705,0.362802088260651,-1.84252142906189,-4.99118614196777,7.71408271789551,0.145006507635117,0.0795953720808029,0.161583930253983,-1.49875068664551,-6.49146890640259,4.36596727371216,-2.21374726295471,-0.60229080915451,-0.0290127694606781,-1.28186142444611,-9.85679817199707,-1.91362154483795,0.760526835918427,0.118885345757008,-0.0546644404530525,70.630152305,-51.004577958,-2.084417842,-0.970804022031655,0.147997570670956,1.47370458487534
-25.0625610351563,-30.2505493164063,-350.570678710938,-28.6102294921875,24.10888671875,-363.388061523438,0.568554878234863,-9.52975177764893,-3.00719499588013,1.18598246574402,0.443039208650589,0.362476050853729,-1.84397208690643,-4.98380279541016,7.70951986312866,0.144357964396477,0.0779936835169792,0.160261735320091,-1.48204743862152,-6.48898601531982,4.34386396408081,-2.21428847312927,-0.606902241706848,-0.0279270671308041,-1.29522550106049,-9.86581039428711,-1.88956534862518,0.762766480445862,0.119591392576694,-0.0522206053137779,70.62981738,-51.00443037,-2.08427017,-0.970014374938394,0.146459300727917,1.48224940589801
-25.177001953125,-30.2886962890625,-350.341796875,-28.839111328125,24.261474609375,-363.311767578125,0.558381855487823,-9.53847408294678,-2.98148036003113,1.1857568025589,0.44157737493515,0.362150013446808,-1.84542262554169,-4.97641944885254,7.70495700836182,0.143709406256676,0.0763919949531555,0.1589395403862,-1.46534430980682,-6.48650312423706,4.3217601776123,-2.21482944488525,-0.611513733863831,-0.02684136480093,-1.30858957767487,-9.87482261657715,-1.86550915241241,0.765006065368652,0.120297439396381,-0.0497767738997936,70.466554953,-50.6244382155,-2.0801601175,-0.969344965545669,0.145054789637416,1.48869495549462
-25.2151489257813,-30.517578125,-350.265502929688,-28.533935546875,24.2233276367188,-363.540649414063,0.548208892345428,-9.54719638824463,-2.95576596260071,1.18553113937378,0.440115571022034,0.361823976039886,-1.84687316417694,-4.96903657913208,7.70039463043213,0.143060863018036,0.0747903063893318,0.15761736035347,-1.44864106178284,-6.4840202331543,4.29965686798096,-2.21537065505981,-0.616125166416168,-0.025755662471056,-1.32195377349854,-9.88383388519287,-1.84145295619965,0.767245709896088,0.121003493666649,-0.047332938760519,70.303292526,-50.244446061,-2.076050065,-0.968675556152943,0.143650278546915,1.49514050509124
-25.2532958984375,-30.7464599609375,-350.189208984375,-28.228759765625,24.1851806640625,-363.76953125,0.538035869598389,-9.55591869354248,-2.93005132675171,1.18530547618866,0.438653737306595,0.361497938632965,-1.84832370281219,-4.96165323257446,7.69583177566528,0.142412319779396,0.0731886178255081,0.156295165419579,-1.43193793296814,-6.48153734207153,4.27755308151245,-2.2159116268158,-0.620736658573151,-0.0246699601411819,-1.33531785011292,-9.89284610748291,-1.81739675998688,0.769485354423523,0.121709540486336,-0.0448891073465347,70.140030099,-49.8644539065,-2.0719400125,-0.968006146760218,0.142245767456413,1.50158605468785
-25.1388549804688,-30.8609008789063,-349.655151367188,-28.1524658203125,24.1851806640625,-363.388061523438,0.540713012218475,-9.55927181243896,-2.91920161247253,1.18581080436707,0.436027139425278,0.361017763614655,-1.84832370281219,-4.97203731536865,7.69579982757568,0.141903504729271,0.0715940818190575,0.155076876282692,-1.41122031211853,-6.48289203643799,4.26370429992676,-2.21684694290161,-0.62301903963089,-0.0242973491549492,-1.33283424377441,-9.90174579620361,-1.78058862686157,0.774681210517883,0.123762786388397,-0.0421121008694172,69.976767672,-49.484461752,-2.06782996,-0.967336737367492,0.140841256365912,1.50803160428446
-25.0244140625,-30.975341796875,-349.12109375,-28.076171875,24.1851806640625,-363.006591796875,0.543390095233917,-9.56262493133545,-2.90835213661194,1.18631601333618,0.433400511741638,0.360537588596344,-1.84832370281219,-4.98242092132568,7.69576787948608,0.141394689679146,0.0699995383620262,0.153858572244644,-1.39050281047821,-6.48424625396729,4.24985551834106,-2.21778202056885,-0.625301420688629,-0.0239247363060713,-1.33035063743591,-9.91064548492432,-1.74378049373627,0.779877066612244,0.125816032290459,-0.0393350906670094,69.813505245,-49.1044695975,-2.0637199075,-0.966667327974766,0.139436745275411,1.51447715388108
-25.1388549804688,-31.1279296875,-349.12109375,-28.2669067382813,24.0707397460938,-363.1591796875,0.546067237854004,-9.56597805023193,-2.89750242233276,1.18682134151459,0.430773913860321,0.360057413578033,-1.84832370281219,-4.99280500411987,7.69573593139648,0.140885889530182,0.0684050023555756,0.152640283107758,-1.3697851896286,-6.48560094833374,4.23600673675537,-2.21871733665466,-0.627583861351013,-0.0235521253198385,-1.32786703109741,-9.91954517364502,-1.70697236061096,0.785072922706604,0.12786927819252,-0.0365580841898918,69.650242818,-48.724477443,-2.059609855,-0.965997918582041,0.138032234184909,1.52092270347769
-25.2532958984375,-31.280517578125,-349.12109375,-28.4576416015625,23.956298828125,-363.311767578125,0.548744380474091,-9.56933116912842,-2.88665294647217,1.1873265504837,0.428147286176682,0.359577268362045,-1.84832370281219,-5.0031886100769,7.69570398330688,0.140377074480057,0.0668104588985443,0.151421993970871,-1.34906768798828,-6.4869556427002,4.22215795516968,-2.21965265274048,-0.629866242408752,-0.0231795143336058,-1.32538342475891,-9.92844486236572,-1.67016422748566,0.79026871919632,0.129922524094582,-0.033781073987484,69.486980391,-48.3444852885,-2.0554998025,-0.965328509189315,0.136627723094408,1.52736825307431
-25.32958984375,-31.1660766601563,-349.273681640625,-28.2669067382813,23.9944458007813,-363.388061523438,0.551421463489532,-9.5726842880249,-2.87580323219299,1.18783187866211,0.425520688295364,0.359097093343735,-1.84832370281219,-5.01357269287109,7.69567203521729,0.139868259429932,0.0652159228920937,0.150203704833984,-1.32835006713867,-6.48830986022949,4.20830965042114,-2.22058773040771,-0.632148623466492,-0.0228069014847279,-1.32289981842041,-9.93734455108643,-1.63335621356964,0.79546457529068,0.131975769996643,-0.0310040675103664,69.323717964,-47.964493134,-2.05138975,-0.964659099796589,0.135223212003907,1.53381380267092
-25.4058837890625,-31.0516357421875,-349.42626953125,-28.076171875,24.0325927734375,-363.46435546875,0.554098606109619,-9.57603740692139,-2.8649537563324,1.18833708763123,0.422894060611725,0.358616918325424,-1.84832370281219,-5.02395629882813,7.69564008712769,0.139359444379807,0.063621386885643,0.148985400795937,-1.30763256549835,-6.48966455459595,4.19446086883545,-2.22152304649353,-0.634431004524231,-0.0224342904984951,-1.32041621208191,-9.94624423980713,-1.59654808044434,0.80066043138504,0.134029015898705,-0.0282270591706038,69.160455537,-47.5845009795,-2.0472796975,-0.963989690403864,0.133818700913406,1.54025935226753
-25.4058837890625,-31.3949584960938,-348.892211914063,-28.1143188476563,24.0325927734375,-363.693237304688,0.556775748729706,-9.57938957214355,-2.85410404205322,1.18884241580963,0.420267462730408,0.358136743307114,-1.84832370281219,-5.03434038162231,7.69560813903809,0.138850644230843,0.0620268434286118,0.14776711165905,-1.28691494464874,-6.4910192489624,4.18061208724976,-2.22245836257935,-0.636713445186615,-0.0220616776496172,-1.31793248653412,-9.95514392852783,-1.55973994731903,0.805856287479401,0.136082261800766,-0.0254500508308411,68.99719311,-47.204508825,-2.043169645,-0.963320281011138,0.132414189822904,1.54670490186415
-25.4058837890625,-31.73828125,-348.358154296875,-28.1524658203125,24.0325927734375,-363.922119140625,0.559452831745148,-9.58274269104004,-2.84325456619263,1.18934762477875,0.417640835046768,0.357656568288803,-1.84832370281219,-5.04472398757935,7.69557619094849,0.138341829180717,0.0604323036968708,0.146548822522163,-1.26619744300842,-6.4923734664917,4.16676330566406,-2.22339344024658,-0.638995826244354,-0.0216890666633844,-1.31544888019562,-9.96404361724854,-1.52293181419373,0.811052143573761,0.138135507702827,-0.0226730424910784,68.833930683,-46.8245166705,-2.0390595925,-0.962650871618413,0.131009678732403,1.55315045146076
-25.2914428710938,-31.73828125,-348.358154296875,-28.38134765625,23.956298828125,-363.845825195313,0.562129974365234,-9.58609580993652,-2.83240485191345,1.18985295295715,0.415014237165451,0.357176393270493,-1.84832370281219,-5.05510807037354,7.69554424285889,0.137833014130592,0.0588377676904202,0.145330518484116,-1.24547982215881,-6.49372816085815,4.15291452407837,-2.2243287563324,-0.641278207302094,-0.0213164556771517,-1.31296527385712,-9.97294330596924,-1.48612368106842,0.816247999668121,0.140188753604889,-0.0198960341513157,68.670668256,-46.444524516,-2.03494954,-0.961981462225687,0.129605167641902,1.55959600105738
-25.177001953125,-31.73828125,-348.358154296875,-28.6102294921875,23.8800048828125,-363.76953125,0.564807116985321,-9.58944892883301,-2.82155537605286,1.19035816192627,0.412387639284134,0.356696218252182,-1.84832370281219,-5.06549167633057,7.69551229476929,0.137324199080467,0.0572432279586792,0.144112229347229,-1.2247622013092,-6.49508285522461,4.13906574249268,-2.22526407241821,-0.643560588359833,-0.0209438428282738,-1.31048166751862,-9.98184299468994,-1.44931554794312,0.821443855762482,0.14224199950695,-0.017119025811553,68.507405829,-46.0645323615,-2.0308394875,-0.961312052832961,0.128200656551401,1.56604155065399
-25.2151489257813,-31.7001342773438,-348.052978515625,-28.4194946289063,23.8037109375,-364.07470703125,0.567484200000763,-9.59280204772949,-2.81070566177368,1.19086349010468,0.409761011600494,0.356216073036194,-1.84832370281219,-5.07587575912476,7.69548034667969,0.136815384030342,0.0556486882269382,0.142893940210342,-1.20404469966888,-6.49643707275391,4.12521696090698,-2.22619915008545,-0.645842969417572,-0.020571231842041,-1.30799806118011,-9.99074268341064,-1.41250741481781,0.826639652252197,0.144295245409012,-0.0143420174717903,68.344143402,-45.684540207,-2.026729435,-0.960642643440236,0.126796145460899,1.5724871002506
-25.2532958984375,-31.6619873046875,-347.747802734375,-28.228759765625,23.7274169921875,-364.3798828125,0.57016134262085,-9.59615516662598,-2.79985618591309,1.19136869907379,0.407134413719177,0.355735898017883,-1.84832370281219,-5.08625936508179,7.69544839859009,0.136306583881378,0.0540541484951973,0.141675636172295,-1.18332707881927,-6.49779176712036,4.11136817932129,-2.22713446617126,-0.648125410079956,-0.0201986208558083,-1.30551445484161,-9.99964237213135,-1.3756992816925,0.831835508346558,0.146348491311073,-0.0115650100633502,68.180880975,-45.3045480525,-2.0226193825,-0.95997323404751,0.125391634370398,1.57893264984722
-25.3677368164063,-31.7764282226563,-347.2900390625,-28.4957885742188,23.5366821289063,-364.3798828125,0.572838485240936,-9.59950828552246,-2.78900647163391,1.1918740272522,0.404507786035538,0.355255722999573,-1.84832370281219,-5.09664344787598,7.69541645050049,0.135797768831253,0.0524596087634563,0.140457347035408,-1.16260957717896,-6.49914646148682,4.0975193977356,-2.22806978225708,-0.650407791137695,-0.0198260080069304,-1.30303084850311,-10.0085420608521,-1.3388911485672,0.837031364440918,0.148401737213135,-0.00878800172358751,68.017618548,-44.924555898,-2.01850933,-0.959303824654785,0.123987123279897,1.58537819944383
-25.482177734375,-31.890869140625,-346.832275390625,-28.7628173828125,23.345947265625,-364.3798828125,0.583536267280579,-9.59791946411133,-2.78158259391785,1.19210696220398,0.401322275400162,0.35449606180191,-1.83955276012421,-5.10352754592896,7.69775485992432,0.135398253798485,0.0510263368487358,0.139439731836319,-1.13996565341949,-6.50407981872559,4.08574247360229,-2.22920203208923,-0.653046786785126,-0.0196217894554138,-1.29850006103516,-10.0123949050903,-1.31239438056946,0.843834221363068,0.150936901569366,-0.00632456596940756,67.854356121,-44.5445637435,-2.0143992775,-0.958634415262059,0.122582612189396,1.59182374904045
-25.1388549804688,-31.8527221679688,-346.603393554688,-28.839111328125,23.3840942382813,-364.456176757813,0.602254688739777,-9.59138965606689,-2.77758455276489,1.19206750392914,0.397577822208405,0.353456914424896,-1.82201099395752,-5.10691261291504,7.70246267318726,0.135108023881912,0.0497543327510357,0.138622790575027,-1.11539530754089,-6.51259279251099,4.07603693008423,-2.2305314540863,-0.656042397022247,-0.0195859652012587,-1.29192221164703,-10.0112018585205,-1.29620897769928,0.852244019508362,0.153953954577446,-0.00417470233514905,67.691093694,-44.164571589,-2.010289225,-0.957965005869333,0.121178101098894,1.59826929863706
-24.7955322265625,-31.8145751953125,-346.37451171875,-28.9154052734375,23.4222412109375,-364.532470703125,0.620973169803619,-9.58485984802246,-2.77358627319336,1.1920280456543,0.39383339881897,0.352417796850204,-1.80446922779083,-5.11029767990112,7.7071704864502,0.13481779396534,0.0484823249280453,0.137805849313736,-1.09082496166229,-6.52110576629639,4.06633186340332,-2.23186087608337,-0.659037947654724,-0.0195501390844584,-1.28534436225891,-10.0100078582764,-1.28002345561981,0.860653817653656,0.156971007585526,-0.00202483870089054,67.527831267,-43.7845794345,-2.0061791725,-0.957295596476608,0.119773590008393,1.60471484823367
-25.1007080078125,-31.9290161132813,-346.145629882813,-28.7246704101563,23.3840942382813,-364.68505859375,0.639691650867462,-9.57833003997803,-2.76958823204041,1.19198858737946,0.390088975429535,0.35137864947319,-1.78692734241486,-5.11368274688721,7.71187829971313,0.134527564048767,0.0472103208303452,0.136988908052444,-1.06625461578369,-6.52961874008179,4.05662631988525,-2.23319005966187,-0.662033557891846,-0.0195143148303032,-1.27876651287079,-10.0088148117065,-1.26383793354034,0.86906361579895,0.159988060593605,0.00012502474419307,67.36456884,-43.40458728,-2.00206912,-0.956626187083882,0.118369078917892,1.61116039783029
-25.4058837890625,-32.04345703125,-345.916748046875,-28.533935546875,23.345947265625,-364.837646484375,0.65841007232666,-9.57180023193359,-2.76558995246887,1.19194912910461,0.386344522237778,0.350339502096176,-1.76938557624817,-5.11706781387329,7.71658611297607,0.134237334132195,0.045938316732645,0.136171966791153,-1.04168426990509,-6.53813123703003,4.04692077636719,-2.23451948165894,-0.665029168128967,-0.0194784887135029,-1.27218866348267,-10.0076208114624,-1.24765253067017,0.877473413944244,0.163005128502846,0.00227488833479583,67.3642231065,-43.4046940405,-2.0018915085,-0.956349788577053,0.116877894066746,1.61395816858876
-25.2914428710938,-32.196044921875,-345.611572265625,-28.6483764648438,23.1170654296875,-364.913940429688,0.677128553390503,-9.56527042388916,-2.76159191131592,1.19190967082977,0.382600098848343,0.349300384521484,-1.75184381008148,-5.12045288085938,7.72129392623901,0.133947119116783,0.0446663089096546,0.135355025529861,-1.01711392402649,-6.54664421081543,4.03721523284912,-2.23584890365601,-0.668024718761444,-0.0194426625967026,-1.26561081409454,-10.0064268112183,-1.2314670085907,0.885883212089539,0.166022181510925,0.0044247517362237,67.363877373,-43.404800801,-2.001713897,-0.956073390070223,0.1153867092156,1.61675593934723
-25.177001953125,-32.3486328125,-345.306396484375,-28.7628173828125,22.88818359375,-364.990234375,0.695847034454346,-9.55874061584473,-2.75759363174438,1.19187021255493,0.378855675458908,0.34826123714447,-1.73430192470551,-5.12383794784546,7.72600173950195,0.133656889200211,0.0433943048119545,0.13453808426857,-0.992543637752533,-6.55515718460083,4.02750968933105,-2.23717832565308,-0.671020328998566,-0.0194068383425474,-1.25903296470642,-10.0052337646484,-1.21528148651123,0.894293010234833,0.169039234519005,0.00657461537048221,67.3635316395,-43.4049075615,-2.0015362855,-0.955796991563393,0.113895524364454,1.61955371010571
-25.2151489257813,-32.4249267578125,-345.15380859375,-28.6483764648438,22.6974487304688,-365.142822265625,0.714565455913544,-9.55221080780029,-2.75359559059143,1.19183075428009,0.375111222267151,0.347222089767456,-1.71676015853882,-5.12722301483154,7.73070955276489,0.133366659283638,0.0421222969889641,0.133721143007278,-0.967973291873932,-6.56367015838623,4.01780462265015,-2.23850774765015,-0.674015939235687,-0.0193710122257471,-1.2524551153183,-10.0040397644043,-1.19909608364105,0.902702808380127,0.172056287527084,0.00872447900474072,67.363185906,-43.405014322,-2.001358674,-0.955520593056564,0.112404339513308,1.62235148086418
-25.2532958984375,-32.501220703125,-345.001220703125,-28.533935546875,22.5067138671875,-365.29541015625,0.733283936977386,-9.54568099975586,-2.7495973110199,1.19179129600525,0.371366798877716,0.346182972192764,-1.69921839237213,-5.13060808181763,7.73541736602783,0.133076429367065,0.040850292891264,0.132904201745987,-0.943403005599976,-6.57218265533447,4.00809907913208,-2.23983716964722,-0.677011489868164,-0.0193351879715919,-1.24587726593018,-10.0028467178345,-1.18291056156158,0.911112606525421,0.175073355436325,0.0108743421733379,67.3628401725,-43.4051210825,-2.0011810625,-0.955244194549734,0.110913154662162,1.62514925162265
-25.0625610351563,-32.4630737304688,-344.924926757813,-28.6102294921875,22.3922729492188,-365.6005859375,0.752002358436584,-9.53915119171143,-2.74559926986694,1.19175183773041,0.367622345685959,0.34514382481575,-1.68167650699615,-5.13399314880371,7.74012517929077,0.132786199450493,0.0395782887935638,0.132087260484695,-0.918832659721375,-6.58069562911987,3.99839353561401,-2.24116659164429,-0.680007100105286,-0.0192993618547916,-1.23929929733276,-10.0016527175903,-1.16672515869141,0.919522404670715,0.178090408444405,0.0130242062732577,67.362494439,-43.405227843,-2.001003451,-0.954967796042904,0.109421969811016,1.62794702238113
-24.871826171875,-32.4249267578125,-344.8486328125,-28.6865234375,22.27783203125,-365.90576171875,0.770720839500427,-9.53262138366699,-2.74160099029541,1.19171237945557,0.363877922296524,0.344104677438736,-1.66413474082947,-5.13737821578979,7.74483299255371,0.13249596953392,0.0383062809705734,0.131270319223404,-0.894262313842773,-6.58920860290527,3.98868823051453,-2.24249577522278,-0.683002710342407,-0.0192635376006365,-1.23272144794464,-10.0004596710205,-1.15053963661194,0.92793220281601,0.181107461452484,0.015174069441855,67.3621487055,-43.4053346035,-2.0008258395,-0.954691397536075,0.107930784959871,1.6307447931396
-25.0244140625,-32.501220703125,-344.696044921875,-28.7246704101563,22.3159790039063,-366.058349609375,0.78943932056427,-9.52609157562256,-2.73760294914246,1.19167292118073,0.360133498907089,0.343065530061722,-1.64659297466278,-5.14076328277588,7.74954080581665,0.132205754518509,0.0370342768728733,0.130453377962112,-0.869691967964172,-6.59772157669067,3.97898268699646,-2.24382519721985,-0.685998320579529,-0.0192277114838362,-1.22614359855652,-9.99926567077637,-1.13435411453247,0.936342000961304,0.184124514460564,0.0173239335417747,67.361802972,-43.405441364,-2.000648228,-0.954414999029245,0.106439600108724,1.63354256389807
-25.177001953125,-32.5775146484375,-344.54345703125,-28.7628173828125,22.3541259765625,-366.2109375,0.808157742023468,-9.51956176757813,-2.73360466957092,1.19163346290588,0.356389045715332,0.34202641248703,-1.6290510892868,-5.14414834976196,7.75424861907959,0.131915524601936,0.0357622690498829,0.129636436700821,-0.845121681690216,-6.60623407363892,3.96927738189697,-2.24515461921692,-0.688993871212006,-0.019191887229681,-1.2195657491684,-9.99807262420654,-1.11816871166229,0.944751799106598,0.187141582369804,0.019473796710372,67.3614572385,-43.4055481245,-2.0004706165,-0.954138600522415,0.104948415257579,1.63634033465655
-25.0244140625,-32.6919555664063,-344.161987304688,-28.9154052734375,22.2015380859375,-366.287231445313,0.826876223087311,-9.51303195953369,-2.72960662841797,1.19159400463104,0.352644622325897,0.340987265110016,-1.61150932312012,-5.14753341674805,7.75895643234253,0.131625294685364,0.0344902649521828,0.128819495439529,-0.820551335811615,-6.61474704742432,3.95957183837891,-2.24648404121399,-0.691989481449127,-0.0191560611128807,-1.21298789978027,-9.9968786239624,-1.10198318958282,0.953161597251892,0.190158635377884,0.0216236598789692,67.361111505,-43.405654885,-2.000293005,-0.953862202015586,0.103457230406433,1.63913810541502
-24.871826171875,-32.806396484375,-343.780517578125,-29.0679931640625,22.0489501953125,-366.363525390625,0.847577512264252,-9.50361633300781,-2.71819162368774,1.19087016582489,0.350408732891083,0.339743882417679,-1.5901792049408,-5.13958501815796,7.75723123550415,0.131327882409096,0.034282460808754,0.128780096769333,-0.792820513248444,-6.62421083450317,3.96460247039795,-2.24686741828918,-0.694343626499176,-0.0192778948694468,-1.20789325237274,-9.98193264007568,-1.11954128742218,0.960965871810913,0.191867798566818,0.0233507752418518,67.3607657715,-43.4057616455,-2.0001153935,-0.953585803508756,0.101966045555287,1.64193587617349
-24.8336791992188,-32.958984375,-343.856811523438,-29.144287109375,22.0108032226563,-366.51611328125,0.868278801441193,-9.49420070648193,-2.70677661895752,1.19014632701874,0.348172813653946,0.338500499725342,-1.56884920597076,-5.13163614273071,7.75550603866577,0.131030470132828,0.0340746566653252,0.128740698099136,-0.765089750289917,-6.63367462158203,3.96963286399841,-2.24725079536438,-0.69669783115387,-0.0193997267633677,-1.20279848575592,-9.96698665618896,-1.13709938526154,0.968770146369934,0.193576976656914,0.0250778924673796,67.360420038,-43.405868406,-1.999937782,-0.953309405001927,0.100474860704141,1.64473364693197
-24.7955322265625,-33.111572265625,-343.93310546875,-29.2205810546875,21.97265625,-366.668701171875,0.888980090618134,-9.48478507995605,-2.69536185264587,1.18942248821259,0.345936924219131,0.337257087230682,-1.54751908779144,-5.12368774414063,7.75378036499023,0.13073305785656,0.0338668525218964,0.12870129942894,-0.737358927726746,-6.64313888549805,3.97466349601746,-2.24763417243958,-0.699051976203918,-0.0195215605199337,-1.19770383834839,-9.95204162597656,-1.15465748310089,0.976574420928955,0.195286139845848,0.0268050078302622,67.3600743045,-43.4059751665,-1.9997601705,-0.953033006495097,0.0989836758529947,1.64753141769044
-24.9099731445313,-33.2260131835938,-343.399047851563,-29.0679931640625,22.125244140625,-366.897583007813,0.90968132019043,-9.47536945343018,-2.68394684791565,1.18869864940643,0.343701034784317,0.336013704538345,-1.52618896961212,-5.11573886871338,7.75205516815186,0.130435645580292,0.0336590521037579,0.128661900758743,-0.709628164768219,-6.6526026725769,3.9796941280365,-2.24801754951477,-0.701406121253967,-0.0196433942764997,-1.19260919094086,-9.93709564208984,-1.17221558094025,0.984378695487976,0.196995303034782,0.0285321231931448,67.359728571,-43.406081927,-1.999582559,-0.952756607988267,0.0974924910018488,1.65032918844891
-25.0244140625,-33.3404541015625,-342.864990234375,-28.9154052734375,22.27783203125,-367.12646484375,0.930382609367371,-9.4659538269043,-2.67253184318542,1.18797481060028,0.34146511554718,0.334770321846008,-1.50485897064209,-5.10779047012329,7.75032997131348,0.130138248205185,0.0334512479603291,0.128622502088547,-0.681897342205048,-6.66206645965576,3.98472476005554,-2.24840092658997,-0.703760266304016,-0.0197652280330658,-1.18751442432404,-9.92214965820313,-1.1897736787796,0.992182970046997,0.198704481124878,0.0302592404186726,67.3593828375,-43.4061886875,-1.9994049475,-0.952480209481438,0.096001306150703,1.65312695920739
-24.9481201171875,-33.3404541015625,-342.483520507813,-29.1824340820313,22.0108032226563,-367.12646484375,0.951083898544312,-9.45653820037842,-2.6611168384552,1.18725097179413,0.339229226112366,0.333526939153671,-1.48352885246277,-5.0998420715332,7.7486047744751,0.129840835928917,0.0332434438169003,0.12858310341835,-0.654166519641876,-6.67153024673462,3.98975515365601,-2.24878430366516,-0.70611447095871,-0.0198870599269867,-1.1824197769165,-9.90720367431641,-1.20733177661896,0.999987244606018,0.200413644313812,0.0319863557815552,67.359037104,-43.406295448,-1.999227336,-0.952203810974608,0.0945101212995571,1.65592472996586
-24.871826171875,-33.3404541015625,-342.10205078125,-29.449462890625,21.7437744140625,-367.12646484375,0.971785187721252,-9.44712257385254,-2.64970207214355,1.18652725219727,0.336993306875229,0.332283556461334,-1.46219885349274,-5.09189319610596,7.74687910079956,0.129543423652649,0.0330356396734715,0.128543689846992,-0.62643575668335,-6.68099403381348,3.99478578567505,-2.24916791915894,-0.708468616008759,-0.0200088936835527,-1.17732512950897,-9.892258644104,-1.2248899936676,1.00779151916504,0.202122822403908,0.0337134711444378,67.3586913705,-43.4064022085,-1.9990497245,-0.951927412467778,0.0930189364484113,1.65872250072433
-24.9481201171875,-33.4930419921875,-341.644287109375,-29.5257568359375,21.7437744140625,-367.73681640625,0.992486476898193,-9.43770694732666,-2.63828706741333,1.18580341339111,0.334757417440414,0.331040173768997,-1.44086873531342,-5.08394479751587,7.74515390396118,0.129246011376381,0.0328278355300426,0.128504291176796,-0.598704934120178,-6.69045782089233,3.99981641769409,-2.24955129623413,-0.710822761058807,-0.0201307274401188,-1.17223036289215,-9.87731266021729,-1.24244809150696,1.01559579372406,0.203831985592842,0.0354405865073204,67.358345637,-43.406508969,-1.998872113,-0.951651013960949,0.091527751597265,1.66152027148281
-25.0244140625,-33.6456298828125,-341.1865234375,-29.60205078125,21.7437744140625,-368.34716796875,1.01318776607513,-9.42829132080078,-2.62687206268311,1.18507957458496,0.3325215280056,0.329796761274338,-1.41953861713409,-5.07599592208862,7.7434287071228,0.128948599100113,0.0326200313866138,0.128464892506599,-0.570974171161652,-6.69992208480835,4.00484704971313,-2.24993467330933,-0.713176965713501,-0.0202525611966848,-1.16713571548462,-9.86236667633057,-1.26000618934631,1.02340006828308,0.205541148781776,0.0371677055954933,67.3579999035,-43.4066157295,-1.9986945015,-0.951374615454119,0.0900365667461191,1.66431804224128
-25.0625610351563,-33.721923828125,-341.033935546875,-29.4876098632813,21.66748046875,-367.965698242188,1.03388905525208,-9.4188756942749,-2.61545705795288,1.18435573577881,0.330285608768463,0.328553378582001,-1.39820861816406,-5.06804752349854,7.74170351028442,0.128651186823845,0.032412227243185,0.128425493836403,-0.54324334859848,-6.70938587188721,4.00987768173218,-2.25031805038452,-0.71553111076355,-0.0203743930906057,-1.16204106807709,-9.84742069244385,-1.27756428718567,1.0312043428421,0.207250326871872,0.0388948209583759,67.35765417,-43.40672249,-1.99851689,-0.951098216947289,0.0885453818949733,1.66711581299975
-25.1007080078125,-33.7982177734375,-340.88134765625,-29.3731689453125,21.5911865234375,-367.584228515625,1.05459034442902,-9.40946006774902,-2.60404205322266,1.18363189697266,0.328049719333649,0.327309995889664,-1.37687849998474,-5.06009912490845,7.73997831344604,0.128353774547577,0.0322044268250465,0.128386095166206,-0.515512526035309,-6.71884965896606,4.01490783691406,-2.25070142745972,-0.717885255813599,-0.0204962268471718,-1.15694630146027,-9.83247470855713,-1.29512238502502,1.03900861740112,0.208959490060806,0.0406219363212585,67.2696682765,-43.3886169365,-1.989210877,-0.95107248371372,0.0871423700159205,1.66618181293703
-25.0625610351563,-33.9126586914063,-340.499877929688,-29.3731689453125,21.514892578125,-367.813110351563,1.07529163360596,-9.40004444122314,-2.59262728691101,1.1829080581665,0.325813829898834,0.326066613197327,-1.35554838180542,-5.0521502494812,7.73825263977051,0.128056362271309,0.0319966226816177,0.12834669649601,-0.487781763076782,-6.72831344604492,4.01993846893311,-2.25108480453491,-0.720239460468292,-0.0206180606037378,-1.15185165405273,-9.81752967834473,-1.31268048286438,1.04681289196014,0.210668653249741,0.0423490516841412,67.181682383,-43.370511383,-1.979904864,-0.95104675048015,0.0857393581368676,1.6652478128743
-25.0244140625,-34.027099609375,-340.118408203125,-29.3731689453125,21.4385986328125,-368.0419921875,1.0959929227829,-9.39062881469727,-2.58121228218079,1.18218421936035,0.323577910661697,0.32482323050499,-1.33421838283539,-5.04420185089111,7.73652744293213,0.127758949995041,0.0317888185381889,0.128307297825813,-0.460050970315933,-6.73777723312378,4.02496910095215,-2.25146818161011,-0.722593605518341,-0.0207398943603039,-1.1467570066452,-9.80258369445801,-1.33023858070374,1.05461716651917,0.212377831339836,0.0440761670470238,67.0936964895,-43.3524058295,-1.970598851,-0.951021017246581,0.0843363462578144,1.66431381281157
-24.9099731445313,-34.2178344726563,-339.889526367188,-29.4113159179688,21.3623046875,-367.965698242188,1.11138164997101,-9.38387393951416,-2.56845140457153,1.1818151473999,0.323024332523346,0.323570877313614,-1.32240879535675,-5.03878450393677,7.73426246643066,0.127574428915977,0.0319375321269035,0.128396883606911,-0.438027828931808,-6.74342012405396,4.0330548286438,-2.25026774406433,-0.724856376647949,-0.0208491832017899,-1.1416300535202,-9.79004001617432,-1.34466028213501,1.06143236160278,0.213101610541344,0.0455846935510635,67.005710596,-43.334300276,-1.961292838,-0.950995284013011,0.0829333343787616,1.66337981274885
-24.7955322265625,-34.4085693359375,-339.66064453125,-29.449462890625,21.2860107421875,-367.889404296875,1.12145781517029,-9.37977886199951,-2.55434441566467,1.18180084228516,0.324153065681458,0.322309613227844,-1.3201197385788,-5.03589868545532,7.73145723342896,0.127502769231796,0.0324427634477615,0.128615453839302,-0.421712398529053,-6.74524211883545,4.0441951751709,-2.24748349189758,-0.727027773857117,-0.0209459271281958,-1.13647103309631,-9.77989959716797,-1.3559455871582,1.067258477211,0.212840020656586,0.0468746237456799,66.9177247025,-43.3161947225,-1.951986825,-0.950969550779441,0.0815303224997088,1.66244581268612
-24.71923828125,-34.48486328125,-339.584350585938,-29.5257568359375,21.3241577148438,-368.270874023438,1.13153398036957,-9.37568378448486,-2.54023766517639,1.18178653717041,0.325281798839569,0.321048349142075,-1.31783068180084,-5.03301286697388,7.72865200042725,0.127431109547615,0.0329479947686195,0.128834038972855,-0.405396938323975,-6.74706363677979,4.055335521698,-2.24469947814941,-0.729199171066284,-0.0210426710546017,-1.13131189346313,-9.76975917816162,-1.3672308921814,1.0730847120285,0.212578430771828,0.0481645576655865,66.829738809,-43.298089169,-1.942680812,-0.950943817545872,0.080127310620656,1.6615118126234
-24.6429443359375,-34.5611572265625,-339.508056640625,-29.60205078125,21.3623046875,-368.65234375,1.14161014556885,-9.37158966064453,-2.52613067626953,1.18177223205566,0.326410531997681,0.319787085056305,-1.31554162502289,-5.03012752532959,7.72584676742554,0.127359449863434,0.0334532260894775,0.129052609205246,-0.389081507921219,-6.74888515472412,4.0664758682251,-2.24191522598267,-0.731370568275452,-0.0211394149810076,-1.12615287303925,-9.75961780548096,-1.37851619720459,1.07891094684601,0.21231684088707,0.0494544878602028,66.7417529155,-43.2799836155,-1.933374799,-0.950918084312302,0.0787242987416031,1.66057781256067
-24.7955322265625,-34.5611572265625,-339.126586914063,-29.5257568359375,21.2478637695313,-368.728637695313,1.15168642997742,-9.36749458312988,-2.51202392578125,1.18175792694092,0.327539265155792,0.318525820970535,-1.31325256824493,-5.02724170684814,7.72304153442383,0.127287790179253,0.0339584574103355,0.129271179437637,-0.372766077518463,-6.75070714950562,4.07761669158936,-2.23913097381592,-0.733541965484619,-0.0212361607700586,-1.12099373340607,-9.74947738647461,-1.38980150222778,1.08473706245422,0.212055251002312,0.0507444180548191,66.653767022,-43.261878062,-1.924068786,-0.950892351078733,0.0773212868625499,1.65964381249795
-24.9481201171875,-34.5611572265625,-338.7451171875,-29.449462890625,21.1334228515625,-368.804931640625,1.1617625951767,-9.36339950561523,-2.49791693687439,1.18174362182617,0.328667998313904,0.317264527082443,-1.31096351146698,-5.0243558883667,7.72023630142212,0.127216130495071,0.0344636887311935,0.129489749670029,-0.356450617313385,-6.75252866744995,4.08875703811646,-2.23634696006775,-0.735713362693787,-0.0213329046964645,-1.11583459377289,-9.73933696746826,-1.40108680725098,1.09056329727173,0.211793646216393,0.0520343519747257,66.5657811285,-43.2437725085,-1.914762773,-0.950866617845163,0.0759182749834971,1.65870981243522
-24.9481201171875,-34.5993041992188,-338.43994140625,-29.60205078125,21.209716796875,-368.65234375,1.17183876037598,-9.35930442810059,-2.48381018638611,1.18172931671143,0.329796731472015,0.316003262996674,-1.30867445468903,-5.02147006988525,7.71743106842041,0.12714447081089,0.0349689200520515,0.12970831990242,-0.340135186910629,-6.75435018539429,4.09989738464355,-2.233562707901,-0.737884759902954,-0.0214296486228704,-1.110675573349,-9.7291955947876,-1.41237211227417,1.09638953208923,0.211532056331635,0.053324282169342,66.477795235,-43.225666955,-1.90545676,-0.950840884611593,0.0745152631044443,1.6577758123725
-24.9481201171875,-34.637451171875,-338.134765625,-29.754638671875,21.2860107421875,-368.499755859375,1.18191492557526,-9.35520935058594,-2.46970319747925,1.18171489238739,0.330925494432449,0.314741998910904,-1.30638527870178,-5.01858425140381,7.7146258354187,0.127072811126709,0.0354741550981998,0.129926905035973,-0.323819726705551,-6.75617218017578,4.11103773117065,-2.23077845573425,-0.740056157112122,-0.0215263925492764,-1.10551643371582,-9.71905517578125,-1.42365729808807,1.10221564769745,0.211270466446877,0.0546142160892487,66.3898093415,-43.2075614015,-1.896150747,-0.950815151378024,0.0731122512253914,1.65684181230977
-25.0244140625,-34.6755981445313,-337.677001953125,-29.8309326171875,21.1715698242188,-368.95751953125,1.19199120998383,-9.35111427307129,-2.45559644699097,1.18170058727264,0.332054227590561,0.313480734825134,-1.30409622192383,-5.01569843292236,7.71182060241699,0.127001151442528,0.0359793864190578,0.130145475268364,-0.307504296302795,-6.75799369812012,4.12217855453491,-2.22799444198608,-0.742227554321289,-0.0216231383383274,-1.10035741329193,-9.7089147567749,-1.43494260311127,1.10804188251495,0.211008876562119,0.055904146283865,66.301823448,-43.189455848,-1.886844734,-0.950789418144454,0.0717092393463386,1.65590781224704
-25.1007080078125,-34.7137451171875,-337.21923828125,-29.9072265625,21.05712890625,-369.415283203125,1.20206737518311,-9.34701919555664,-2.44148945808411,1.1816862821579,0.333182960748672,0.312219470739365,-1.30180716514587,-5.01281261444092,7.70901536941528,0.126929491758347,0.0364846177399158,0.130364045500755,-0.29118886590004,-6.75981569290161,4.13331890106201,-2.22521018981934,-0.744398951530457,-0.0217198822647333,-1.09519827365875,-9.69877338409424,-1.44622790813446,1.11386799812317,0.210747286677361,0.0571940764784813,66.2138375545,-43.1713502945,-1.877538721,-0.950763684910885,0.0703062274672854,1.65497381218432
-24.9862670898438,-34.8281860351563,-337.066650390625,-29.8309326171875,20.751953125,-368.95751953125,1.21214354038239,-9.34292507171631,-2.42738270759583,1.18167197704315,0.334311693906784,0.310958206653595,-1.29951810836792,-5.00992727279663,7.70621013641357,0.126857832074165,0.0369898490607738,0.130582615733147,-0.274873405694962,-6.76163721084595,4.14445924758911,-2.22242593765259,-0.746570348739624,-0.0218166261911392,-1.09003925323486,-9.68863296508789,-1.45751321315765,1.11969423294067,0.210485696792603,0.0584840103983879,66.125851661,-43.153244741,-1.868232708,-0.950737951677315,0.0689032155882326,1.65403981212159
-24.871826171875,-34.942626953125,-336.9140625,-29.754638671875,20.44677734375,-368.499755859375,1.22221970558167,-9.33882999420166,-2.41327571868896,1.18165767192841,0.335440427064896,0.309696912765503,-1.29722905158997,-5.00704145431519,7.70340490341187,0.126786172389984,0.0374950803816319,0.130801200866699,-0.258557975292206,-6.76345872879028,4.15559959411621,-2.21964168548584,-0.748741745948792,-0.0219133701175451,-1.08488011360168,-9.67849254608154,-1.46879851818085,1.12552046775818,0.210224092006683,0.0597739405930042,66.0378657675,-43.1351391875,-1.858926695,-0.950712218443746,0.0675002037091798,1.65310581205887
-25.1007080078125,-35.0570678710938,-336.685180664063,-29.7164916992188,20.599365234375,-368.499755859375,1.23229598999023,-9.33473491668701,-2.39916896820068,1.18164336681366,0.336569160223007,0.308435648679733,-1.29493999481201,-5.00415563583374,7.70059967041016,0.126714512705803,0.0380003117024899,0.131019771099091,-0.242242529988289,-6.76528072357178,4.16674041748047,-2.21685767173767,-0.750913143157959,-0.0220101159065962,-1.0797210931778,-9.66835117340088,-1.48008382320404,1.13134658336639,0.209962502121925,0.0610638745129108,65.949879874,-43.117033634,-1.849620682,-0.950686485210176,0.0660971918301269,1.65217181199614
-25.32958984375,-35.1715087890625,-336.456298828125,-29.6783447265625,20.751953125,-368.499755859375,1.24237215518951,-9.33063983917236,-2.38506197929382,1.18162906169891,0.337697893381119,0.307174384593964,-1.29265093803406,-5.00126981735229,7.69779443740845,0.126642853021622,0.0385055430233479,0.131238341331482,-0.225927084684372,-6.76710224151611,4.17788076400757,-2.21407341957092,-0.753084540367126,-0.0221068598330021,-1.07456195354462,-9.65821075439453,-1.49136912822723,1.1371728181839,0.209700912237167,0.0623538047075272,65.8618939805,-43.0989280805,-1.840314669,-0.950660751976606,0.0646941799510741,1.65123781193342
-25.2532958984375,-35.247802734375,-336.151123046875,-29.8690795898438,20.6756591796875,-368.728637695313,1.24371039867401,-9.33034992218018,-2.3859486579895,1.18229198455811,0.339242309331894,0.305730283260345,-1.29776191711426,-5.00467157363892,7.69695615768433,0.126703768968582,0.0395626313984394,0.131962180137634,-0.205483093857765,-6.76592540740967,4.19177865982056,-2.20971608161926,-0.754012644290924,-0.0220638606697321,-1.07170820236206,-9.66465950012207,-1.47900283336639,1.14009690284729,0.208686828613281,0.0629271417856216,65.773908087,-43.080822527,-1.831008656,-0.950635018743037,0.0632911680720209,1.65030381187069
-25.177001953125,-35.3240966796875,-335.845947265625,-30.059814453125,20.599365234375,-368.95751953125,1.24504864215851,-9.33005905151367,-2.38683533668518,1.1829549074173,0.340786755084991,0.30428621172905,-1.30287289619446,-5.0080738067627,7.69611740112305,0.126764684915543,0.040619719773531,0.132686018943787,-0.185039088129997,-6.76474809646606,4.2056770324707,-2.2053587436676,-0.754940688610077,-0.0220208596438169,-1.06885433197021,-9.67110919952393,-1.46663653850555,1.14302086830139,0.207672730088234,0.0635004788637161,65.6859221935,-43.0627169735,-1.821702643,-0.950609285509467,0.0618881561929681,1.64936981180796
-25.2151489257813,-35.3622436523438,-335.617065429688,-30.0979614257813,20.7138061523438,-368.95751953125,1.24638688564301,-9.32976913452148,-2.38772225379944,1.18361783027649,0.342331171035767,0.302842110395432,-1.30798387527466,-5.01147556304932,7.69527912139893,0.126825600862503,0.0416768081486225,0.133409857749939,-0.164595097303391,-6.76357126235962,4.21957492828369,-2.20100140571594,-0.755868792533875,-0.021977860480547,-1.06600058078766,-9.67755794525146,-1.45427012443542,1.14594495296478,0.206658646464348,0.0640738233923912,65.5979363,-43.04461142,-1.81239663,-0.950583552275897,0.0604851443139152,1.64843581174524
-25.2532958984375,-35.400390625,-335.38818359375,-30.1361083984375,20.8282470703125,-368.95751953125,1.24772500991821,-9.3294792175293,-2.38860893249512,1.18428075313568,0.343875586986542,0.301398009061813,-1.31309497356415,-5.01487731933594,7.6944408416748,0.126886516809464,0.0427339002490044,0.13413368165493,-0.144151091575623,-6.76239442825317,4.23347282409668,-2.19664406776428,-0.756796896457672,-0.0219348594546318,-1.0631468296051,-9.68400764465332,-1.44190382957458,1.14886891841888,0.205644562840462,0.0646471604704857,65.5976631995,-43.0444727115,-1.812272935,-0.950543741214668,0.0594851915523417,1.64478089870247
-25.2151489257813,-35.4766845703125,-335.38818359375,-30.2505493164063,20.5612182617188,-369.033813476563,1.24906325340271,-9.32918930053711,-2.3894956111908,1.18494367599487,0.345420032739639,0.299953907728195,-1.31820595264435,-5.01827955245972,7.69360256195068,0.126947432756424,0.0437909886240959,0.134857520461082,-0.123707100749016,-6.76121759414673,4.24737071990967,-2.19228672981262,-0.75772500038147,-0.0218918602913618,-1.06029295921326,-9.69045639038086,-1.42953753471375,1.15179300308228,0.204630464315414,0.0652204975485802,65.597390099,-43.044334003,-1.81214924,-0.950503930153439,0.0584852387907681,1.64112598565971
-25.177001953125,-35.552978515625,-335.38818359375,-30.364990234375,20.294189453125,-369.110107421875,1.25040149688721,-9.32889842987061,-2.39038228988647,1.18560659885406,0.346964448690414,0.298509836196899,-1.32331693172455,-5.02168130874634,7.6927638053894,0.127008348703384,0.0448480769991875,0.135581359267235,-0.103263102471828,-6.76004028320313,4.26126909255981,-2.18792939186096,-0.758653044700623,-0.0218488611280918,-1.0574392080307,-9.69690608978271,-1.41717123985291,1.15471696853638,0.203616380691528,0.0657938346266747,65.5971169985,-43.0441952945,-1.812025545,-0.95046411909221,0.0574852860291942,1.63747107261695
-25.2914428710938,-35.6292724609375,-335.311889648438,-30.4412841796875,20.3323364257813,-369.2626953125,1.2517397403717,-9.32860851287842,-2.39126896858215,1.18626952171326,0.348508894443512,0.297065734863281,-1.32842791080475,-5.02508354187012,7.69192552566528,0.127069279551506,0.045905165374279,0.136305198073387,-0.0828191041946411,-6.75886344909668,4.2751669883728,-2.18357181549072,-0.75958114862442,-0.0218058601021767,-1.05458545684814,-9.70335483551025,-1.40480482578278,1.15764105319977,0.202602282166481,0.0663671791553497,65.596843898,-43.044056586,-1.81190185,-0.950424308030981,0.0564853332676206,1.63381615957418
-25.4058837890625,-35.70556640625,-335.235595703125,-30.517578125,20.3704833984375,-369.415283203125,1.2530779838562,-9.32831859588623,-2.39215564727783,1.18693244457245,0.350053310394287,0.295621633529663,-1.33353888988495,-5.02848529815674,7.69108724594116,0.127130195498466,0.0469622537493706,0.137029036879539,-0.0623751096427441,-6.75768661499023,4.28906488418579,-2.17921447753906,-0.760509252548218,-0.0217628609389067,-1.0517315864563,-9.70980453491211,-1.39243853092194,1.16056501865387,0.201588198542595,0.0669405162334442,65.5965707975,-43.0439178775,-1.811778155,-0.950384496969751,0.0554853805060471,1.63016124653142
-25.5203247070313,-35.6292724609375,-335.006713867188,-30.670166015625,20.2560424804688,-369.415283203125,1.2544162273407,-9.32802772521973,-2.39304256439209,1.18759536743164,0.351597726345062,0.294177561998367,-1.33864986896515,-5.03188705444336,7.69024848937988,0.127191111445427,0.0480193421244621,0.137752875685692,-0.0419311113655567,-6.75650930404663,4.30296325683594,-2.1748571395874,-0.761437356472015,-0.0217198599129915,-1.04887783527374,-9.71625328063965,-1.3800722360611,1.16348910331726,0.200574114918709,0.0675138533115387,65.596297697,-43.043779169,-1.81165446,-0.950344685908522,0.0544854277444735,1.62650633348865
-25.634765625,-35.552978515625,-334.77783203125,-30.82275390625,20.1416015625,-369.415283203125,1.2557544708252,-9.32773780822754,-2.39392924308777,1.18825829029083,0.35314217209816,0.292733460664749,-1.34376084804535,-5.03528928756714,7.68941020965576,0.127252027392387,0.0490764304995537,0.138476714491844,-0.0214871149510145,-6.75533246994019,4.31686115264893,-2.17049980163574,-0.762365400791168,-0.0216768607497215,-1.04602408409119,-9.72270202636719,-1.36770594120026,1.16641306877136,0.199560016393661,0.0680871903896332,65.5960245965,-43.0436404605,-1.811530765,-0.950304874847293,0.0534854749828999,1.62285142044589
-25.5584716796875,-35.5911254882813,-334.625244140625,-30.975341796875,20.1034545898438,-369.720458984375,1.2570925951004,-9.32744789123535,-2.39481592178345,1.18892121315002,0.354686588048935,0.291289359331131,-1.34887194633484,-5.03869104385376,7.68857192993164,0.127312943339348,0.0501335225999355,0.139200538396835,-0.00104311876930296,-6.75415563583374,4.33075904846191,-2.16614246368408,-0.763293504714966,-0.0216338615864515,-1.04317021369934,-9.72915172576904,-1.35533964633942,1.16933715343475,0.198545932769775,0.0686605274677277,65.595751496,-43.043501752,-1.81140707,-0.950265063786063,0.052485522221326,1.61919650740313
-25.482177734375,-35.6292724609375,-334.47265625,-31.1279296875,20.0653076171875,-370.025634765625,1.2584308385849,-9.32715702056885,-2.39570260047913,1.18958413600922,0.35623100399971,0.289845287799835,-1.35398292541504,-5.04209280014038,7.68773317337036,0.127373859286308,0.0511906109750271,0.139924377202988,0.0194008778780699,-6.75297832489014,4.34465742111206,-2.16178512573242,-0.764221608638763,-0.0215908605605364,-1.04031646251678,-9.73560047149658,-1.34297323226929,1.17226111888885,0.197531849145889,0.0692338719964027,65.5954783955,-43.0433630435,-1.811283375,-0.950225252724834,0.0514855694597525,1.61554159436036
-25.7110595703125,-35.7818603515625,-334.014892578125,-31.0897827148438,20.0653076171875,-370.025634765625,1.2597690820694,-9.32686710357666,-2.3965892791748,1.19024705886841,0.357775449752808,0.288401186466217,-1.35909390449524,-5.04549503326416,7.68689489364624,0.127434775233269,0.0522476993501186,0.14064821600914,0.0398448742926121,-6.75180149078369,4.35855531692505,-2.15742778778076,-0.765149712562561,-0.0215478613972664,-1.03746271133423,-9.74205017089844,-1.33060693740845,1.17518520355225,0.196517750620842,0.0698072090744972,65.595205295,-43.043224335,-1.81115968,-0.950185441663605,0.0504856166981789,1.6118866813176
-25.93994140625,-35.9344482421875,-333.55712890625,-31.0516357421875,20.0653076171875,-370.025634765625,1.25313460826874,-9.32676219940186,-2.40366721153259,1.19085073471069,0.358587056398392,0.286717057228088,-1.36284244060516,-5.04689741134644,7.6867094039917,0.127656936645508,0.0530933514237404,0.141291409730911,0.0545648485422134,-6.74899625778198,4.36578607559204,-2.15418124198914,-0.764519035816193,-0.0209387056529522,-1.03730142116547,-9.74949836730957,-1.32291650772095,1.17863404750824,0.194788828492165,0.0703823268413544,65.5949321945,-43.0430856265,-1.811035985,-0.950145630602376,0.0494856639366053,1.60823176827483
-25.9780883789063,-36.0107421875,-333.480834960938,-31.0516357421875,20.0271606445313,-370.330810546875,1.23852753639221,-9.32684326171875,-2.41693592071533,1.19139540195465,0.358665853738785,0.284792870283127,-1.36522841453552,-5.04630088806152,7.6871771812439,0.128040343523026,0.053727563470602,0.141853973269463,0.0635607987642288,-6.74456262588501,4.3663501739502,-2.15204572677612,-0.762329638004303,-0.019763395190239,-1.03983271121979,-9.75794696807861,-1.31990194320679,1.18260788917542,0.192345052957535,0.0709592252969742,65.594659094,-43.042946918,-1.81091229,-0.950105819541146,0.0484857111750317,1.60457685523207
-26.0162353515625,-36.0870361328125,-333.404541015625,-31.0516357421875,19.989013671875,-370.635986328125,1.22392046451569,-9.32692337036133,-2.43020486831665,1.19194006919861,0.358744651079178,0.282868683338165,-1.36761450767517,-5.04570436477661,7.68764448165894,0.128423750400543,0.0543617755174637,0.142416521906853,0.0725567415356636,-6.74012899398804,4.36691427230835,-2.14991021156311,-0.760140240192413,-0.0185880828648806,-1.04236400127411,-9.76639461517334,-1.31688749790192,1.1865816116333,0.189901292324066,0.071536123752594,65.5943859935,-43.0428082095,-1.810788595,-0.950066008479917,0.0474857584134578,1.60092194218931
-26.1306762695313,-36.163330078125,-332.94677734375,-31.280517578125,19.8745727539063,-370.4833984375,1.20931327342987,-9.32700443267822,-2.44347357749939,1.19248473644257,0.358823478221893,0.280944496393204,-1.37000048160553,-5.0451078414917,7.68811225891113,0.128807157278061,0.0549959912896156,0.142979070544243,0.081552691757679,-6.73569488525391,4.3674783706665,-2.1477746963501,-0.757950901985168,-0.0174127724021673,-1.04489541053772,-9.77484226226807,-1.31387293338776,1.19055545330048,0.187457531690598,0.0721130147576332,65.594112893,-43.042669501,-1.8106649,-0.950026197418688,0.0464858056518843,1.59726702914654
-26.2451171875,-36.2396240234375,-332.489013671875,-31.5093994140625,19.7601318359375,-370.330810546875,1.19470620155334,-9.3270845413208,-2.45674252510071,1.19302940368652,0.358902275562286,0.279020309448242,-1.37238645553589,-5.04451084136963,7.68858003616333,0.129190564155579,0.0556302033364773,0.143541634082794,0.0905486419796944,-6.73126125335693,4.3680419921875,-2.14563918113708,-0.755761504173279,-0.0162374619394541,-1.04742670059204,-9.78329086303711,-1.3108583688736,1.19452929496765,0.185013756155968,0.072689913213253,65.5938397925,-43.0425307925,-1.810541205,-0.949986386357459,0.0454858528903107,1.59361211610378
-26.2832641601563,-36.2396240234375,-332.6416015625,-31.6619873046875,19.6075439453125,-370.78857421875,1.18009912967682,-9.3271656036377,-2.47001123428345,1.19357395172119,0.358981072902679,0.277096122503281,-1.37477254867554,-5.04391431808472,7.68904733657837,0.129573971033096,0.0562644153833389,0.144104182720184,0.0995445847511292,-6.72682762145996,4.36860609054565,-2.14350366592407,-0.753572106361389,-0.0150621505454183,-1.04995799064636,-9.79173851013184,-1.30784380435944,1.19850301742554,0.182569995522499,0.0732668116688728,65.593566692,-43.042392084,-1.81041751,-0.949946575296229,0.0444859001287371,1.58995720306101
-26.3214111328125,-36.2396240234375,-332.794189453125,-31.8145751953125,19.4549560546875,-371.246337890625,1.165491938591,-9.32724571228027,-2.48328018188477,1.19411861896515,0.359059870243073,0.275171935558319,-1.3771585226059,-5.0433177947998,7.68951511383057,0.129957377910614,0.0568986311554909,0.144666731357574,0.108540534973145,-6.72239398956299,4.36917018890381,-2.14136815071106,-0.7513827085495,-0.013886840082705,-1.05248928070068,-9.80018615722656,-1.30482923984528,1.20247685909271,0.18012623488903,0.0738437101244926,65.5932935915,-43.0422533755,-1.810293815,-0.949906764235,0.0434859473671635,1.58630229001825
-26.3595581054688,-36.2777709960938,-332.489013671875,-31.8145751953125,19.5693969726563,-371.475219726563,1.15088486671448,-9.32732677459717,-2.4965488910675,1.19466328620911,0.359138667583466,0.273247748613358,-1.37954461574554,-5.04272127151489,7.68998241424561,0.130340799689293,0.0575328432023525,0.145229294896126,0.11753648519516,-6.71796035766602,4.36973428726196,-2.13923263549805,-0.74919331073761,-0.0127115286886692,-1.055020570755,-9.80863475799561,-1.30181479454041,1.2064505815506,0.177682459354401,0.0744206085801125,65.593020491,-43.042114667,-1.81017012,-0.949866953173771,0.0424859946055896,1.58264737697549
-26.397705078125,-36.31591796875,-332.183837890625,-31.8145751953125,19.683837890625,-371.7041015625,1.13627779483795,-9.32740688323975,-2.50981783866882,1.19520795345306,0.359217464923859,0.271323561668396,-1.3819305896759,-5.04212427139282,7.6904501914978,0.130724206566811,0.0581670552492142,0.145791843533516,0.126532435417175,-6.71352672576904,4.37029790878296,-2.13709712028503,-0.74700391292572,-0.011536218225956,-1.05755186080933,-9.81708240509033,-1.29880023002625,1.21042442321777,0.175238698720932,0.0749975070357323,65.5927473905,-43.0419759585,-1.810046425,-0.949827142112542,0.0414860418440161,1.57899246393272
-26.3595581054688,-36.2777709960938,-332.03125,-31.8527221679688,19.53125,-371.7041015625,1.12167060375214,-9.32748794555664,-2.52308654785156,1.19575262069702,0.359296262264252,0.269399404525757,-1.38431656360626,-5.04152774810791,7.69091796875,0.131107613444328,0.0588012710213661,0.146354407072067,0.135528385639191,-6.70909309387207,4.37086200714111,-2.13496136665344,-0.744814515113831,-0.0103609068319201,-1.06008315086365,-9.82553100585938,-1.29578566551208,1.21439826488495,0.172794923186302,0.0755744054913521,65.59247429,-43.04183725,-1.80992273,-0.949787331051313,0.0404860890824425,1.57533755088996
-26.3214111328125,-36.2396240234375,-331.878662109375,-31.890869140625,19.378662109375,-371.7041015625,1.10706353187561,-9.32756805419922,-2.53635549545288,1.19629728794098,0.359375089406967,0.267475217580795,-1.38670265674591,-5.040931224823,7.69138526916504,0.131491020321846,0.0594354830682278,0.146916955709457,0.144524320960045,-6.70465898513794,4.37142610549927,-2.13282585144043,-0.742625176906586,-0.00918559636920691,-1.06261456012726,-9.8339786529541,-1.29277110099792,1.21837198734283,0.170351162552834,0.0761512964963913,65.4991089455,-42.9932499825,-1.801416483,-0.949980435801739,0.0395375593131238,1.57053623417296
-26.5121459960938,-36.3922119140625,-332.107543945313,-31.9290161132813,19.3405151367188,-371.856689453125,1.09245645999908,-9.32764911651611,-2.54962420463562,1.19684183597565,0.35945388674736,0.265551030635834,-1.38908863067627,-5.04033470153809,7.69185304641724,0.131874427199364,0.0600696951150894,0.147479504346848,0.15352027118206,-6.70022535324097,4.37199020385742,-2.13069033622742,-0.740435779094696,-0.00801028497517109,-1.06514585018158,-9.84242630004883,-1.28975665569305,1.22234582901001,0.167907401919365,0.0767281949520111,65.405743601,-42.944662715,-1.792910236,-0.950173540552165,0.038589029543805,1.56573491745597
-26.702880859375,-36.5447998046875,-332.33642578125,-31.9671630859375,19.3023681640625,-372.00927734375,1.07784926891327,-9.32772922515869,-2.56289315223694,1.1973865032196,0.359532684087753,0.263626843690872,-1.39147472381592,-5.03973770141602,7.69232034683228,0.132257834076881,0.0607039108872414,0.148042067885399,0.162516221404076,-6.69579172134399,4.37255382537842,-2.1285548210144,-0.738246381282806,-0.00683497404679656,-1.0676771402359,-9.85087490081787,-1.28674209117889,1.2263195514679,0.165463626384735,0.0773050934076309,65.3123782565,-42.8960754475,-1.784403989,-0.950366645302592,0.0376404997744861,1.56093360073897
-26.7410278320313,-36.6592407226563,-332.260131835938,-32.0816040039063,19.22607421875,-372.085571289063,1.06324219703674,-9.32781028747559,-2.57616186141968,1.19793117046356,0.359611481428146,0.261702656745911,-1.39386069774628,-5.0391411781311,7.69278812408447,0.132641240954399,0.061338122934103,0.148604616522789,0.171512171626091,-6.69135808944702,4.37311792373657,-2.12641930580139,-0.736056983470917,-0.00565966311842203,-1.07020843029022,-9.8593225479126,-1.28372752666473,1.23029339313507,0.163019865751266,0.0778819918632507,65.219012912,-42.84748818,-1.775897742,-0.950559750053018,0.0366919700051674,1.55613228402197
-26.7791748046875,-36.773681640625,-332.183837890625,-32.196044921875,19.1497802734375,-372.161865234375,1.03731715679169,-9.32808399200439,-2.58875346183777,1.1984041929245,0.359905302524567,0.25971394777298,-1.40514647960663,-5.04030179977417,7.69486808776855,0.133053317666054,0.0618720278143883,0.148955777287483,0.165514543652534,-6.69206762313843,4.36847448348999,-2.12749791145325,-0.734218776226044,-0.00300447549670935,-1.07739913463593,-9.85396957397461,-1.28240549564362,1.23411667346954,0.160852000117302,0.0788781344890594,65.1256475675,-42.7989009125,-1.767391495,-0.950752854803444,0.0357434402358486,1.55133096730498
-26.7410278320313,-36.8499755859375,-332.183837890625,-32.3104858398438,19.1497802734375,-372.467041015625,1.01139211654663,-9.32835865020752,-2.60134530067444,1.19887709617615,0.360199153423309,0.257725268602371,-1.41643238067627,-5.04146289825439,7.69694757461548,0.133465379476547,0.0624059289693832,0.149306938052177,0.159516915678978,-6.69277715682983,4.36383152008057,-2.1285765171051,-0.732380568981171,-0.000349287874996662,-1.08458971977234,-9.84861755371094,-1.28108334541321,1.23794007301331,0.158684149384499,0.0798742771148682,65.032282223,-42.750313645,-1.758885248,-0.950945959553871,0.0347949104665299,1.54652965058798
-26.702880859375,-36.92626953125,-332.183837890625,-32.4249267578125,19.1497802734375,-372.772216796875,0.98546701669693,-9.32863235473633,-2.61393690109253,1.19935011863708,0.36049297451973,0.25573655962944,-1.42771816253662,-5.04262351989746,7.69902753829956,0.133877456188202,0.0629398301243782,0.149658098816872,0.153519287705421,-6.69348621368408,4.35918807983398,-2.12965512275696,-0.730542361736298,0.00230589974671602,-1.09178042411804,-9.84326457977295,-1.27976131439209,1.24176335334778,0.156516283750534,0.0808704197406769,64.9389168785,-42.7017263775,-1.750379001,-0.951139064304297,0.0338463806972112,1.54172833387098
-26.85546875,-36.92626953125,-331.72607421875,-32.5775146484375,19.0353393554688,-373.306274414063,0.959541976451874,-9.32890701293945,-2.62652850151062,1.19982314109802,0.36078679561615,0.253747850656509,-1.43900394439697,-5.04378461837769,7.70110750198364,0.134289532899857,0.0634737387299538,0.150009244680405,0.147521644830704,-6.69419574737549,4.3545446395874,-2.13073348999023,-0.728704214096069,0.00496108736842871,-1.09897112846375,-9.83791160583496,-1.27843928337097,1.24558663368225,0.154348433017731,0.0818665698170662,64.845551534,-42.65313911,-1.741872754,-0.951332169054724,0.0328978509278922,1.53692701715398
-27.008056640625,-36.92626953125,-331.268310546875,-32.7301025390625,18.9208984375,-373.84033203125,0.933616876602173,-9.32918071746826,-2.63912034034729,1.20029604434967,0.361080646514893,0.251759141683578,-1.45028972625732,-5.04494524002075,7.70318698883057,0.134701609611511,0.0640076398849487,0.150360405445099,0.141524016857147,-6.69490528106689,4.34990167617798,-2.13181209564209,-0.726866006851196,0.00761627499014139,-1.10616171360016,-9.83255863189697,-1.27711725234985,1.24940991401672,0.152180567383766,0.0828627124428749,64.7521861895,-42.6045518425,-1.733366507,-0.95152527380515,0.0319493211585735,1.53212570043699
-27.0462036132813,-36.92626953125,-331.268310546875,-32.9208374023438,18.8446044921875,-373.611450195313,0.907691836357117,-9.32945442199707,-2.65171194076538,1.20076906681061,0.361374467611313,0.24977046251297,-1.46157562732697,-5.04610633850098,7.70526695251465,0.135113671422005,0.0645415410399437,0.150711566209793,0.135526388883591,-6.6956148147583,4.3452582359314,-2.13289070129395,-0.725027799606323,0.0102714626118541,-1.11335241794586,-9.8272066116333,-1.27579510211945,1.25323331356049,0.150012716650963,0.0838588550686836,64.658820845,-42.555964575,-1.72486026,-0.951718378555576,0.0310007913892548,1.52732438371999
-27.0843505859375,-36.92626953125,-331.268310546875,-33.111572265625,18.768310546875,-373.382568359375,0.881766736507416,-9.3297290802002,-2.66430354118347,1.20124197006226,0.361668288707733,0.247781753540039,-1.47286140918732,-5.04726696014404,7.70734643936157,0.135525748133659,0.0650754496455193,0.151062726974487,0.129528760910034,-6.69632387161255,4.34061527252197,-2.1339693069458,-0.72318959236145,0.0129266502335668,-1.12054300308228,-9.82185363769531,-1.27447307109833,1.25705659389496,0.147844851016998,0.0848549976944923,64.5654555005,-42.5073773075,-1.716354013,-0.951911483306003,0.0300522616199361,1.522523067003
-27.16064453125,-37.0025634765625,-331.11572265625,-33.0734252929688,18.768310546875,-373.458862304688,0.85584169626236,-9.330002784729,-2.67689538002014,1.20171499252319,0.361962139606476,0.245793059468269,-1.48414719104767,-5.04842805862427,7.70942640304565,0.135937824845314,0.0656093508005142,0.151413887739182,0.123531132936478,-6.69703340530396,4.33597183227539,-2.13504791259766,-0.721351385116577,0.0155818378552794,-1.12773370742798,-9.81650066375732,-1.27315104007721,1.26087987422943,0.145677000284195,0.0858511403203011,64.472090156,-42.45879004,-1.707847766,-0.952104588056429,0.0291037318506174,1.517721750286
-27.2369384765625,-37.078857421875,-330.963134765625,-33.0352783203125,18.768310546875,-373.53515625,0.829916656017303,-9.33027744293213,-2.68948698043823,1.20218801498413,0.362255960702896,0.243804350495338,-1.49543309211731,-5.04958868026733,7.71150636672974,0.136349886655807,0.0661432519555092,0.151765048503876,0.117533497512341,-6.69774293899536,4.33132839202881,-2.13612651824951,-0.719513177871704,0.0182370245456696,-1.13492441177368,-9.81114768981934,-1.2718288898468,1.26470327377319,0.14350913465023,0.0868472829461098,64.3787248115,-42.4102027725,-1.699341519,-0.952297692806856,0.0281552020812984,1.512920433569
-27.4276733398438,-37.078857421875,-331.192016601563,-33.0734252929688,18.7301635742188,-373.611450195313,0.803991556167603,-9.33055114746094,-2.70207858085632,1.20266091823578,0.362549781799316,0.241815656423569,-1.50671887397766,-5.0507493019104,7.71358585357666,0.136761963367462,0.0666771531105042,0.15211620926857,0.111535869538784,-6.69845247268677,4.32668542861938,-2.13720512390137,-0.717674970626831,0.0208922140300274,-1.1421149969101,-9.80579566955566,-1.27050685882568,1.26852655410767,0.141341283917427,0.0878434255719185,64.285359467,-42.361615505,-1.690835272,-0.952490797557282,0.0272066723119797,1.50811911685201
-27.618408203125,-37.078857421875,-331.4208984375,-33.111572265625,18.6920166015625,-373.687744140625,0.778066515922546,-9.33082485198975,-2.71467041969299,1.20313394069672,0.362843632698059,0.239826962351799,-1.51800465583801,-5.05191040039063,7.71566581726074,0.137174040079117,0.0672110617160797,0.152467355132103,0.105538241565228,-6.69916200637817,4.3220419883728,-2.13828349113464,-0.715836822986603,0.0235473997890949,-1.1493057012558,-9.80044269561768,-1.26918482780457,1.27234983444214,0.139173418283463,0.0888395756483078,64.1919941225,-42.3130282375,-1.682329025,-0.952683902307708,0.0262581425426609,1.50331780013501
-27.6565551757813,-37.1170043945313,-331.11572265625,-33.416748046875,18.5012817382813,-373.687744140625,0.75214147567749,-9.33109951019287,-2.72726202011108,1.20360696315765,0.363137453794479,0.237838253378868,-1.52929055690765,-5.05307102203369,7.71774578094482,0.13758610188961,0.0677449628710747,0.152818515896797,0.0995406061410904,-6.69987106323242,4.31739854812622,-2.1393620967865,-0.71399861574173,0.0262025874108076,-1.1564964056015,-9.79508972167969,-1.26786267757416,1.2761732339859,0.137005567550659,0.0898357182741165,64.098628778,-42.26444097,-1.673822778,-0.952877007058135,0.0253096127733422,1.49851648341801
-27.6947021484375,-37.1551513671875,-330.810546875,-33.721923828125,18.310546875,-373.687744140625,0.726216375827789,-9.33137321472168,-2.73985362052917,1.2040798664093,0.3634312748909,0.235849559307098,-1.54057633876801,-5.05423212051392,7.71982526779175,0.137998178601265,0.0682788640260696,0.153169676661491,0.0935429781675339,-6.70058059692383,4.3127555847168,-2.14044070243835,-0.712160408496857,0.0288577750325203,-1.16368699073792,-9.7897367477417,-1.26654064655304,1.27999651432037,0.134837701916695,0.0908318608999252,64.0052634335,-42.2158537025,-1.665316531,-0.953070111808561,0.0243610830040235,1.49371516670102
-27.7328491210938,-37.1551513671875,-330.657958984375,-33.9126586914063,18.5394287109375,-373.764038085938,0.701573371887207,-9.33292102813721,-2.74789071083069,1.20449197292328,0.362626880407333,0.233991667628288,-1.55290186405182,-5.05889129638672,7.72046232223511,0.138553574681282,0.0684257820248604,0.153228804469109,0.0852480381727219,-6.70491743087769,4.30822515487671,-2.14216065406799,-0.711954355239868,0.0324140898883343,-1.17259454727173,-9.78231239318848,-1.26604890823364,1.28387355804443,0.132159277796745,0.09218630194664,63.911898089,-42.167266435,-1.656810284,-0.953263216558987,0.0234125532347045,1.48891384998402
-27.77099609375,-37.1551513671875,-330.50537109375,-34.1033935546875,18.768310546875,-373.84033203125,0.678212344646454,-9.33574295043945,-2.75137329101563,1.20484304428101,0.360724240541458,0.232264578342438,-1.56626713275909,-5.06704902648926,7.71965599060059,0.139252290129662,0.0681857168674469,0.152995899319649,0.074655793607235,-6.71288204193115,4.30380773544312,-2.14452195167542,-0.713380396366119,0.0368715301156044,-1.18321907520294,-9.77281665802002,-1.26638746261597,1.28780424594879,0.128970265388489,0.0938990488648415,63.8185327445,-42.1186791675,-1.648304037,-0.953456321309414,0.0224640234653858,1.48411253326702
-27.8472900390625,-37.1551513671875,-330.50537109375,-34.2559814453125,18.7301635742188,-374.069213867188,0.654851317405701,-9.33856391906738,-2.75485563278198,1.20519423484802,0.358821600675583,0.230537503957748,-1.57963240146637,-5.0752067565918,7.71885013580322,0.139951005578041,0.0679456517100334,0.152762994170189,0.0640635415911674,-6.72084617614746,4.29939031600952,-2.14688324928284,-0.714806497097015,0.0413289703428745,-1.19384360313416,-9.76332092285156,-1.26672601699829,1.29173493385315,0.125781267881393,0.0956117957830429,63.7251674,-42.0700919,-1.63979779,-0.95364942605984,0.0215154936960671,1.47931121655003
-27.923583984375,-37.1551513671875,-330.50537109375,-34.4085693359375,18.6920166015625,-374.298095703125,0.631490290164948,-9.34138488769531,-2.75833797454834,1.20554542541504,0.356918931007385,0.228810414671898,-1.59299767017365,-5.08336496353149,7.7180438041687,0.140649721026421,0.0677055865526199,0.15253010392189,0.0534712970256805,-6.72881031036377,4.29497241973877,-2.14924454689026,-0.716232597827911,0.045786414295435,-1.20446801185608,-9.75382518768311,-1.26706457138062,1.2956657409668,0.122592255473137,0.0973245427012444,63.724306301,-42.0698784495,-1.6396759615,-0.953208630078168,0.0206249380135667,1.47487481668414
-28.1524658203125,-37.1551513671875,-330.429077148438,-34.4467163085938,18.6538696289063,-374.374389648438,0.608129262924194,-9.34420680999756,-2.76182055473328,1.20589649677277,0.35501629114151,0.227083325386047,-1.60636293888092,-5.09152269363403,7.71723794937134,0.1413484364748,0.0674655139446259,0.15229719877243,0.0428790487349033,-6.73677492141724,4.29055500030518,-2.15160584449768,-0.717658638954163,0.0502438545227051,-1.21509253978729,-9.74432945251465,-1.26740312576294,1.29959642887115,0.119403250515461,0.0990372896194458,63.723445202,-42.069664999,-1.639554133,-0.952767834096496,0.0197343823310663,1.47043841681825
-28.38134765625,-37.1551513671875,-330.352783203125,-34.48486328125,18.61572265625,-374.45068359375,0.584768235683441,-9.34702777862549,-2.76530289649963,1.20624768733978,0.353113651275635,0.225356251001358,-1.6197282075882,-5.09968042373657,7.71643209457397,0.14204715192318,0.0672254487872124,0.152064293622971,0.0322868004441261,-6.74473905563354,4.28613758087158,-2.1539671421051,-0.719084739685059,0.0547012947499752,-1.22571706771851,-9.73483276367188,-1.26774168014526,1.30352711677551,0.116214245557785,0.100750036537647,63.722584103,-42.0694515485,-1.6394323045,-0.952327038114824,0.0188438266485657,1.46600201695237
-28.5720825195313,-37.2695922851563,-330.352783203125,-34.5611572265625,18.6920166015625,-374.1455078125,0.561407208442688,-9.34984874725342,-2.76878523826599,1.2065988779068,0.35121101140976,0.223629161715508,-1.63309347629547,-5.10783815383911,7.71562576293945,0.142745867371559,0.0669853836297989,0.151831388473511,0.0216945502907038,-6.75270318984985,4.28172016143799,-2.15632843971252,-0.720510840415955,0.0591587349772453,-1.23634147644043,-9.72533702850342,-1.26808023452759,1.30745792388916,0.113025240600109,0.102462783455849,63.721723004,-42.069238098,-1.639310476,-0.951886242133152,0.0179532709660653,1.46156561708648
-28.7628173828125,-37.384033203125,-330.352783203125,-34.637451171875,18.768310546875,-373.84033203125,0.538046181201935,-9.35267066955566,-2.77226781845093,1.20694994926453,0.349308371543884,0.221902087330818,-1.64645874500275,-5.11599588394165,7.71481990814209,0.143444567918777,0.0667453184723854,0.151598483324051,0.0111023029312491,-6.76066780090332,4.27730274200439,-2.15868973731995,-0.721936881542206,0.0636161789298058,-1.24696600437164,-9.71584129333496,-1.26841878890991,1.31138861179352,0.109836235642433,0.10417553037405,63.720861905,-42.0690246475,-1.6391886475,-0.95144544615148,0.017062715283565,1.45712921722059
-28.8009643554688,-37.4221801757813,-330.276489257813,-34.8281860351563,18.61572265625,-373.992919921875,0.514685153961182,-9.35549163818359,-2.77575016021729,1.20730113983154,0.347405731678009,0.220174998044968,-1.65982401371002,-5.12415361404419,7.71401357650757,0.144143283367157,0.0665052458643913,0.151365578174591,0.000510054873302579,-6.76863193511963,4.2728853225708,-2.16105103492737,-0.723362982273102,0.0680736154317856,-1.25759053230286,-9.7063455581665,-1.26875734329224,1.31531929969788,0.106647230684757,0.105888277292252,63.720000806,-42.068811197,-1.639066819,-0.951004650169807,0.0161721596010646,1.45269281735471
-28.839111328125,-37.4603271484375,-330.2001953125,-35.0189208984375,18.463134765625,-374.1455078125,0.491324126720428,-9.35831356048584,-2.77923274040222,1.20765221118927,0.345503091812134,0.218447908759117,-1.6731892824173,-5.13231134414673,7.71320772171021,0.144841998815536,0.0662651807069778,0.151132673025131,-0.0100821936503053,-6.7765965461731,4.26846790313721,-2.16341233253479,-0.724789023399353,0.072531059384346,-1.26821494102478,-9.69684982299805,-1.26909589767456,1.31925010681152,0.103458225727081,0.107601024210453,63.719139707,-42.0685977465,-1.6389449905,-0.950563854188135,0.0152816039185642,1.44825641748882
-28.839111328125,-37.6129150390625,-330.047607421875,-35.0189208984375,18.5775756835938,-374.069213867188,0.467963099479675,-9.36113452911377,-2.78271508216858,1.20800340175629,0.343600422143936,0.216720834374428,-1.68655455112457,-5.14046955108643,7.71240139007568,0.145540714263916,0.0660251155495644,0.150899782776833,-0.0206744410097599,-6.7845606803894,4.26405000686646,-2.16577363014221,-0.726215124130249,0.0769884958863258,-1.27883946895599,-9.68735408782959,-1.26943445205688,1.32318079471588,0.100269220769405,0.109313771128654,63.718278608,-42.068384296,-1.638823162,-0.950123058206463,0.0143910482360636,1.44382001762293
-28.839111328125,-37.7655029296875,-329.89501953125,-35.0189208984375,18.6920166015625,-373.992919921875,0.444602072238922,-9.3639554977417,-2.78619742393494,1.2083545923233,0.341697782278061,0.214993745088577,-1.69991981983185,-5.14862728118896,7.71159553527832,0.146239429712296,0.0657850503921509,0.150666877627373,-0.0312666893005371,-6.79252481460571,4.25963258743286,-2.16813492774963,-0.727641224861145,0.0814459398388863,-1.28946399688721,-9.67785739898682,-1.26977300643921,1.32711148262024,0.0970802158117294,0.111026518046856,63.717417509,-42.0681708455,-1.6387013335,-0.949682262224791,0.0135004925535632,1.43938361775705
-28.839111328125,-37.6510620117188,-329.818725585938,-35.09521484375,18.6538696289063,-374.221801757813,0.421241044998169,-9.36677742004395,-2.78968000411987,1.20870566368103,0.339795142412186,0.213266670703888,-1.71328508853912,-5.1567850112915,7.7107892036438,0.146938145160675,0.0655449777841568,0.150433972477913,-0.0418589375913143,-6.80048942565918,4.25521516799927,-2.17049622535706,-0.729067265987396,0.0859033763408661,-1.30008840560913,-9.66836166381836,-1.27011156082153,1.33104228973389,0.0938912108540535,0.112739264965057,63.71655641,-42.067957395,-1.638579505,-0.949241466243119,0.0126099368710628,1.43494721789116
-28.839111328125,-37.53662109375,-329.742431640625,-35.1715087890625,18.61572265625,-374.45068359375,0.397880017757416,-9.36959838867188,-2.79316234588623,1.20905685424805,0.33789250254631,0.211539581418037,-1.7266503572464,-5.16494274139404,7.70998334884644,0.147636860609055,0.0653049126267433,0.150201067328453,-0.0524511858820915,-6.80845355987549,4.25079774856567,-2.17285752296448,-0.730493366718292,0.0903608202934265,-1.31071293354034,-9.6588659286499,-1.27045011520386,1.33497297763824,0.0907022058963776,0.114452011883259,63.715695311,-42.0677439445,-1.6384576765,-0.948800670261447,0.0117193811885625,1.43051081802528
-29.0298461914063,-37.5747680664063,-329.818725585938,-35.4766845703125,18.5775756835938,-374.45068359375,0.381644159555435,-9.37725639343262,-2.78271508216858,1.20955491065979,0.332976251840591,0.209823176264763,-1.73264825344086,-5.16637802124023,7.71149873733521,0.148059695959091,0.0643445998430252,0.149319589138031,-0.0826326459646225,-6.81748247146606,4.23859310150146,-2.17507553100586,-0.733144998550415,0.0958576053380966,-1.31959664821625,-9.6413402557373,-1.28932952880859,1.33826243877411,0.0880684480071068,0.116648577153683,63.714834212,-42.067530494,-1.638335848,-0.948359874279775,0.0108288255060621,1.42607441815939
-29.2205810546875,-37.6129150390625,-329.89501953125,-35.7818603515625,18.5394287109375,-374.45068359375,0.365408301353455,-9.38491535186768,-2.77226781845093,1.21005296707153,0.328060001134872,0.208106771111488,-1.73864614963531,-5.16781330108643,7.71301412582397,0.148482546210289,0.0633842796087265,0.148438096046448,-0.112814106047153,-6.82651090621948,4.2263879776001,-2.17729377746582,-0.735796630382538,0.101354390382767,-1.32848048210144,-9.62381553649902,-1.30820894241333,1.34155201911926,0.085434690117836,0.118845134973526,63.713973113,-42.0673170435,-1.6382140195,-0.947919078298102,0.00993826982356146,1.4216380182935
-29.3731689453125,-37.6129150390625,-329.666137695313,-35.9344482421875,18.5775756835938,-374.45068359375,0.349172443151474,-9.39257335662842,-2.76182055473328,1.21055114269257,0.323143750429153,0.206390365958214,-1.74464404582977,-5.16924810409546,7.71452951431274,0.148905381560326,0.0624239668250084,0.147556617856026,-0.142995566129684,-6.83553981781006,4.21418333053589,-2.1795117855072,-0.738448321819305,0.106851175427437,-1.33736419677734,-9.60628986358643,-1.32708823680878,1.34484148025513,0.0828009322285652,0.12104170024395,63.713112014,-42.067103593,-1.638092191,-0.94747828231643,0.00904771414106109,1.41720161842762
-29.5257568359375,-37.6129150390625,-329.437255859375,-36.0870361328125,18.61572265625,-374.45068359375,0.332936584949493,-9.40023136138916,-2.75137329101563,1.21104919910431,0.318227529525757,0.204673960804939,-1.75064194202423,-5.17068338394165,7.71604537963867,0.149328216910362,0.061463650316,0.146675139665604,-0.173177033662796,-6.84456872940063,4.20197868347168,-2.18172979354858,-0.741099953651428,0.112347960472107,-1.34624791145325,-9.58876514434814,-1.34596765041351,1.34813094139099,0.0801671743392944,0.123238258063793,63.712250915,-42.0668901425,-1.6379703625,-0.947037486334758,0.00815715845856071,1.41276521856173
-29.5639038085938,-37.6510620117188,-329.28466796875,-36.0870361328125,18.8064575195313,-374.1455078125,0.316700726747513,-9.4078893661499,-2.74092578887939,1.21154725551605,0.313311278820038,0.202957555651665,-1.75663983821869,-5.17211866378784,7.71756076812744,0.14975106716156,0.0605033375322819,0.145793661475182,-0.203358486294746,-6.85359764099121,4.18977355957031,-2.18394780158997,-0.743751585483551,0.117844745516777,-1.35513162612915,-9.57123947143555,-1.36484706401825,1.35142040252686,0.0775334089994431,0.125434815883636,63.711389816,-42.066676692,-1.637848534,-0.946596690353086,0.00726660277606034,1.40832881869584
-29.60205078125,-37.689208984375,-329.132080078125,-36.0870361328125,18.9971923828125,-373.84033203125,0.300464868545532,-9.41554832458496,-2.73047852516174,1.2120453119278,0.308395028114319,0.20124115049839,-1.76263773441315,-5.17355394363403,7.71907615661621,0.150173902511597,0.0595430210232735,0.144912168383598,-0.233539953827858,-6.86262607574463,4.1775689125061,-2.18616604804993,-0.746403217315674,0.123341530561447,-1.36401546001434,-9.55371379852295,-1.38372647762299,1.35470998287201,0.0748996511101723,0.12763138115406,63.710528717,-42.0664632415,-1.6377267055,-0.946155894371414,0.00637604709355996,1.40389241882996
-29.7164916992188,-37.53662109375,-328.903198242188,-36.2777709960938,18.8827514648438,-373.764038085938,0.284229010343552,-9.4232063293457,-2.72003126144409,1.21254348754883,0.3034787774086,0.199524745345116,-1.7686356306076,-5.17498874664307,7.72059154510498,0.150596752762794,0.0585827045142651,0.144030690193176,-0.263721406459808,-6.87165498733521,4.16536426544189,-2.18838405609131,-0.749054849147797,0.128838315606117,-1.37289917469025,-9.53618907928467,-1.40260577201843,1.35799944400787,0.0722658932209015,0.129827946424484,63.709667618,-42.066249791,-1.637604877,-0.945715098389742,0.00548549141105934,1.39945601896407
-29.8309326171875,-37.384033203125,-328.67431640625,-36.468505859375,18.768310546875,-373.687744140625,0.267993152141571,-9.43086433410645,-2.70958399772644,1.21304154396057,0.298562526702881,0.197808340191841,-1.77463352680206,-5.17642402648926,7.72210693359375,0.151019588112831,0.057622391730547,0.143149212002754,-0.29390287399292,-6.88068389892578,4.15315914154053,-2.19060206413269,-0.751706480979919,0.134335100650787,-1.38178288936615,-9.51866340637207,-1.42148518562317,1.36128890514374,0.0696321353316307,0.132024511694908,63.708806519,-42.0660363405,-1.6374830485,-0.945274302408069,0.00459493572855896,1.39501961909818
-29.8309326171875,-37.53662109375,-328.521728515625,-36.468505859375,18.8446044921875,-373.764038085938,0.25175729393959,-9.4385232925415,-2.69913673400879,1.21353960037231,0.293646275997162,0.196091935038567,-1.78063142299652,-5.17785930633545,7.72362232208252,0.151442423462868,0.0566620752215385,0.142267733812332,-0.324084341526031,-6.88971281051636,4.14095449447632,-2.19282007217407,-0.754358172416687,0.139831885695457,-1.39066672325134,-9.50113868713379,-1.44036459922791,1.36457848548889,0.0669983774423599,0.134221076965332,63.70794542,-42.06582289,-1.63736122,-0.944833506426397,0.00370438004605859,1.3905832192323
-29.8309326171875,-37.689208984375,-328.369140625,-36.468505859375,18.9208984375,-373.84033203125,0.235521420836449,-9.44618129730225,-2.68868947029114,1.21403765678406,0.288730025291443,0.194375529885292,-1.78662931919098,-5.17929458618164,7.72513771057129,0.151865273714066,0.0557017587125301,0.141386240720749,-0.354265809059143,-6.89874124526978,4.12874984741211,-2.19503831863403,-0.75700980424881,0.145328670740128,-1.39955043792725,-9.48361301422119,-1.45924401283264,1.36786794662476,0.0643646195530891,0.136417627334595,63.4858503095,-41.5635479975,-1.632949769,-0.944654315632738,0.00223800837686804,1.38746067386817
-29.754638671875,-37.6510620117188,-328.598022460938,-36.8499755859375,19.073486328125,-373.458862304688,0.219285562634468,-9.45383930206299,-2.67824220657349,1.2145357131958,0.283813804388046,0.192659124732018,-1.79262721538544,-5.18072986602783,7.72665357589722,0.152288109064102,0.054741445928812,0.140504762530327,-0.384447276592255,-6.90777015686035,4.11654472351074,-2.19725632667542,-0.759661436080933,0.150825455784798,-1.40843415260315,-9.46608734130859,-1.47812342643738,1.37115740776062,0.0617308616638184,0.138614192605019,63.263755199,-41.0612731050001,-1.628538318,-0.944475124839079,0.000771636707677494,1.38433812850405
-29.6783447265625,-37.6129150390625,-328.826904296875,-37.2314453125,19.22607421875,-373.077392578125,0.203049704432487,-9.46149826049805,-2.66779494285583,1.21503388881683,0.278897553682327,0.190942719578743,-1.7986251115799,-5.18216466903687,7.72816896438599,0.152710944414139,0.0537811294198036,0.139623284339905,-0.414628714323044,-6.91679906845093,4.10434007644653,-2.1994743347168,-0.762313067913055,0.156322240829468,-1.41731798648834,-9.44856262207031,-1.49700272083282,1.37444698810577,0.0590971000492573,0.140810757875443,63.0416600885,-40.5589982124999,-1.624126867,-0.944295934045419,-0.000694734961513468,1.38121558313993
-29.8690795898438,-37.841796875,-328.521728515625,-37.3077392578125,19.1879272460938,-372.848510742188,0.186813846230507,-9.46915626525879,-2.65734767913818,1.21553194522858,0.273981302976608,0.189226314425468,-1.80462300777435,-5.18359994888306,7.72968435287476,0.153133794665337,0.0528208129107952,0.138741806149483,-0.444810181856155,-6.9258279800415,4.09213542938232,-2.20169234275818,-0.764964699745178,0.161819025874138,-1.42620170116425,-9.43103694915771,-1.51588213443756,1.37773644924164,0.0564633421599865,0.143007323145866,62.819564978,-40.05672332,-1.619715416,-0.94411674325176,-0.00216110663070401,1.37809303777581
-30.059814453125,-38.0706787109375,-328.216552734375,-37.384033203125,19.1497802734375,-372.61962890625,0.170191451907158,-9.4778299331665,-2.64808535575867,1.21605682373047,0.269151121377945,0.18780554831028,-1.80409121513367,-5.18364858627319,7.73058700561523,0.153502866625786,0.0520020425319672,0.1379714012146,-0.482746064662933,-6.93340539932251,4.06930637359619,-2.20462703704834,-0.768431484699249,0.16801443696022,-1.43266689777374,-9.41522121429443,-1.53491461277008,1.38033974170685,0.0542685799300671,0.145096346735954,62.5974698675,-39.5544484275,-1.615303965,-0.943937552458101,-0.00362747829989456,1.37497049241168
-30.0979614257813,-38.14697265625,-327.987670898438,-37.4221801757813,19.22607421875,-372.61962890625,0.15318252146244,-9.48751926422119,-2.64000797271729,1.2166086435318,0.264406979084015,0.186680421233177,-1.79702985286713,-5.18231058120728,7.73087739944458,0.153818190097809,0.0513248145580292,0.137312099337578,-0.528436362743378,-6.9395318031311,4.03585290908813,-2.20827841758728,-0.772713363170624,0.174908459186554,-1.43671369552612,-9.40111351013184,-1.55410015583038,1.38225674629211,0.052512813359499,0.147077858448029,62.375374757,-39.052173535,-1.610892514,-0.943758361664441,-0.00509384996908511,1.37184794704756
-30.1361083984375,-38.2232666015625,-327.7587890625,-37.4603271484375,19.3023681640625,-372.61962890625,0.136173576116562,-9.49720859527588,-2.6319305896759,1.21716046333313,0.259662836790085,0.185555294156075,-1.78996849060059,-5.1809720993042,7.73116779327393,0.154133513569832,0.0506475865840912,0.136652782559395,-0.574126660823822,-6.94565868377686,4.00239944458008,-2.21192955970764,-0.776995241641998,0.181802466511726,-1.44076037406921,-9.38700675964355,-1.57328569889069,1.38417375087738,0.0507570467889309,0.149059355258942,62.1532796465,-38.5498986425001,-1.606481063,-0.943579170870782,-0.00656022163827565,1.36872540168344
-30.1742553710938,-38.1851196289063,-327.45361328125,-37.5747680664063,19.4549560546875,-372.467041015625,0.119164645671844,-9.50689792633057,-2.62385320663452,1.21771228313446,0.254918694496155,0.184430167078972,-1.78290712833405,-5.17963409423828,7.73145771026611,0.154448837041855,0.0499703623354435,0.135993480682373,-0.619816958904266,-6.95178508758545,3.96894598007202,-2.21558094024658,-0.781277120113373,0.18869648873806,-1.44480717182159,-9.37290000915527,-1.59247124195099,1.38609075546265,0.0490012764930725,0.151040852069855,61.931184536,-38.0476237499999,-1.602069612,-0.943399980077123,-0.00802659330746661,1.36560285631932
-30.21240234375,-38.14697265625,-327.1484375,-37.689208984375,19.6075439453125,-372.314453125,0.102155707776546,-9.51658725738525,-2.61577582359314,1.21826410293579,0.250174552202225,0.183305040001869,-1.7758457660675,-5.17829608917236,7.73174810409546,0.154764145612717,0.0492931343615055,0.13533416390419,-0.665507256984711,-6.95791149139404,3.93549275398254,-2.21923208236694,-0.785558998584747,0.195590510964394,-1.44885396957397,-9.35879230499268,-1.61165678501129,1.38800776004791,0.0472455099225044,0.153022363781929,61.7090894255,-37.5453488575,-1.597658161,-0.943220789283463,-0.00949296497665716,1.36248031095519
-30.21240234375,-38.2614135742188,-326.995849609375,-37.7273559570313,19.5693969726563,-372.00927734375,0.0851467773318291,-9.52627658843994,-2.60769867897034,1.21881592273712,0.245430395007133,0.182179912924767,-1.76878440380096,-5.17695760726929,7.7320384979248,0.15507946908474,0.0486159063875675,0.134674847126007,-0.711197555065155,-6.96403789520264,3.90203928947449,-2.22288346290588,-0.789840877056122,0.202484518289566,-1.45290064811707,-9.34468555450439,-1.63084232807159,1.38992488384247,0.0454897433519363,0.155003860592842,61.486994315,-37.043073965,-1.59324671,-0.943041598489804,-0.0109593366458477,1.35935776559107
-30.21240234375,-38.3758544921875,-326.84326171875,-37.7655029296875,19.53125,-371.7041015625,0.0681378394365311,-9.53596591949463,-2.59962129592896,1.21936774253845,0.240686252713203,0.181054785847664,-1.76172304153442,-5.17561960220337,7.73232841491699,0.155394792556763,0.0479386784136295,0.134015545248985,-0.756887853145599,-6.97016429901123,3.86858582496643,-2.22653460502625,-0.794122755527496,0.2093785405159,-1.45694744586945,-9.33057880401611,-1.6500278711319,1.39184188842773,0.0437339767813683,0.156985357403755,61.2648992045,-36.5407990725,-1.588835259,-0.942862407696145,-0.0124257083150383,1.35623522022695
-30.4031372070313,-38.5284423828125,-326.5380859375,-37.8799438476563,19.53125,-371.322631835938,0.0511289052665234,-9.54565620422363,-2.59154391288757,1.21991956233978,0.235942125320435,0.1799296438694,-1.75466167926788,-5.17428159713745,7.73261880874634,0.155710116028786,0.0472614504396915,0.133356228470802,-0.802578210830688,-6.97629117965698,3.83513259887695,-2.23018598556519,-0.798404633998871,0.216272562742233,-1.46099412441254,-9.31647109985352,-1.66921353340149,1.393758893013,0.0419782102108002,0.158966869115829,61.042804094,-36.0385241800001,-1.584423808,-0.942683216902485,-0.0138920799842288,1.35311267486283
-30.5938720703125,-38.6810302734375,-326.23291015625,-37.994384765625,19.53125,-370.941162109375,0.0341199710965157,-9.55534553527832,-2.58346652984619,1.22047138214111,0.231197983026505,0.178804516792297,-1.74760031700134,-5.17294311523438,7.73290920257568,0.156025424599648,0.0465842224657536,0.132696926593781,-0.848268508911133,-6.98241758346558,3.8016791343689,-2.23383712768555,-0.802686512470245,0.223166570067406,-1.46504092216492,-9.30236434936523,-1.68839907646179,1.39567589759827,0.0402224436402321,0.160948365926743,60.8207089835,-35.5362492874999,-1.580012357,-0.942504026108826,-0.0153584516534198,1.3499901294987
-30.670166015625,-38.7954711914063,-326.385498046875,-38.14697265625,19.7219848632813,-370.559692382813,0.0171110350638628,-9.56503486633301,-2.57538914680481,1.22102320194244,0.226453840732574,0.177679389715195,-1.74053883552551,-5.17160511016846,7.73319911956787,0.156340748071671,0.0459069944918156,0.132037609815598,-0.893958806991577,-6.98854398727417,3.76822590827942,-2.23748850822449,-0.80696839094162,0.230060592293739,-1.4690877199173,-9.28825664520264,-1.70758461952209,1.39759290218353,0.038466677069664,0.162929877638817,60.598613873,-35.033974395,-1.575600906,-0.942324835315167,-0.0168248233226103,1.34686758413458
-30.7464599609375,-38.909912109375,-326.5380859375,-38.299560546875,19.9127197265625,-370.17822265625,0.000102101097581908,-9.5747241973877,-2.56731176376343,1.22157502174377,0.221709698438644,0.176554262638092,-1.73347747325897,-5.17026710510254,7.73348951339722,0.156656071543694,0.0452297702431679,0.131378307938576,-0.939649105072021,-6.99467039108276,3.73477244377136,-2.24113965034485,-0.811250269412994,0.236954614520073,-1.47313439846039,-9.27414989471436,-1.7267701625824,1.3995099067688,0.0367109067738056,0.16491137444973,60.3765187625,-34.5316995025,-1.571189455,-0.942145644521507,-0.0182911949918008,1.34374503877046
-30.7083129882813,-38.9862060546875,-326.156616210938,-38.3758544921875,19.8745727539063,-369.796752929688,-0.0169068332761526,-9.58441352844238,-2.55923461914063,1.2221268415451,0.216965556144714,0.175429135560989,-1.72641611099243,-5.16892910003662,7.73377990722656,0.156971395015717,0.0445525422692299,0.130718991160393,-0.985339403152466,-7.00079727172852,3.70131897926331,-2.24479103088379,-0.815532147884369,0.243848636746407,-1.47718119621277,-9.26004314422607,-1.7459557056427,1.40142703056335,0.0349551402032375,0.166892871260643,60.154423652,-34.02942461,-1.566778004,-0.941966453727848,-0.0197575666609914,1.34062249340633
-30.670166015625,-39.0625,-325.775146484375,-38.4521484375,19.83642578125,-369.415283203125,-0.0339157693088055,-9.59410285949707,-2.55115723609924,1.22267866134644,0.212221413850784,0.174304008483887,-1.71935474872589,-5.16759061813354,7.73406982421875,0.157286703586578,0.0438753142952919,0.130059689283371,-1.03102970123291,-7.00692367553711,3.66786575317383,-2.24844217300415,-0.819814026355743,0.250742644071579,-1.48122787475586,-9.24593544006348,-1.765141248703,1.40334403514862,0.0331993736326694,0.168874382972717,59.9323285415,-33.5271497175001,-1.562366553,-0.941787262934189,-0.0212239383301819,1.33749994804221
-30.82275390625,-39.1387939453125,-325.851440429688,-38.4902954101563,19.7982788085938,-369.491577148438,-0.0509247034788132,-9.60379219055176,-2.54307985305786,1.22323048114777,0.207477271556854,0.173178881406784,-1.71229338645935,-5.16625261306763,7.7343602180481,0.157602027058601,0.0431980863213539,0.129400372505188,-1.07671999931335,-7.0130500793457,3.63441228866577,-2.25209355354309,-0.824095904827118,0.257636666297913,-1.48527467250824,-9.2318286895752,-1.78432679176331,1.40526103973389,0.0314436070621014,0.17085587978363,59.710233431,-33.0248748249999,-1.557955102,-0.941608072140529,-0.0226903099993729,1.33437740267809
-30.975341796875,-39.215087890625,-325.927734375,-38.5284423828125,19.7601318359375,-369.56787109375,-0.0785261169075966,-9.61810874938965,-2.5284731388092,1.22366046905518,0.198659062385559,0.171258300542831,-1.70557010173798,-5.15633773803711,7.73373126983643,0.157795533537865,0.0435599610209465,0.12957951426506,-1.11983180046082,-7.02001476287842,3.6006031036377,-2.25649738311768,-0.830653190612793,0.265010982751846,-1.48646783828735,-9.22818470001221,-1.78561723232269,1.40702044963837,0.0327908024191856,0.17299148440361,59.4881383205,-32.5225999325,-1.553543651,-0.94142888134687,-0.0241566816685635,1.33125485731397
-30.975341796875,-39.3295288085938,-325.469970703125,-38.4140014648438,19.83642578125,-369.338989257813,-0.106127522885799,-9.63242530822754,-2.51386642456055,1.22409045696259,0.189840868115425,0.169337719678879,-1.69884693622589,-5.14642238616943,7.73310279846191,0.157989025115967,0.0439218357205391,0.129758641123772,-1.16294372081757,-7.02697992324829,3.5667941570282,-2.26090121269226,-0.837210416793823,0.272385269403458,-1.48766088485718,-9.22454071044922,-1.78690755367279,1.40877974033356,0.0341379940509796,0.17512708902359,59.26604321,-32.02032504,-1.5491322,-0.941249690553211,-0.025623053337754,1.32813231194984
-30.975341796875,-39.4439697265625,-325.01220703125,-38.299560546875,19.9127197265625,-369.110107421875,-0.133728936314583,-9.64674186706543,-2.49925971031189,1.22452044487,0.18102265894413,0.167417138814926,-1.69212365150452,-5.13650751113892,7.73247385025024,0.15818253159523,0.0442837104201317,0.129937782883644,-1.20605552196503,-7.03394460678101,3.53298497200012,-2.26530480384827,-0.843767702579498,0.279759585857391,-1.48885405063629,-9.22089672088623,-1.78819799423218,1.41053915023804,0.0354851894080639,0.17726269364357,59.2658348175,-32.0204049635,-1.54898483,-0.940251113747084,-0.0269719555035828,1.32654410893662
-31.0516357421875,-39.4439697265625,-324.70703125,-38.5665893554688,20.0271606445313,-368.728637695313,-0.161330342292786,-9.66105842590332,-2.48465299606323,1.2249504327774,0.172204464673996,0.165496543049812,-1.68540048599243,-5.12659215927124,7.73184490203857,0.158376023173332,0.0446455851197243,0.130116909742355,-1.24916732311249,-7.04090976715088,3.49917578697205,-2.26970863342285,-0.850324988365173,0.287133902311325,-1.49004709720612,-9.21725273132324,-1.78948831558228,1.41229844093323,0.0368323810398579,0.17939829826355,59.265626425,-32.020484887,-1.54883746,-0.939252536940957,-0.0283208576694115,1.3249559059234
-31.1279296875,-39.4439697265625,-324.40185546875,-38.8336181640625,20.1416015625,-368.34716796875,-0.18893176317215,-9.67537498474121,-2.47004628181458,1.22538042068481,0.163386255502701,0.16357596218586,-1.67867720127106,-5.11667728424072,7.73121643066406,0.158569529652596,0.0450074598193169,0.130296051502228,-1.29227912425995,-7.04787445068359,3.46536660194397,-2.27411246299744,-0.856882214546204,0.294508218765259,-1.49124026298523,-9.21360874176025,-1.79077875614166,1.41405785083771,0.0381795763969421,0.18153390288353,59.2654180325,-32.0205648105,-1.54869009,-0.93825396013483,-0.0296697598352406,1.32336770291017
-31.0134887695313,-39.4821166992188,-324.325561523438,-38.8336181640625,20.1034545898438,-368.0419921875,-0.216533169150352,-9.6896915435791,-2.45543956756592,1.22581040859222,0.154568061232567,0.161655381321907,-1.67195403575897,-5.10676240921021,7.73058748245239,0.158763021230698,0.0453693345189095,0.130475178360939,-1.3353910446167,-7.05483961105347,3.43155765533447,-2.27851629257202,-0.863439500331879,0.30188250541687,-1.49243342876434,-9.20996475219727,-1.79206919670105,1.41581726074219,0.0395267717540264,0.18366950750351,59.26520964,-32.020644734,-1.54854272,-0.937255383328703,-0.0310186620010694,1.32177949989695
-30.8990478515625,-39.520263671875,-324.249267578125,-38.8336181640625,20.0653076171875,-367.73681640625,-0.244134575128555,-9.70400905609131,-2.44083285331726,1.22624039649963,0.145749852061272,0.159734800457954,-1.6652307510376,-5.09684705734253,7.72995853424072,0.158956527709961,0.045731209218502,0.130654320120811,-1.37850284576416,-7.06180429458618,3.3977484703064,-2.28292012214661,-0.869996786117554,0.309256821870804,-1.49362647533417,-9.20632076263428,-1.79335951805115,1.41757655143738,0.0408739633858204,0.185805112123489,59.2650012475,-32.0207246575,-1.54839535,-0.936256806522577,-0.0323675641668981,1.32019129688373
-30.975341796875,-39.520263671875,-324.172973632813,-38.9862060546875,20.1034545898438,-367.507934570313,-0.271735996007919,-9.7183256149292,-2.4262261390686,1.22667038440704,0.136931657791138,0.157814219594002,-1.65850758552551,-5.08693218231201,7.72933006286621,0.159150019288063,0.0460930839180946,0.130833446979523,-1.42161464691162,-7.06876945495605,3.36393928527832,-2.28732395172119,-0.876554012298584,0.316631138324738,-1.49481964111328,-9.20267677307129,-1.79464995861053,1.41933596134186,0.0422211587429047,0.187940716743469,59.264792855,-32.020804581,-1.54824798,-0.93525822971645,-0.0337164663327269,1.3186030938705
-31.0516357421875,-39.520263671875,-324.0966796875,-39.1387939453125,20.1416015625,-367.279052734375,-0.299337387084961,-9.73264217376709,-2.41161942481995,1.22710037231445,0.128113448619843,0.155893638730049,-1.65178430080414,-5.07701683044434,7.72870111465454,0.159343525767326,0.0464549586176872,0.131012588739395,-1.46472656726837,-7.07573413848877,3.33013033866882,-2.2917275428772,-0.883111298084259,0.324005454778671,-1.49601268768311,-9.1990327835083,-1.79594027996063,1.42109525203705,0.0435683503746986,0.190076321363449,59.2645844625,-32.0208845045,-1.54810061,-0.934259652910323,-0.0350653684985557,1.31701489085728
-31.1279296875,-39.6728515625,-323.562622070313,-39.4439697265625,20.2178955078125,-366.8212890625,-0.326938807964325,-9.74695873260498,-2.39701271057129,1.22753036022186,0.119295254349709,0.153973057866096,-1.64506113529205,-5.06710195541382,7.72807216644287,0.15953703224659,0.0468168333172798,0.131191730499268,-1.50783836841583,-7.08269882202148,3.29632115364075,-2.29613137245178,-0.889668583869934,0.331379741430283,-1.49720585346222,-9.19538879394531,-1.79723072052002,1.42285466194153,0.0449155457317829,0.192211925983429,59.26437607,-32.020964428,-1.54795324,-0.933261076104196,-0.0364142706643848,1.31542668784406
-31.2042236328125,-39.825439453125,-323.028564453125,-39.7491455078125,20.294189453125,-366.363525390625,-0.354540228843689,-9.76127529144287,-2.38240599632263,1.22796034812927,0.110477052628994,0.152052462100983,-1.63833785057068,-5.0571870803833,7.72744369506836,0.159730523824692,0.0471787080168724,0.131370857357979,-1.55095016956329,-7.08966398239136,3.26251196861267,-2.30053520202637,-0.896225810050964,0.338754057884216,-1.49839901924133,-9.19174480438232,-1.79852116107941,1.42461407184601,0.0462627410888672,0.194347530603409,59.2641676775,-32.0210443515,-1.54780587,-0.932262499298069,-0.0377631728302135,1.31383848483083
-31.280517578125,-39.9017333984375,-322.952270507813,-39.7109985351563,20.294189453125,-365.90576171875,-0.382141649723053,-9.77559185028076,-2.36779928207397,1.22839033603668,0.101658850908279,0.15013188123703,-1.63161468505859,-5.04727172851563,7.72681474685669,0.159924030303955,0.047540582716465,0.131549999117851,-1.59406208992004,-7.09662866592407,3.22870302200317,-2.30493903160095,-0.902783095836639,0.34612837433815,-1.49959206581116,-9.18810081481934,-1.7998114824295,1.4263733625412,0.0476099327206612,0.196483135223389,59.263959285,-32.021124275,-1.5476585,-0.931263922491943,-0.0391120749960423,1.31225028181761
-31.3568115234375,-39.97802734375,-322.8759765625,-39.6728515625,20.294189453125,-365.447998046875,-0.409743040800095,-9.78990840911865,-2.35319256782532,1.22882032394409,0.0928406491875648,0.148211300373077,-1.62489140033722,-5.03735685348511,7.72618579864502,0.160117521882057,0.0479024574160576,0.131729125976563,-1.6371738910675,-7.10359382629395,3.1948938369751,-2.30934286117554,-0.909340381622314,0.353502690792084,-1.50078523159027,-9.18445682525635,-1.80110192298889,1.42813277244568,0.0489571280777454,0.198618739843369,59.2637508925,-32.0212041985,-1.54751113,-0.930265345685816,-0.0404609771618711,1.31066207880439
-31.3186645507813,-40.0924682617188,-322.647094726563,-39.6728515625,20.2178955078125,-365.447998046875,-0.431669652462006,-9.80212879180908,-2.34600973129272,1.22965884208679,0.0831428170204163,0.145781934261322,-1.62472176551819,-5.03085136413574,7.72469472885132,0.160293102264404,0.0486728101968765,0.132015764713287,-1.67386066913605,-7.11367797851563,3.17062091827393,-2.31266450881958,-0.91461306810379,0.359280675649643,-1.50475120544434,-9.18155384063721,-1.80490684509277,1.42994940280914,0.0496379397809505,0.200333327054977,59.2635425,-32.021284122,-1.54736376,-0.929266768879689,-0.0418098793276998,1.30907387579117
-31.280517578125,-40.2069091796875,-322.418212890625,-39.6728515625,20.1416015625,-365.447998046875,-0.447921425104141,-9.81225395202637,-2.3462507724762,1.23090577125549,0.0725653544068336,0.142843782901764,-1.63110554218292,-5.02775526046753,7.72234106063843,0.160450756549835,0.0498516447842121,0.132409915328026,-1.70412254333496,-7.12688159942627,3.15588450431824,-2.31490397453308,-0.918601274490356,0.363462388515472,-1.51148998737335,-9.17939376831055,-1.81122624874115,1.43182337284088,0.0496523752808571,0.201626881957054,59.2633341075,-32.0213640455,-1.54721639,-0.928268192073562,-0.0431587814935289,1.30748567277794
-31.3949584960938,-40.283203125,-322.189331054688,-39.6347045898438,20.2178955078125,-365.142822265625,-0.464173227548599,-9.82237911224365,-2.34649181365967,1.2321525812149,0.061987891793251,0.139905616641045,-1.63748931884766,-5.02465963363647,7.71998739242554,0.160608425736427,0.0510304793715477,0.132804065942764,-1.73438429832458,-7.14008569717407,3.14114809036255,-2.31714367866516,-0.922589480876923,0.367644071578979,-1.51822876930237,-9.17723369598389,-1.81754565238953,1.43369734287262,0.0496668070554733,0.202920451760292,59.263125715,-32.021443969,-1.54706902,-0.927269615267435,-0.0445076836593577,1.30589746976472
-31.5093994140625,-40.3594970703125,-321.96044921875,-39.5965576171875,20.294189453125,-364.837646484375,-0.480425000190735,-9.83250427246094,-2.34673285484314,1.23339951038361,0.0514104291796684,0.136967465281487,-1.64387321472168,-5.02156352996826,7.71763324737549,0.160766080021858,0.0522093139588833,0.133198216557503,-1.76464605331421,-7.15328931808472,3.12641167640686,-2.31938314437866,-0.926577687263489,0.371825784444809,-1.52496755123138,-9.17507362365723,-1.8238650560379,1.43557143211365,0.0496812425553799,0.204214006662369,59.2629173225,-32.0215238925,-1.54692165,-0.926271038461309,-0.0458565858251865,1.3043092667515
-31.7001342773438,-40.435791015625,-321.426391601563,-39.520263671875,20.2560424804688,-364.303588867188,-0.496676802635193,-9.84262943267822,-2.34697389602661,1.23464643955231,0.0408329665660858,0.134029299020767,-1.65025699138641,-5.01846790313721,7.7152795791626,0.160923734307289,0.0533881485462189,0.13359235227108,-1.79490792751312,-7.16649293899536,3.11167526245117,-2.32162261009216,-0.930565893650055,0.376007467508316,-1.5317063331604,-9.17291259765625,-1.83018445968628,1.43744540214539,0.0496956780552864,0.205507576465607,59.26270893,-32.021603816,-1.54677428,-0.925272461655182,-0.0472054879910152,1.30272106373827
-31.890869140625,-40.5120849609375,-320.892333984375,-39.4439697265625,20.2178955078125,-363.76953125,-0.512928605079651,-9.85275363922119,-2.34721493721008,1.23589324951172,0.0302555039525032,0.131091147661209,-1.65664076805115,-5.01537179946899,7.71292591094971,0.161081403493881,0.0545669831335545,0.133986502885818,-1.82516968250275,-7.17969703674316,3.0969386100769,-2.32386231422424,-0.934554040431976,0.380189150571823,-1.53844511508942,-9.17075252532959,-1.83650398254395,1.43931937217712,0.0497101098299026,0.206801131367683,59.2625005375,-32.0216837395,-1.54662691,-0.924273884849055,-0.048554390156844,1.30113286072505
-32.0053100585938,-40.5502319335938,-320.968627929688,-39.5965576171875,20.2560424804688,-363.388061523438,-0.529180407524109,-9.86287879943848,-2.34745597839355,1.23714017868042,0.0196780432015657,0.128152996301651,-1.66302466392517,-5.01227617263794,7.71057224273682,0.161239057779312,0.05574581772089,0.134380653500557,-1.85543143749237,-7.19290065765381,3.08220219612122,-2.32610177993774,-0.938542246818542,0.384370863437653,-1.54518389701843,-9.16859245300293,-1.84282338619232,1.44119334220886,0.0497245453298092,0.208094701170921,59.262292145,-32.021763663,-1.54647954,-0.923275308042928,-0.0499032923226731,1.29954465771183
-32.1197509765625,-40.58837890625,-321.044921875,-39.7491455078125,20.294189453125,-363.006591796875,-0.545432150363922,-9.87300395965576,-2.34769701957703,1.23838710784912,0.00910058151930571,0.125214844942093,-1.6694084405899,-5.00918006896973,7.70821857452393,0.161396712064743,0.0569246523082256,0.134774804115295,-1.88569331169128,-7.20610427856445,3.06746578216553,-2.32834148406982,-0.942530453205109,0.38855254650116,-1.55192267894745,-9.16643238067627,-1.8491427898407,1.4430673122406,0.0497389771044254,0.209388256072998,59.2620837525,-32.0218435865,-1.54633217,-0.922276731236801,-0.0512521944885019,1.2979564546986
-32.0816040039063,-40.6646728515625,-320.510864257813,-39.8635864257813,20.294189453125,-362.777709960938,-0.56168395280838,-9.88312911987305,-2.3479380607605,1.23963391780853,-0.00147688062861562,0.122276678681374,-1.67579221725464,-5.00608444213867,7.70586490631104,0.161554381251335,0.0581034868955612,0.135168939828873,-1.91595506668091,-7.21930837631226,3.05272936820984,-2.33058094978333,-0.946518659591675,0.392734259366989,-1.55866146087646,-9.16427135467529,-1.85546219348907,1.44494128227234,0.049753412604332,0.210681825876236,59.26187536,-32.02192351,-1.5461848,-0.921278154430675,-0.0526010966543306,1.29636825168538
-32.04345703125,-40.740966796875,-319.976806640625,-39.97802734375,20.294189453125,-362.548828125,-0.577935755252838,-9.89325428009033,-2.34817910194397,1.24088084697723,-0.0120543427765369,0.119338527321815,-1.68217611312866,-5.00298833847046,7.70351123809814,0.161712035536766,0.0592823177576065,0.135563090443611,-1.94621694087982,-7.2325119972229,3.03799295425415,-2.33282041549683,-0.950506865978241,0.396915942430496,-1.56540024280548,-9.16211128234863,-1.86178159713745,1.44681525230408,0.0497678481042385,0.211975380778313,59.1724565265,-32.015844792,-1.5364771425,-0.919209031007405,-0.0533707934726441,1.29604607693307
-32.1197509765625,-40.740966796875,-319.900512695313,-39.9398803710938,20.4086303710938,-362.091064453125,-0.594187557697296,-9.90337944030762,-2.34842014312744,1.24212777614594,-0.0226318035274744,0.116400368511677,-1.6885598897934,-4.9998927116394,7.7011570930481,0.161869689822197,0.0604611523449421,0.13595724105835,-1.97647869586945,-7.24571561813354,3.02325654029846,-2.33506011962891,-0.954495072364807,0.401097655296326,-1.5721390247345,-9.15995121002197,-1.86810100078583,1.4486893415451,0.0497822798788548,0.213268950581551,59.083037693,-32.009766074,-1.526769485,-0.917139907584135,-0.0541404902909575,1.29572390218076
-32.196044921875,-40.740966796875,-319.82421875,-39.9017333984375,20.5230712890625,-361.63330078125,-0.610439300537109,-9.91350364685059,-2.34866118431091,1.24337470531464,-0.0332092642784119,0.113462209701538,-1.69494366645813,-4.99679660797119,7.69880342483521,0.162027344107628,0.0616399869322777,0.136351391673088,-2.00674057006836,-7.25891923904419,3.00851988792419,-2.33729958534241,-0.958483219146729,0.405279338359833,-1.57887780666351,-9.15779113769531,-1.87442052364349,1.45056331157684,0.0497967153787613,0.214562505483627,58.9936188595,-32.003687356,-1.5170618275,-0.915070784160864,-0.0549101871092712,1.29540172742846
-32.2723388671875,-40.7028198242188,-319.82421875,-40.0161743164063,20.294189453125,-361.862182617188,-0.626691102981567,-9.92362880706787,-2.34890222549438,1.24462151527405,-0.0437867268919945,0.11052405834198,-1.70132756233215,-4.99370098114014,7.69644975662231,0.16218501329422,0.0628188252449036,0.136745527386665,-2.03700232505798,-7.27212333679199,2.99378347396851,-2.33953928947449,-0.962471425533295,0.409461051225662,-1.58561658859253,-9.15563011169434,-1.88073992729187,1.45243728160858,0.0498111471533775,0.215856075286865,58.904200026,-31.997608638,-1.50735417,-0.913001660737594,-0.0556798839275847,1.29507955267615
-32.3486328125,-40.6646728515625,-319.82421875,-40.130615234375,20.0653076171875,-362.091064453125,-0.642942905426025,-9.93375396728516,-2.34914326667786,1.24586844444275,-0.0543641895055771,0.107585899531841,-1.70771133899689,-4.99060487747192,7.69409608840942,0.162342667579651,0.0639976561069489,0.137139678001404,-2.06726408004761,-7.28532695770264,2.97904706001282,-2.34177875518799,-0.966459631919861,0.413642734289169,-1.59235537052155,-9.15347003936768,-1.88705933094025,1.45431125164032,0.0498255826532841,0.217149630188942,58.8147811925,-31.99152992,-1.4976465125,-0.910932537314324,-0.0564495807458982,1.29475737792384
-32.2723388671875,-40.6646728515625,-319.290161132813,-40.130615234375,20.294189453125,-361.709594726563,-0.646506607532501,-9.93541526794434,-2.35144901275635,1.24748802185059,-0.0679477602243423,0.103640891611576,-1.72476804256439,-5.00450134277344,7.69482135772705,0.162500321865082,0.064728669822216,0.138142913579941,-2.09285020828247,-7.29885339736938,2.98207712173462,-2.34262442588806,-0.972396731376648,0.418702036142349,-1.58606886863708,-9.14742469787598,-1.88203036785126,1.45675134658813,0.0474894903600216,0.218539863824844,58.725362359,-31.985451202,-1.487938855,-0.908863413891054,-0.0572192775642117,1.29443520317153
-32.196044921875,-40.6646728515625,-318.756103515625,-40.130615234375,20.5230712890625,-361.328125,-0.650070250034332,-9.93707656860352,-2.35375475883484,1.24910759925842,-0.0815313309431076,0.0996958836913109,-1.7418247461319,-5.01839733123779,7.69554662704468,0.162657991051674,0.0654596835374832,0.139146164059639,-2.11843609809875,-7.31238031387329,2.98510694503784,-2.34347009658813,-0.978333830833435,0.423761308193207,-1.57978236675262,-9.14137935638428,-1.87700128555298,1.45919144153595,0.0451533980667591,0.219930112361908,58.6359435255,-31.979372484,-1.4782311975,-0.906794290467784,-0.0579889743825251,1.29411302841922
-32.3104858398438,-40.6265258789063,-318.832397460938,-40.283203125,20.44677734375,-360.7177734375,-0.653633952140808,-9.9387378692627,-2.35606050491333,1.25072717666626,-0.0951149016618729,0.0957508757710457,-1.7588814496994,-5.03229379653931,7.6962718963623,0.162815645337105,0.0661906972527504,0.140149399638176,-2.14402222633362,-7.32590675354004,2.98813700675964,-2.34431576728821,-0.984270930290222,0.428820610046387,-1.57349586486816,-9.13533306121826,-1.87197232246399,1.46163153648376,0.0428173057734966,0.22132034599781,58.546524692,-31.973293766,-1.46852354,-0.904725167044514,-0.0587586712008388,1.29379085366691
-32.4249267578125,-40.58837890625,-318.90869140625,-40.435791015625,20.3704833984375,-360.107421875,-0.657197594642639,-9.94039821624756,-2.35836625099182,1.2523467540741,-0.108698472380638,0.0918058753013611,-1.7759382724762,-5.04618978500366,7.69699716567993,0.162973299622536,0.0669217109680176,0.141152635216713,-2.16960835456848,-7.33943367004395,2.99116706848145,-2.34516143798828,-0.990207970142365,0.433879911899567,-1.5672093629837,-9.12928771972656,-1.866943359375,1.46407163143158,0.0404812134802341,0.222710594534874,58.4571058585,-31.967215048,-1.4588158825,-0.902656043621244,-0.0595283680191523,1.29346867891461
-32.501220703125,-40.6646728515625,-318.450927734375,-40.3594970703125,20.5230712890625,-359.725952148438,-0.660761296749115,-9.94205951690674,-2.36067175865173,1.25396633148193,-0.122282043099403,0.0878608673810959,-1.7929949760437,-5.06008625030518,7.6977219581604,0.163130968809128,0.0676527246832848,0.142155885696411,-2.19519424438477,-7.35296010971069,2.99419689178467,-2.34600734710693,-0.996145069599152,0.438939183950424,-1.56092298030853,-9.12324237823486,-1.86191439628601,1.46651172637939,0.0381451211869717,0.224100828170776,58.367687025,-31.96113633,-1.449108225,-0.900586920197974,-0.0602980648374658,1.2931465041623
-32.5775146484375,-40.740966796875,-317.9931640625,-40.283203125,20.6756591796875,-359.344482421875,-0.664324998855591,-9.94372081756592,-2.36297750473022,1.25558590888977,-0.135865613818169,0.0839158594608307,-1.81005167961121,-5.07398223876953,7.69844722747803,0.163288623094559,0.0683837383985519,0.143159121274948,-2.22078037261963,-7.36648654937744,2.99722695350647,-2.34685301780701,-1.00208222866058,0.443998485803604,-1.55463647842407,-9.11719703674316,-1.85688531398773,1.46895182132721,0.0358090288937092,0.22549107670784,58.2782681915,-31.955057612,-1.4394005675,-0.898517796774704,-0.0610677616557792,1.29282432940999
-32.5775146484375,-40.740966796875,-317.916870117188,-40.2450561523438,20.5612182617188,-359.268188476563,-0.667888641357422,-9.9453821182251,-2.36528325080872,1.2572056055069,-0.149449184536934,0.0799708515405655,-1.82710838317871,-5.08787870407104,7.69917249679565,0.163446292281151,0.0691147521138191,0.144162371754646,-2.24636626243591,-7.38001346588135,3.00025701522827,-2.34769868850708,-1.00801920890808,0.449057757854462,-1.54834997653961,-9.11115169525146,-1.85185635089874,1.47139191627502,0.0334729366004467,0.226881310343742,58.188849358,-31.948978894,-1.42969291,-0.896448673351434,-0.0618374584740927,1.29250215465768
-32.5775146484375,-40.740966796875,-317.840576171875,-40.2069091796875,20.44677734375,-359.19189453125,-0.671452343463898,-9.94704341888428,-2.36758899688721,1.25882518291473,-0.163032755255699,0.0760258436203003,-1.84416508674622,-5.1017746925354,7.69989776611328,0.163603946566582,0.0698457658290863,0.145165607333183,-2.27195239067078,-7.3935399055481,3.00328683853149,-2.34854435920715,-1.01395630836487,0.454117059707642,-1.54206347465515,-9.10510635375977,-1.84682738780975,1.47383201122284,0.0311368461698294,0.228271558880806,58.0994305245,-31.942900176,-1.4199852525,-0.894379549928164,-0.0626071552924064,1.29217997990537
-32.6156616210938,-40.7028198242188,-317.535400390625,-40.2069091796875,20.44677734375,-359.039306640625,-0.675015985965729,-9.94870471954346,-2.3698947429657,1.26044476032257,-0.176616325974464,0.0720808357000351,-1.86122179031372,-5.11567115783691,7.70062303543091,0.163761600852013,0.0705767795443535,0.14616884291172,-2.29753851890564,-7.407066822052,3.0063169002533,-2.34939002990723,-1.01989340782166,0.459176361560822,-1.53577697277069,-9.09906005859375,-1.84179830551147,1.47627210617065,0.0288007538765669,0.229661792516708,58.010011691,-31.936821458,-1.410277595,-0.892310426504894,-0.0633768521107199,1.29185780515307
-32.65380859375,-40.6646728515625,-317.230224609375,-40.2069091796875,20.44677734375,-358.88671875,-0.678579688072205,-9.95036602020264,-2.37220048904419,1.26206433773041,-0.19019989669323,0.0681358277797699,-1.87827849388123,-5.12956714630127,7.70134830474854,0.163919270038605,0.0713077932596207,0.147172093391418,-2.32312440872192,-7.42059326171875,3.0093469619751,-2.3502357006073,-1.02583050727844,0.464235633611679,-1.52949047088623,-9.09301471710205,-1.83676934242249,1.47871220111847,0.0264646615833044,0.231052041053772,57.9205928575,-31.93074274,-1.4005699375,-0.890241303081624,-0.0641465489290333,1.29153563040076
-32.7301025390625,-40.7028198242188,-316.925048828125,-40.4739379882813,20.4086303710938,-358.810424804688,-0.68214339017868,-9.9520263671875,-2.37450623512268,1.26368391513824,-0.203783467411995,0.0641908273100853,-1.89533531665802,-5.14346361160278,7.70207357406616,0.164076924324036,0.0720388069748878,0.148175328969955,-2.34871053695679,-7.4341197013855,3.01237678527832,-2.35108137130737,-1.03176760673523,0.469294935464859,-1.52320396900177,-9.08696937561035,-1.8317403793335,1.48115229606628,0.0241285692900419,0.232442274689674,57.831174024,-31.924664022,-1.39086228,-0.888172179658354,-0.0649162457473468,1.29121345564845
-32.806396484375,-40.740966796875,-316.619873046875,-40.740966796875,20.3704833984375,-358.734130859375,-0.685707032680511,-9.95368766784668,-2.37681198120117,1.26530349254608,-0.21736703813076,0.0602458193898201,-1.91239202022552,-5.15735960006714,7.70279884338379,0.164234578609467,0.072769820690155,0.149178564548492,-2.37429666519165,-7.4476466178894,3.01540684700012,-2.35192704200745,-1.03770470619202,0.474354237318039,-1.51691746711731,-9.08092403411865,-1.82671129703522,1.4835923910141,0.0217924769967794,0.233832523226738,57.7417551905,-31.918585304,-1.3811546225,-0.886103056235084,-0.0656859425656603,1.29089128089614
-33.0352783203125,-40.6646728515625,-316.009521484375,-40.6265258789063,20.294189453125,-358.2763671875,-0.689270734786987,-9.95534896850586,-2.37911772727966,1.26692306995392,-0.230950608849525,0.0563008114695549,-1.92944872379303,-5.17125606536865,7.70352411270142,0.164392247796059,0.0735008344054222,0.150181815028191,-2.39988255500793,-7.46117305755615,3.01843690872192,-2.35277271270752,-1.0436418056488,0.479413509368896,-1.51063096523285,-9.07487869262695,-1.82168233394623,1.48603248596191,0.019456384703517,0.23522275686264,57.652336357,-31.912506586,-1.371446965,-0.884033932811814,-0.066455639383974,1.29056910614383
-33.26416015625,-40.58837890625,-315.399169921875,-40.5120849609375,20.2178955078125,-357.818603515625,-0.68939220905304,-9.95655059814453,-2.37289547920227,1.26792109012604,-0.244193911552429,0.0520261637866497,-1.9470055103302,-5.17683506011963,7.70148468017578,0.164214923977852,0.0742031559348106,0.150787398219109,-2.42115616798401,-7.47038745880127,3.0204439163208,-2.35177516937256,-1.05103540420532,0.484254330396652,-1.50161945819855,-9.06611633300781,-1.82085990905762,1.48818778991699,0.0165344309061766,0.235935881733894,57.5629175235,-31.906427868,-1.3617393075,-0.881964809388544,-0.0672253362022874,1.29024693139152
-33.2260131835938,-40.5502319335938,-315.24658203125,-40.435791015625,20.4086303710938,-357.666015625,-0.686071574687958,-9.95729160308838,-2.35814571380615,1.26829743385315,-0.257096946239471,0.0474218800663948,-1.96506237983704,-5.17409658432007,7.69668102264404,0.163702607154846,0.0748767703771591,0.150995329022408,-2.43811750411987,-7.4752893447876,3.02142786979675,-2.34893417358398,-1.05988550186157,0.488876700401306,-1.48988270759583,-9.05463790893555,-1.82424414157867,1.49005830287933,0.0130266137421131,0.235971868038177,57.47349869,-31.90034915,-1.35203165,-0.879895685965274,-0.0679950330206009,1.28992475663922
-33.1878662109375,-40.5120849609375,-315.093994140625,-40.3594970703125,20.599365234375,-357.513427734375,-0.682750880718231,-9.95803356170654,-2.34339570999146,1.26867377758026,-0.270000010728836,0.0428175963461399,-1.98311913013458,-5.17135810852051,7.6918773651123,0.163190290331841,0.0755503848195076,0.151203259825706,-2.45507884025574,-7.48019170761108,3.02241206169128,-2.34609293937683,-1.06873559951782,0.493499040603638,-1.4781459569931,-9.04315948486328,-1.82762837409973,1.49192881584167,0.00951879657804966,0.236007869243622,57.473379272,-31.900213477,-1.3519191625,-0.878335038352286,-0.069154894359466,1.29049349264915
-33.1878662109375,-40.5502319335938,-314.94140625,-40.4739379882813,20.6375122070313,-357.284545898438,-0.679430246353149,-9.95877456665039,-2.32864594459534,1.26905012130737,-0.282903045415878,0.038213312625885,-2.00117588043213,-5.16861963272095,7.68707370758057,0.162677973508835,0.0762240067124367,0.151411190629005,-2.4720401763916,-7.48509359359741,3.02339601516724,-2.34325194358826,-1.07758581638336,0.498121380805969,-1.46640920639038,-9.03168106079102,-1.83101260662079,1.49379920959473,0.00601097987964749,0.236043855547905,57.473259854,-31.900077804,-1.351806675,-0.876774390739297,-0.0703147556983311,1.29106222865907
-33.1878662109375,-40.58837890625,-314.788818359375,-40.58837890625,20.6756591796875,-357.0556640625,-0.676109611988068,-9.95951652526855,-2.31389594078064,1.26942658424377,-0.295806080102921,0.0336090289056301,-2.01923274993896,-5.16588115692139,7.68227005004883,0.162165656685829,0.0768976211547852,0.151619121432304,-2.48900151252747,-7.48999547958374,3.02438020706177,-2.34041094779968,-1.08643591403961,0.502743721008301,-1.45467245578766,-9.02020263671875,-1.83439683914185,1.49566972255707,0.00250316294841468,0.236079856753349,57.473140436,-31.899942131,-1.3516941875,-0.875213743126308,-0.0714746170371965,1.291630964669
-33.1878662109375,-40.6265258789063,-314.407348632813,-40.7028198242188,20.7138061523438,-356.979370117188,-0.672788918018341,-9.9602575302124,-2.29914593696594,1.26980292797089,-0.308709144592285,0.0290047470480204,-2.0372896194458,-5.16314268112183,7.67746639251709,0.161653339862823,0.0775712355971336,0.151827052235603,-2.50596284866333,-7.49489736557007,3.0253643989563,-2.33756995201111,-1.09528601169586,0.507366120815277,-1.44293570518494,-9.00872421264648,-1.8377810716629,1.49754023551941,-0.00100465398281813,0.236115843057632,57.473021018,-31.899806458,-1.3515817,-0.87365309551332,-0.0726344783760615,1.29219970067893
-33.1878662109375,-40.6646728515625,-314.02587890625,-40.8172607421875,20.751953125,-356.903076171875,-0.669468283653259,-9.96099948883057,-2.28439617156982,1.270179271698,-0.321612179279327,0.0244004633277655,-2.05534648895264,-5.16040420532227,7.67266273498535,0.161141023039818,0.0782448574900627,0.152034983038902,-2.52292418479919,-7.4997992515564,3.02634835243225,-2.33472895622253,-1.10413610935211,0.511988461017609,-1.43119895458221,-8.99724578857422,-1.84116530418396,1.49941062927246,-0.00451247068122029,0.236151844263077,57.4729016,-31.899670785,-1.3514692125,-0.872092447900332,-0.0737943397149266,1.29276843668886
-33.4548950195313,-40.740966796875,-313.339233398438,-40.7791137695313,20.8282470703125,-356.4453125,-0.666147589683533,-9.96174049377441,-2.26964616775513,1.27055561542511,-0.33451521396637,0.0197961777448654,-2.07340335845947,-5.15766572952271,7.66785907745361,0.160628706216812,0.0789184719324112,0.15224289894104,-2.53988552093506,-7.50470161437988,3.02733254432678,-2.33188772201538,-1.11298620700836,0.51661080121994,-1.41946220397949,-8.98576736450195,-1.84454953670502,1.5012811422348,-0.00802028737962246,0.23618783056736,57.472782182,-31.899535112,-1.351356725,-0.870531800287343,-0.0749542010537917,1.29333717269879
-33.721923828125,-40.8172607421875,-312.652587890625,-40.740966796875,20.904541015625,-355.987548828125,-0.662826955318451,-9.96248245239258,-2.25489640235901,1.27093207836151,-0.347418278455734,0.0151918949559331,-2.09146022796631,-5.15492725372314,7.66305541992188,0.160116389393806,0.0795920863747597,0.152450829744339,-2.55684685707092,-7.50960350036621,3.02831649780273,-2.32904672622681,-1.12183630466461,0.521233141422272,-1.40772545337677,-8.97428894042969,-1.84793376922607,1.50315165519714,-0.0115281045436859,0.236223831772804,57.472662764,-31.899399439,-1.3512442375,-0.868971152674355,-0.0761140623926568,1.29390590870872
-33.6456298828125,-40.8554077148438,-312.576293945313,-40.740966796875,20.9426879882813,-355.758666992188,-0.659506320953369,-9.96322345733643,-2.24014639854431,1.27130842208862,-0.360321313142776,0.0105876112356782,-2.10951709747314,-5.15218877792358,7.65825176239014,0.159604087471962,0.0802657082676888,0.152658760547638,-2.57380819320679,-7.51450538635254,3.02930068969727,-2.32620573043823,-1.13068640232086,0.525855481624603,-1.39598882198334,-8.96281051635742,-1.85131788253784,1.5050220489502,-0.0150359207764268,0.236259818077087,57.472543346,-31.899263766,-1.35113175,-0.867410505061366,-0.0772739237315222,1.29447464471865
-33.5693359375,-40.8935546875,-312.5,-40.740966796875,20.9808349609375,-355.52978515625,-0.656185626983643,-9.96396541595459,-2.22539663314819,1.27168476581573,-0.373224347829819,0.00598332704976201,-2.1275737285614,-5.14945030212402,7.6534481048584,0.159091770648956,0.0809393227100372,0.152866691350937,-2.59076952934265,-7.51940727233887,3.03028464317322,-2.32336473464966,-1.1395366191864,0.530477821826935,-1.38425207138062,-8.95133209228516,-1.8547021150589,1.50689256191254,-0.0185437388718128,0.236295819282532,57.472423928,-31.899128093,-1.3510192625,-0.865849857448378,-0.0784337850703873,1.29504338072857
-33.416748046875,-40.9698486328125,-312.042236328125,-40.740966796875,21.05712890625,-355.224609375,-0.652864992618561,-9.96470642089844,-2.2106466293335,1.27206110954285,-0.386127382516861,0.00137904309667647,-2.14563059806824,-5.14671182632446,7.64864444732666,0.158579453825951,0.0816129371523857,0.153074622154236,-2.60773086547852,-7.52430963516235,3.03126883506775,-2.3205235004425,-1.14838671684265,0.535100221633911,-1.37251532077789,-8.93985366821289,-1.85808634757996,1.50876307487488,-0.0220515541732311,0.236331805586815,57.47230451,-31.89899242,-1.350906775,-0.86428920983539,-0.0795936464092523,1.2956121167385
-33.26416015625,-41.046142578125,-311.58447265625,-40.740966796875,21.1334228515625,-354.91943359375,-0.649544298648834,-9.9654483795166,-2.19589686393738,1.27243757247925,-0.399030447006226,-0.00322524062357843,-2.16368746757507,-5.1439733505249,7.64384078979492,0.158067137002945,0.0822865590453148,0.153282552957535,-2.62469220161438,-7.52921152114868,3.0322527885437,-2.31768250465393,-1.1572368144989,0.539722561836243,-1.36077857017517,-8.92837524414063,-1.86147058010101,1.51063346862793,-0.0255593713372946,0.236367806792259,57.472185092,-31.898856747,-1.3507942875,-0.862728562222401,-0.0807535077481174,1.29618085274843
-33.3786010742188,-41.1605834960938,-311.126708984375,-40.7028198242188,21.2478637695313,-354.91943359375,-0.646223664283752,-9.96618938446045,-2.18114686012268,1.27281391620636,-0.411933481693268,-0.00782952457666397,-2.18174433708191,-5.14123487472534,7.63903713226318,0.157554820179939,0.0829601734876633,0.153490483760834,-2.64165353775024,-7.53411340713501,3.03323698043823,-2.31484150886536,-1.16608691215515,0.544344902038574,-1.34904181957245,-8.91689682006836,-1.86485481262207,1.51250398159027,-0.029067188501358,0.236403793096542,57.472065674,-31.898721074,-1.3506818,-0.861167914609413,-0.0819133690869825,1.29674958875836
-33.4930419921875,-41.2750244140625,-310.6689453125,-40.6646728515625,21.3623046875,-354.91943359375,-0.634760975837708,-9.95793533325195,-2.16547465324402,1.27324032783508,-0.421404778957367,-0.0121332313865423,-2.20085000991821,-5.12496757507324,7.63037919998169,0.156479850411415,0.0822078511118889,0.152680739760399,-2.6597592830658,-7.53385591506958,3.02512788772583,-2.31079578399658,-1.17451155185699,0.548315346240997,-1.34410715103149,-8.91125297546387,-1.88126695156097,1.51318490505219,-0.0341733358800411,0.236435994505882,57.471946256,-31.898585401,-1.3505693125,-0.859607266996424,-0.0830732304258479,1.29731832476829
-33.5311889648438,-41.1605834960938,-310.287475585938,-40.740966796875,21.3241577148438,-354.385375976563,-0.623298287391663,-9.94968128204346,-2.14980244636536,1.27366662025452,-0.430876076221466,-0.0164369381964207,-2.2199559211731,-5.10870027542114,7.6217212677002,0.155404880642891,0.0814555361866951,0.151870980858803,-2.67786526679993,-7.53359842300415,3.01701903343201,-2.30675029754639,-1.18293631076813,0.55228579044342,-1.33917260169983,-8.90560913085938,-1.89767920970917,1.51386594772339,-0.0392794795334339,0.236468181014061,57.471826838,-31.898449728,-1.350456825,-0.858046619383436,-0.084233091764713,1.29788706077822
-33.5693359375,-41.046142578125,-309.906005859375,-40.8172607421875,21.2860107421875,-353.851318359375,-0.611835598945618,-9.94142818450928,-2.13413000106812,1.27409303188324,-0.440347373485565,-0.0207406431436539,-2.2390615940094,-5.09243297576904,7.6130633354187,0.154329910874367,0.0807032138109207,0.151061236858368,-2.69597101211548,-7.53334045410156,3.0089099407196,-2.30270457267761,-1.19136095046997,0.556256234645844,-1.33423793315887,-8.89996433258057,-1.91409134864807,1.5145468711853,-0.044385626912117,0.236500382423401,57.47170742,-31.898314055,-1.3503443375,-0.856485971770448,-0.085392953103578,1.29845579678815
-33.8363647460938,-41.1224365234375,-309.524536132813,-40.8554077148438,21.4385986328125,-353.3935546875,-0.600372910499573,-9.93317413330078,-2.11845779418945,1.27451932430267,-0.449818640947342,-0.0250443499535322,-2.25816750526428,-5.07616567611694,7.60440540313721,0.153254941105843,0.0799508914351463,0.150251477956772,-2.71407699584961,-7.53308296203613,3.00080108642578,-2.29865908622742,-1.19978559017181,0.560226678848267,-1.32930326461792,-8.89432048797607,-1.93050360679626,1.51522779464722,-0.0494917705655098,0.23653256893158,57.471588002,-31.898178382,-1.35023185,-0.854925324157459,-0.0865528144424431,1.29902453279807
-34.1033935546875,-41.19873046875,-309.14306640625,-40.8935546875,21.5911865234375,-352.935791015625,-0.588910222053528,-9.92492008209229,-2.10278558731079,1.2749457359314,-0.459289938211441,-0.0293480567634106,-2.27727317810059,-5.05989837646484,7.59574747085571,0.152179971337318,0.0791985765099525,0.149441733956337,-2.73218274116516,-7.5328254699707,2.99269199371338,-2.29461336135864,-1.20821034908295,0.56419712305069,-1.32436859607697,-8.88867664337158,-1.94691574573517,1.51590883731842,-0.0545979179441929,0.236564770340919,57.471468584,-31.898042709,-1.3501193625,-0.853364676544471,-0.0877126757813082,1.299593268808
-33.9889526367188,-41.1605834960938,-308.685302734375,-40.8172607421875,21.6293334960938,-353.08837890625,-0.577447533607483,-9.91666603088379,-2.08711338043213,1.27537214756012,-0.46876123547554,-0.0336517617106438,-2.29637908935547,-5.04363107681274,7.58708953857422,0.151105001568794,0.0784462541341782,0.148631975054741,-2.75028872489929,-7.53256797790527,2.98458313941956,-2.29056763648987,-1.21663498878479,0.568167567253113,-1.3194340467453,-8.88303279876709,-1.96332788467407,1.51658976078033,-0.0597040615975857,0.236596956849098,57.471349166,-31.897907036,-1.350006875,-0.851804028931482,-0.0888725371201736,1.30016200481793
-33.87451171875,-41.1224365234375,-308.2275390625,-40.740966796875,21.66748046875,-353.240966796875,-0.565984845161438,-9.90841197967529,-2.07144117355347,1.27579843997955,-0.478232532739639,-0.0379554703831673,-2.31548476219177,-5.02736377716064,7.57843160629272,0.150030046701431,0.0776939317584038,0.147822231054306,-2.76839447021484,-7.53231000900269,2.97647404670715,-2.28652215003967,-1.22505962848663,0.572138011455536,-1.31449937820435,-8.87738800048828,-1.97974014282227,1.51727080345154,-0.0648102089762688,0.236629158258438,57.471229748,-31.897771363,-1.3498943875,-0.850243381318494,-0.0900323984590387,1.30073074082786
-33.6837768554688,-41.19873046875,-307.998657226563,-40.6646728515625,21.7819213867188,-352.554321289063,-0.554522156715393,-9.9001579284668,-2.0557689666748,1.27622485160828,-0.487703830003738,-0.0422591753304005,-2.33459067344666,-5.01109647750854,7.56977367401123,0.148955076932907,0.07694161683321,0.14701247215271,-2.78650045394897,-7.53205251693726,2.96836519241333,-2.2824764251709,-1.23348438739777,0.576108455657959,-1.30956470966339,-8.87174415588379,-1.99615228176117,1.51795172691345,-0.0699163526296616,0.236661344766617,57.47111033,-31.89763569,-1.3497819,-0.848682733705506,-0.0911922597979038,1.30129947683779
-33.4930419921875,-41.2750244140625,-307.769775390625,-40.58837890625,21.8963623046875,-351.86767578125,-0.543059468269348,-9.89190483093262,-2.04009652137756,1.27665114402771,-0.497175127267838,-0.046562884002924,-2.35369634628296,-4.99482917785645,7.56111574172974,0.147880107164383,0.0761892944574356,0.146202728152275,-2.80460619926453,-7.53179502487183,2.96025609970093,-2.2784309387207,-1.24190902709961,0.580078899860382,-1.30463004112244,-8.8661003112793,-2.01256442070007,1.51863265037537,-0.0750224962830544,0.236693546175957,57.2343294035,-31.5388519815,-1.353220119,-0.847361441122969,-0.0924054394756728,1.30237808667198
-33.6456298828125,-41.2368774414063,-307.159423828125,-40.5502319335938,22.0489501953125,-351.638793945313,-0.531596779823303,-9.88365077972412,-2.0244243144989,1.27707755565643,-0.506646394729614,-0.0508665889501572,-2.37280225753784,-4.97856187820435,7.55245780944824,0.146805137395859,0.0754369720816612,0.145392969250679,-2.82271218299866,-7.5315375328064,2.95214700698853,-2.27438521385193,-1.25033366680145,0.584049344062805,-1.29969549179077,-8.8604564666748,-2.02897667884827,1.51931369304657,-0.0801286473870277,0.236725732684135,56.997548477,-31.180068273,-1.356658338,-0.846040148540433,-0.0936186191534419,1.30345669650618
-33.7982177734375,-41.19873046875,-306.549072265625,-40.5120849609375,22.2015380859375,-351.409912109375,-0.520134091377258,-9.87539672851563,-2.00875210762024,1.27750396728516,-0.516117691993713,-0.0551702938973904,-2.39190793037415,-4.96229457855225,7.54379987716675,0.145730167627335,0.0746846571564674,0.144583225250244,-2.84081792831421,-7.53128004074097,2.9440381526947,-2.27033948898315,-1.25875842571259,0.588019788265228,-1.29476082324982,-8.85481262207031,-2.04538893699646,1.51999461650848,-0.0852347910404205,0.236757934093475,56.7607675505,-30.8212845645,-1.360096557,-0.844718855957896,-0.0948317988312112,1.30453530634037
-33.7600708007813,-41.19873046875,-306.320190429688,-40.5120849609375,22.2015380859375,-351.028442382813,-0.508671402931213,-9.86714267730713,-1.99307990074158,1.27793025970459,-0.525588989257813,-0.0594740025699139,-2.41101384162903,-4.94602727890015,7.53514194488525,0.14465519785881,0.0739323347806931,0.143773466348648,-2.85892391204834,-7.53102207183838,2.9359290599823,-2.26629400253296,-1.26718306541443,0.591990232467651,-1.28982615470886,-8.8491678237915,-2.06180095672607,1.5206755399704,-0.0903409346938133,0.236790120601654,56.523986624,-30.462500856,-1.363534776,-0.843397563375359,-0.0960449785089803,1.30561391617457
-33.721923828125,-41.19873046875,-306.09130859375,-40.5120849609375,22.2015380859375,-350.64697265625,-0.497208714485168,-9.85888862609863,-1.97740757465363,1.27835667133331,-0.535060286521912,-0.0637777075171471,-2.43011951446533,-4.92975997924805,7.52648401260376,0.143580228090286,0.0731800124049187,0.142963722348213,-2.87702965736389,-7.53076457977295,2.92782020568848,-2.26224827766418,-1.27560770511627,0.595960676670074,-1.28489148616791,-8.84352397918701,-2.07821321487427,1.5213565826416,-0.0954470783472061,0.236822322010994,56.2872056975,-30.1037171475,-1.366972995,-0.842076270792823,-0.0972581581867493,1.30669252600876
-33.7600708007813,-41.2750244140625,-305.938720703125,-40.58837890625,22.3541259765625,-350.189208984375,-0.48638254404068,-9.84830474853516,-1.95366764068604,1.2775970697403,-0.542021334171295,-0.0673790276050568,-2.43366837501526,-4.9121298789978,7.52220296859741,0.142664700746536,0.0724562630057335,0.142076894640923,-2.889493227005,-7.52832221984863,2.91273045539856,-2.259028673172,-1.28324031829834,0.599054992198944,-1.27936112880707,-8.8452320098877,-2.09106302261353,1.52213776111603,-0.100728765130043,0.236673608422279,56.050424771,-29.744933439,-1.370411214,-0.840754978210286,-0.0984713378645184,1.30777113584296
-33.7982177734375,-41.351318359375,-305.7861328125,-40.6646728515625,22.5067138671875,-349.7314453125,-0.476192891597748,-9.8353910446167,-1.92185986042023,1.27565169334412,-0.546472072601318,-0.0702779665589333,-2.42166042327881,-4.89313793182373,7.52229881286621,0.141908600926399,0.0717610716819763,0.141113013029099,-2.89631414413452,-7.52369546890259,2.89066004753113,-2.25663495063782,-1.29008078575134,0.60127317905426,-1.27323496341705,-8.85429096221924,-2.10035037994385,1.52301919460297,-0.106185987591743,0.236344009637833,55.8136438445,-29.3861497305,-1.373849433,-0.83943368562775,-0.0996845175422874,1.30884974567715
-33.87451171875,-41.4657592773438,-304.87060546875,-40.6646728515625,22.4685668945313,-349.42626953125,-0.466003268957138,-9.82247734069824,-1.89005219936371,1.27370619773865,-0.550922811031342,-0.0731768980622292,-2.40965223312378,-4.87414598464966,7.52239465713501,0.141152501106262,0.0710658803582191,0.140149131417274,-2.90313506126404,-7.51906871795654,2.8685896396637,-2.25424122810364,-1.29692125320435,0.603491306304932,-1.26710879802704,-8.8633508682251,-2.10963797569275,1.5239006280899,-0.111643210053444,0.236014395952225,55.576862918,-29.027366022,-1.377287652,-0.838112393045213,-0.100897697220057,1.30992835551135
-33.9508056640625,-41.5802001953125,-303.955078125,-40.6646728515625,22.430419921875,-349.12109375,-0.455813616514206,-9.80956363677979,-1.8582444190979,1.27176082134247,-0.555373549461365,-0.0760758370161057,-2.39764428138733,-4.85515356063843,7.52249050140381,0.140396401286125,0.0703706964850426,0.139185234904289,-2.90995597839355,-7.5144419670105,2.84651947021484,-2.25184750556946,-1.30376172065735,0.605709493160248,-1.26098263263702,-8.87241077423096,-2.11892533302307,1.52478206157684,-0.117100439965725,0.235684797167778,55.3400819915,-28.6685823135,-1.380725871,-0.836791100462677,-0.102110876897826,1.31100696534554
-33.9508056640625,-41.656494140625,-303.726196289063,-40.7028198242188,22.6211547851563,-349.044799804688,-0.445623964071274,-9.79664993286133,-1.82643675804138,1.269815325737,-0.559824287891388,-0.0789747685194016,-2.3856360912323,-4.83616161346436,7.52258634567261,0.139640301465988,0.0696755051612854,0.138221353292465,-2.91677689552307,-7.50981521606445,2.82444906234741,-2.24945378303528,-1.31060218811035,0.607927680015564,-1.25485646724701,-8.8814697265625,-2.12821269035339,1.52566349506378,-0.122557662427425,0.23535518348217,55.103301065,-28.309798605,-1.38416409,-0.83546980788014,-0.103324056575595,1.31208557517974
-33.9508056640625,-41.7327880859375,-303.497314453125,-40.740966796875,22.8118896484375,-348.968505859375,-0.435434341430664,-9.78373622894287,-1.79462909698486,1.26786983013153,-0.564275026321411,-0.0818737000226974,-2.37362790107727,-4.81716966629028,7.52268218994141,0.138884216547012,0.0689803138375282,0.137257471680641,-2.92359805107117,-7.50518846511841,2.80237865447998,-2.2470600605011,-1.31744265556335,0.610145807266235,-1.24873030185699,-8.89052963256836,-2.13750028610229,1.52654492855072,-0.128014877438545,0.235025569796562,54.8665201385,-27.9510148965,-1.387602309,-0.834148515297604,-0.104537236253364,1.31316418501393
-33.8363647460938,-41.80908203125,-302.886962890625,-40.7028198242188,22.9644775390625,-348.739624023438,-0.425244688987732,-9.77082252502441,-1.76282131671906,1.26592445373535,-0.568725764751434,-0.0847726389765739,-2.36161994934082,-4.79817724227905,7.52277803421021,0.138128116726875,0.0682851299643517,0.136293575167656,-2.93041896820068,-7.50056171417236,2.78030824661255,-2.24466633796692,-1.32428312301636,0.612363994121552,-1.24260413646698,-8.89958953857422,-2.14678764343262,1.52742636203766,-0.133472099900246,0.234695971012115,54.629739212,-27.592231188,-1.391040528,-0.832827222715067,-0.105750415931133,1.31424279484813
-33.721923828125,-41.8853759765625,-302.276611328125,-40.6646728515625,23.1170654296875,-348.5107421875,-0.4150550365448,-9.75790882110596,-1.73101365566254,1.26397895812988,-0.573176503181458,-0.0876715704798698,-2.34961175918579,-4.77918529510498,7.522873878479,0.137372016906738,0.0675899386405945,0.135329693555832,-2.9372398853302,-7.49593496322632,2.75823783874512,-2.24227237701416,-1.33112359046936,0.614582121372223,-1.23647785186768,-8.90864849090576,-2.15607500076294,1.52830767631531,-0.138929337263107,0.234366357326508,54.3929582855,-27.2334474795,-1.394478747,-0.83150593013253,-0.106963595608902,1.31532140468232
-33.7600708007813,-41.9235229492188,-301.81884765625,-40.58837890625,23.040771484375,-348.5107421875,-0.40486541390419,-9.7449951171875,-1.69920587539673,1.2620335817337,-0.577627241611481,-0.0905705094337463,-2.33760380744934,-4.76019334793091,7.5229697227478,0.136615917086601,0.0668947473168373,0.134365811944008,-2.94406080245972,-7.49130821228027,2.73616743087769,-2.23987865447998,-1.33796405792236,0.616800308227539,-1.23035168647766,-8.91770839691162,-2.16536259651184,1.52918910980225,-0.144386559724808,0.234036758542061,54.156177359,-26.874663771,-1.397916966,-0.830184637549994,-0.108176775286671,1.31640001451652
-33.7982177734375,-41.961669921875,-301.361083984375,-40.5120849609375,22.9644775390625,-348.5107421875,-0.394675761461258,-9.73208045959473,-1.66739821434021,1.26008808612823,-0.582077980041504,-0.0934694409370422,-2.32559561729431,-4.74120092391968,7.5230655670166,0.135859817266464,0.0661995634436607,0.133401915431023,-2.95088171958923,-7.48668146133423,2.71409702301025,-2.2374849319458,-1.34480452537537,0.619018495082855,-1.22422552108765,-8.92676734924316,-2.17464995384216,1.53007054328918,-0.149843782186508,0.233707144856453,53.9193964325,-26.5158800625,-1.401355185,-0.828863344967457,-0.10938995496444,1.31747862435071
-33.6837768554688,-42.0761108398438,-300.979614257813,-40.7791137695313,23.1170654296875,-348.358154296875,-0.384486109018326,-9.71916675567627,-1.6355904340744,1.25814270973206,-0.586528718471527,-0.0963683798909187,-2.31358766555786,-4.72220897674561,7.5231614112854,0.135103717446327,0.0655043721199036,0.132438033819199,-2.95770263671875,-7.48205471038818,2.6920268535614,-2.23509120941162,-1.35164499282837,0.621236622333527,-1.21809935569763,-8.93582725524902,-2.18393731117249,1.53095197677612,-0.155301004648209,0.233377546072006,53.682615506,-26.157096354,-1.404793404,-0.827542052384921,-0.11060313464221,1.31855723418491
-33.5693359375,-42.1905517578125,-300.59814453125,-41.046142578125,23.2696533203125,-348.20556640625,-0.374296456575394,-9.70625305175781,-1.60378277301788,1.25619721412659,-0.59097945690155,-0.0992673113942146,-2.30157947540283,-4.70321702957153,7.5232572555542,0.134347632527351,0.0648091807961464,0.131474152207375,-2.96452379226685,-7.47742795944214,2.66995644569397,-2.23269748687744,-1.35848546028137,0.623454809188843,-1.21197319030762,-8.94488716125488,-2.19322466850281,1.53183341026306,-0.160758227109909,0.233047932386398,53.4458345795,-25.7983126455,-1.408231623,-0.826220759802384,-0.111816314319979,1.3196358440191
-33.6456298828125,-42.1905517578125,-300.216674804688,-41.0842895507813,23.3840942382813,-347.976684570313,-0.364106833934784,-9.69333934783936,-1.57197499275208,1.25425183773041,-0.595430195331573,-0.102166250348091,-2.28957152366638,-4.6842246055603,7.523353099823,0.133591532707214,0.0641139969229698,0.130510255694389,-2.97134470939636,-7.47280120849609,2.64788603782654,-2.23030376434326,-1.36532592773438,0.625672936439514,-1.2058470249176,-8.95394611358643,-2.20251226425171,1.53271484375,-0.166215449571609,0.232718333601952,53.209053653,-25.439528937,-1.411669842,-0.824899467219847,-0.113029493997748,1.3207144538533
-33.721923828125,-42.1905517578125,-299.835205078125,-41.1224365234375,23.49853515625,-347.747802734375,-0.353917181491852,-9.6804256439209,-1.54016733169556,1.25230634212494,-0.599880933761597,-0.105065181851387,-2.27756333351135,-4.66523265838623,7.5234489440918,0.132835432887077,0.0634188055992126,0.129546374082565,-2.97816562652588,-7.46817445755005,2.62581562995911,-2.22791004180908,-1.37216639518738,0.62789112329483,-1.19972085952759,-8.96300601959229,-2.21179962158203,1.53359627723694,-0.17167267203331,0.232388719916344,52.9722727265,-25.0807452285,-1.415108061,-0.823578174637311,-0.114242673675517,1.32179306368749
-33.5311889648438,-42.1905517578125,-299.453735351563,-41.0079956054688,23.5748291015625,-347.747802734375,-0.354835033416748,-9.67242813110352,-1.48957622051239,1.2503570318222,-0.597813963890076,-0.106186896562576,-2.25436305999756,-4.65375232696533,7.52683448791504,0.131839334964752,0.0631106197834015,0.128722205758095,-2.95861148834229,-7.46743249893188,2.60027742385864,-2.22808909416199,-1.37662065029144,0.627676367759705,-1.19975233078003,-8.97193813323975,-2.21900629997253,1.53516924381256,-0.17699022591114,0.231672093272209,52.7354918,-24.72196152,-1.41854628,-0.822256882054774,-0.115455853353286,1.32287167352169
-33.3404541015625,-42.1905517578125,-299.072265625,-40.8935546875,23.651123046875,-347.747802734375,-0.355752915143967,-9.66443061828613,-1.43898510932922,1.24840760231018,-0.595747053623199,-0.107308603823185,-2.23116302490234,-4.64227247238159,7.53022050857544,0.130843222141266,0.0628024339675903,0.127898052334785,-2.93905735015869,-7.46669006347656,2.57473945617676,-2.22826790809631,-1.38107478618622,0.627461552619934,-1.19978380203247,-8.98087024688721,-2.22621297836304,1.53674221038818,-0.182307794690132,0.230955466628075,52.735269065,-24.7220233275,-1.4184050335,-0.821021663015135,-0.116302343148412,1.323913563686
-33.5311889648438,-42.3049926757813,-298.995971679688,-41.0842895507813,23.6129760742188,-347.518920898438,-0.356670767068863,-9.65643310546875,-1.38839399814606,1.24645829200745,-0.593680083751678,-0.108430318534374,-2.20796275138855,-4.63079214096069,7.53360605239868,0.129847124218941,0.0624942481517792,0.127073884010315,-2.9195032119751,-7.4659481048584,2.54920125007629,-2.22844696044922,-1.38552904129028,0.627246797084808,-1.19981527328491,-8.98980331420898,-2.23341965675354,1.5383152961731,-0.187625348567963,0.230238854885101,52.73504633,-24.722085135,-1.418263787,-0.819786443975495,-0.117148832943538,1.32495545385031
-33.721923828125,-42.41943359375,-298.919677734375,-41.2750244140625,23.5748291015625,-347.2900390625,-0.357588618993759,-9.64843654632568,-1.33780288696289,1.24450886249542,-0.591613113880157,-0.109552033245564,-2.18476271629333,-4.61931228637695,7.53699159622192,0.128851026296616,0.0621860586106777,0.126249730587006,-2.8999490737915,-7.46520566940308,2.52366304397583,-2.22862577438354,-1.38998317718506,0.627031981945038,-1.19984674453735,-8.99873542785645,-2.24062633514404,1.53988826274872,-0.192942902445793,0.229522228240967,52.734823595,-24.7221469425,-1.4181225405,-0.818551224935855,-0.117995322738664,1.32599734401462
-33.721923828125,-42.41943359375,-298.385620117188,-41.1224365234375,23.6129760742188,-347.59521484375,-0.358506500720978,-9.6404390335083,-1.28721177577972,1.24255955219269,-0.589546203613281,-0.110673740506172,-2.16156244277954,-4.60783195495605,7.54037714004517,0.127854913473129,0.0618778727948666,0.125425562262535,-2.88039493560791,-7.46446371078491,2.49812483787537,-2.22880482673645,-1.39443743228912,0.626817226409912,-1.19987821578979,-9.00766754150391,-2.24783325195313,1.54146122932434,-0.198260456323624,0.228805601596832,52.73460086,-24.72220875,-1.417981294,-0.817316005896216,-0.11884181253379,1.32703923417894
-33.721923828125,-42.41943359375,-297.8515625,-40.9698486328125,23.651123046875,-347.900390625,-0.359424352645874,-9.63244152069092,-1.23662066459656,1.24061012268066,-0.58747923374176,-0.111795455217361,-2.13836240768433,-4.59635210037231,7.54376316070557,0.126858815550804,0.0615696869790554,0.124601408839226,-2.86084079742432,-7.46372127532959,2.47258687019348,-2.22898364067078,-1.3988915681839,0.626602470874786,-1.19990968704224,-9.01659965515137,-2.25503993034363,1.54303419589996,-0.203578025102615,0.228088974952698,52.734378125,-24.7222705575,-1.4178400475,-0.816080786856576,-0.119688302328916,1.32808112434325
-33.4930419921875,-42.3431396484375,-297.470092773438,-40.9698486328125,23.6892700195313,-347.59521484375,-0.360342234373093,-9.62444400787354,-1.18602955341339,1.23866081237793,-0.585412323474884,-0.11291716247797,-2.11516213417053,-4.58487176895142,7.54714870452881,0.125862702727318,0.0612615011632442,0.123777247965336,-2.84128642082214,-7.46297931671143,2.44704866409302,-2.22916269302368,-1.40334582328796,0.626387655735016,-1.19994103908539,-9.02553272247314,-2.26224660873413,1.54460716247559,-0.208895578980446,0.227372363209724,52.73415539,-24.722332365,-1.417698801,-0.814845567816937,-0.120534792124042,1.32912301450756
-33.26416015625,-42.266845703125,-297.088623046875,-40.9698486328125,23.7274169921875,-347.2900390625,-0.361260086297989,-9.61644649505615,-1.13543844223022,1.23671138286591,-0.583345353603363,-0.114038877189159,-2.09196209907532,-4.57339191436768,7.55053424835205,0.124866604804993,0.0609533153474331,0.122953087091446,-2.82173228263855,-7.4622368812561,2.42151045799255,-2.22934150695801,-1.40779995918274,0.62617290019989,-1.19997251033783,-9.03446483612061,-2.26945328712463,1.54618012905121,-0.214213132858276,0.22665573656559,52.733932655,-24.7223941725,-1.4175575545,-0.813610348777297,-0.121381281919167,1.33016490467187
-33.26416015625,-42.41943359375,-296.783447265625,-41.0079956054688,23.7655639648438,-347.213745117188,-0.362177938222885,-9.60844898223877,-1.08484733104706,1.23476207256317,-0.581278383731842,-0.115160591900349,-2.06876182556152,-4.56191158294678,7.55392026901245,0.123870499432087,0.0606451295316219,0.122128926217556,-2.80217814445496,-7.46149492263794,2.39597225189209,-2.22952055931091,-1.4122542142868,0.62595808506012,-1.20000398159027,-9.04339694976807,-2.27665996551514,1.54775321483612,-0.219530686736107,0.225939109921455,52.73370992,-24.72245598,-1.417416308,-0.812375129737657,-0.122227771714293,1.33120679483618
-33.26416015625,-42.572021484375,-296.478271484375,-41.046142578125,23.8037109375,-347.137451171875,-0.363095819950104,-9.60045146942139,-1.03425621986389,1.23281276226044,-0.579211473464966,-0.116282299160957,-2.04556155204773,-4.55043125152588,7.55730581283569,0.122874401509762,0.0603369437158108,0.121304765343666,-2.78262400627136,-7.46075296401978,2.37043428421021,-2.22969937324524,-1.41670835018158,0.625743329524994,-1.20003545284271,-9.05232906341553,-2.28386664390564,1.54932618141174,-0.224848255515099,0.225222483277321,52.733487185,-24.7225177875,-1.4172750615,-0.811139910698017,-0.123074261509419,1.33224868500049
-33.1878662109375,-42.4957275390625,-296.249389648438,-40.9698486328125,23.7655639648438,-346.832275390625,-0.364013671875,-9.59245491027832,-0.98366516828537,1.23086333274841,-0.577144503593445,-0.117404013872147,-2.02236151695251,-4.53895139694214,7.56069135665894,0.121878296136856,0.0600287541747093,0.120480604469776,-2.76306986808777,-7.46001052856445,2.34489607810974,-2.22987842559814,-1.42116260528564,0.625528573989868,-1.20006692409515,-9.06126117706299,-2.29107332229614,1.55089914798737,-0.230165809392929,0.224505856633186,52.73326445,-24.722579595,-1.417133815,-0.809904691658378,-0.123920751304545,1.3332905751648
-33.111572265625,-42.41943359375,-296.0205078125,-40.8935546875,23.7274169921875,-346.527099609375,-0.364931523799896,-9.58445739746094,-0.933074057102203,1.22891402244568,-0.575077533721924,-0.118525728583336,-1.99916136264801,-4.52747106552124,7.56407737731934,0.12088219076395,0.0597205683588982,0.119656443595886,-2.74351572990417,-7.45926856994629,2.31935787200928,-2.23005723953247,-1.42561674118042,0.625313758850098,-1.2000983953476,-9.07019424438477,-2.29828000068665,1.55247211456299,-0.23548336327076,0.223789244890213,52.733041715,-24.7226414025,-1.4169925685,-0.808669472618738,-0.124767241099671,1.33433246532912
-33.0352783203125,-42.4575805664063,-295.639038085938,-41.0842895507813,23.8418579101563,-346.603393554688,-0.365849405527115,-9.57645988464355,-0.882482945919037,1.22696459293365,-0.573010623455048,-0.119647435843945,-1.97596120834351,-4.5159912109375,7.56746292114258,0.119886085391045,0.059412382543087,0.118832282721996,-2.72396159172058,-7.45852613449097,2.29381966590881,-2.23023629188538,-1.43007099628448,0.625099003314972,-1.20012986660004,-9.07912635803223,-2.30548667907715,1.55404508113861,-0.24080091714859,0.223072618246078,52.73281898,-24.72270321,-1.416851322,-0.807434253579099,-0.125613730894797,1.33537435549343
-32.958984375,-42.4957275390625,-295.257568359375,-41.2750244140625,23.956298828125,-346.6796875,-0.36209312081337,-9.56995391845703,-0.841249287128448,1.22612774372101,-0.570255398750305,-0.120106227695942,-1.95782291889191,-4.51386165618896,7.56969594955444,0.118775323033333,0.0594141259789467,0.117995597422123,-2.69749855995178,-7.45864677429199,2.27554416656494,-2.23102450370789,-1.43398571014404,0.623988389968872,-1.20230579376221,-9.08173942565918,-2.31815814971924,1.5556378364563,-0.244608283042908,0.222594231367111,52.732596245,-24.7227650175,-1.4167100755,-0.806199034539459,-0.126460220689923,1.33641624565774
-32.8445434570313,-42.4957275390625,-295.028686523438,-41.2750244140625,24.10888671875,-346.527099609375,-0.353662669658661,-9.56493949890137,-0.809373080730438,1.22640347480774,-0.566811978816986,-0.119902096688747,-1.9447466135025,-4.52108240127563,7.57077646255493,0.117549896240234,0.0597257949411869,0.117146395146847,-2.6641263961792,-7.45963048934937,2.2645308971405,-2.232421875,-1.43736112117767,0.621981978416443,-1.2066262960434,-9.07803249359131,-2.33629441261292,1.55725026130676,-0.246905446052551,0.222354099154472,52.73237351,-24.722826825,-1.416568829,-0.804963815499819,-0.127306710485049,1.33745813582205
-32.7301025390625,-42.4957275390625,-294.7998046875,-41.2750244140625,24.261474609375,-346.37451171875,-0.345232248306274,-9.55992603302002,-0.777496874332428,1.22667908668518,-0.563368558883667,-0.119697965681553,-1.93167018890381,-4.5283031463623,7.57185697555542,0.116324469447136,0.0600374676287174,0.116297192871571,-2.6307544708252,-7.46061372756958,2.25351786613464,-2.23381924629211,-1.4407365322113,0.619975507259369,-1.21094679832458,-9.07432556152344,-2.35443043708801,1.55886268615723,-0.249202594161034,0.222113966941833,52.732150775,-24.7228886325,-1.4164275825,-0.80372859646018,-0.128153200280175,1.33850002598636
-32.5775146484375,-42.5338745117188,-294.723510742188,-41.1605834960938,24.1851806640625,-346.527099609375,-0.336801826953888,-9.55491161346436,-0.745620667934418,1.22695481777191,-0.559925079345703,-0.119493834674358,-1.9185938835144,-4.53552389144897,7.57293748855591,0.115099042654037,0.0603491365909576,0.115447990596294,-2.59738230705261,-7.46159696578979,2.24250459671021,-2.23521661758423,-1.44411194324493,0.61796909570694,-1.21526730060577,-9.07061862945557,-2.37256669998169,1.56047511100769,-0.251499742269516,0.221873834729195,52.73192804,-24.72295044,-1.416286336,-0.80249337742054,-0.128999690075301,1.33954191615067
-32.4249267578125,-42.572021484375,-294.647216796875,-41.046142578125,24.10888671875,-346.6796875,-0.328371375799179,-9.54989719390869,-0.713744461536407,1.22723042964935,-0.556481659412384,-0.119289703667164,-1.905517578125,-4.54274463653564,7.5740180015564,0.113873615860939,0.0606608055531979,0.114598788321018,-2.56401038169861,-7.46258068084717,2.23149156570435,-2.23661398887634,-1.44748735427856,0.61596268415451,-1.21958768367767,-9.0669116973877,-2.39070296287537,1.56208753585815,-0.25379690527916,0.221633687615395,52.731705305,-24.7230122475,-1.4161450895,-0.8012581583809,-0.129846179870427,1.34058380631498
-32.4249267578125,-42.4575805664063,-294.418334960938,-41.0842895507813,24.3377685546875,-346.6796875,-0.319940954446793,-9.54488372802734,-0.681868255138397,1.22750604152679,-0.553038239479065,-0.119085572659969,-1.89244115352631,-4.54996538162231,7.57509851455688,0.112648189067841,0.0609724782407284,0.113749586045742,-2.5306384563446,-7.46356391906738,2.22047853469849,-2.23801136016846,-1.45086276531219,0.613956272602081,-1.22390818595886,-9.06320571899414,-2.40883898735046,1.56369996070862,-0.256094068288803,0.221393555402756,52.73148257,-24.723074055,-1.416003843,-0.80002293934126,-0.130692669665553,1.3416256964793
-32.4249267578125,-42.3431396484375,-294.189453125,-41.1224365234375,24.566650390625,-346.6796875,-0.311510533094406,-9.53986930847168,-0.649992048740387,1.22778177261353,-0.549594759941101,-0.118881441652775,-1.8793648481369,-4.55718612670898,7.57617902755737,0.111422762274742,0.0612841472029686,0.112900383770466,-2.49726629257202,-7.4645471572876,2.20946526527405,-2.23940873146057,-1.45423817634583,0.611949861049652,-1.22822868824005,-9.05949878692627,-2.42697525024414,1.56531238555908,-0.258391231298447,0.221153423190117,52.731259835,-24.7231358625,-1.4158625965,-0.798787720301621,-0.131539159460678,1.34266758664361
-32.4249267578125,-42.266845703125,-294.113159179688,-41.0842895507813,24.7955322265625,-346.603393554688,-0.303080081939697,-9.53485488891602,-0.618115782737732,1.22805738449097,-0.546151340007782,-0.118677303195,-1.8662885427475,-4.56440687179565,7.5772590637207,0.110197342932224,0.0615958198904991,0.11205118149519,-2.46389436721802,-7.46553087234497,2.19845223426819,-2.24080610275269,-1.45761358737946,0.609943389892578,-1.23254919052124,-9.0557918548584,-2.44511127471924,1.56692492961884,-0.26068839430809,0.220913290977478,52.7310371,-24.72319767,-1.41572135,-0.797552501261981,-0.132385649255804,1.34370947680792
-32.4249267578125,-42.1905517578125,-294.036865234375,-41.046142578125,25.0244140625,-346.527099609375,-0.294649660587311,-9.52984142303467,-0.586239576339722,1.2283331155777,-0.542707920074463,-0.118473172187805,-1.8532121181488,-4.57162761688232,7.57833957672119,0.108971916139126,0.0619074888527393,0.111201979219913,-2.43052220344543,-7.46651411056519,2.18743896484375,-2.2422034740448,-1.46098899841309,0.607936978340149,-1.23686957359314,-9.05208492279053,-2.46324753761292,1.5685373544693,-0.262985557317734,0.220673143863678,52.730236091,-24.7233022195,-1.415489904,-0.795654162432682,-0.132383138286274,1.34401081927232
-32.3867797851563,-42.266845703125,-293.731689453125,-40.9698486328125,25.1007080078125,-346.527099609375,-0.286219209432602,-9.524827003479,-0.554363369941711,1.22860872745514,-0.539264440536499,-0.118269041180611,-1.8401358127594,-4.57884883880615,7.57942008972168,0.107746489346027,0.0622191578149796,0.110352776944637,-2.39715027809143,-7.46749782562256,2.17642593383789,-2.24360084533691,-1.46436429023743,0.60593056678772,-1.24119007587433,-9.04837799072266,-2.48138380050659,1.57014977931976,-0.265282720327377,0.220433011651039,52.729435082,-24.723406769,-1.415258458,-0.793755823603383,-0.132380627316744,1.34431216173673
-32.3486328125,-42.3431396484375,-293.426513671875,-40.8935546875,25.177001953125,-346.527099609375,-0.277788788080215,-9.51981258392334,-0.522487163543701,1.22888445854187,-0.53582102060318,-0.118064910173416,-1.82705950737,-4.58606958389282,7.58050060272217,0.106521062552929,0.0625308305025101,0.109503574669361,-2.36377811431885,-7.46848106384277,2.16541266441345,-2.24499821662903,-1.46773970127106,0.603924155235291,-1.24551057815552,-9.04467105865479,-2.49951982498169,1.57176220417023,-0.267579853534698,0.2201928794384,52.728634073,-24.7235113185,-1.415027012,-0.791857484774083,-0.132378116347214,1.34461350420113
-32.3867797851563,-42.1524047851563,-293.426513671875,-40.9698486328125,25.0244140625,-346.37451171875,-0.269358366727829,-9.51479816436768,-0.490610957145691,1.22916007041931,-0.532377600669861,-0.117860779166222,-1.81398320198059,-4.59329032897949,7.58158111572266,0.10529563575983,0.0628425031900406,0.108654372394085,-2.33040618896484,-7.46946430206299,2.15439963340759,-2.24639558792114,-1.47111511230469,0.601917684078217,-1.24983108043671,-9.04096508026123,-2.51765608787537,1.57337462902069,-0.269877016544342,0.219952747225761,52.727833064,-24.723615868,-1.414795566,-0.789959145944783,-0.132375605377683,1.34491484666553
-32.4249267578125,-41.961669921875,-293.426513671875,-41.046142578125,24.871826171875,-346.221923828125,-0.26092791557312,-9.50978469848633,-0.458734750747681,1.22943580150604,-0.528934121131897,-0.117656648159027,-1.8009067773819,-4.60051107406616,7.58266162872314,0.104070208966732,0.0631541684269905,0.107805170118809,-2.29703402519226,-7.47044801712036,2.14338636398315,-2.24779295921326,-1.47449052333832,0.599911272525787,-1.25415146350861,-9.03725814819336,-2.53579211235046,1.57498705387115,-0.272174179553986,0.219712600111961,52.727032055,-24.7237204175,-1.41456412,-0.788060807115484,-0.132373094408153,1.34521618912993
-32.2341918945313,-41.7327880859375,-293.5791015625,-41.0079956054688,25.1388549804688,-346.298217773438,-0.252497494220734,-9.50477027893066,-0.42685854434967,1.22971141338348,-0.525490701198578,-0.117452517151833,-1.78783047199249,-4.60773181915283,7.58374214172363,0.102844782173634,0.063465841114521,0.106955967843533,-2.26366209983826,-7.47143125534058,2.13237333297729,-2.24919033050537,-1.47786593437195,0.597904860973358,-1.25847196578979,-9.03355121612549,-2.55392837524414,1.57659947872162,-0.274471342563629,0.219472467899323,52.726231046,-24.723824967,-1.414332674,-0.786162468286185,-0.132370583438623,1.34551753159434
-32.04345703125,-41.50390625,-293.731689453125,-40.9698486328125,25.4058837890625,-346.37451171875,-0.222625017166138,-9.49495220184326,-0.41921392083168,1.23088312149048,-0.527887046337128,-0.116857714951038,-1.78557217121124,-4.62883472442627,7.59204387664795,0.102192543447018,0.0644260793924332,0.106088824570179,-2.22846651077271,-7.47633171081543,2.14755749702454,-2.24881792068481,-1.48359513282776,0.594199955463409,-1.25768280029297,-9.0217981338501,-2.55438280105591,1.57659256458282,-0.274854898452759,0.22067266702652,52.725430037,-24.7239295165,-1.414101228,-0.784264129456885,-0.132368072469093,1.34581887405874
-32.0816040039063,-41.5420532226563,-293.731689453125,-40.740966796875,25.5203247070313,-346.298217773438,-0.192752555012703,-9.48513507843018,-0.411569327116013,1.23205471038818,-0.530283391475677,-0.116262920200825,-1.78331398963928,-4.64993810653687,7.60034608840942,0.101540304720402,0.0653863176703453,0.105221681296825,-2.19327116012573,-7.48123264312744,2.16274189949036,-2.24844551086426,-1.48932445049286,0.590495109558105,-1.25689363479614,-9.01004600524902,-2.55483722686768,1.57658565044403,-0.275238454341888,0.221872866153717,52.724629028,-24.724034066,-1.413869782,-0.782365790627585,-0.132365561499562,1.34612021652314
-32.1197509765625,-41.5802001953125,-293.731689453125,-40.5120849609375,25.634765625,-346.221923828125,-0.162880077958107,-9.47531700134277,-0.403924703598022,1.23322641849518,-0.532679736614227,-0.115668118000031,-1.78105568885803,-4.6710410118103,7.60864782333374,0.100888065993786,0.0663465559482574,0.104354538023472,-2.15807557106018,-7.48613309860229,2.1779260635376,-2.2480731010437,-1.49505364894867,0.586790204048157,-1.25610446929932,-8.99829292297363,-2.55529165267944,1.57657873630524,-0.275622010231018,0.223073065280914,52.723828019,-24.7241386155,-1.413638336,-0.780467451798286,-0.132363050530032,1.34642155898755
-32.04345703125,-41.351318359375,-293.502807617188,-40.5502319335938,25.7110595703125,-346.221923828125,-0.133007615804672,-9.46549892425537,-0.396280109882355,1.23439812660217,-0.535076081752777,-0.115073315799236,-1.77879738807678,-4.69214391708374,7.61695003509521,0.10023582726717,0.0673067942261696,0.103487387299538,-2.12287998199463,-7.49103403091431,2.19311022758484,-2.24770092964172,-1.50078284740448,0.583085358142853,-1.25531530380249,-8.98654079437256,-2.55574607849121,1.57657170295715,-0.276005566120148,0.224273279309273,52.72302701,-24.724243165,-1.41340689,-0.778569112968987,-0.132360539560502,1.34672290145195
-31.9671630859375,-41.1224365234375,-293.27392578125,-40.58837890625,25.787353515625,-346.221923828125,-0.103135138750076,-9.45568084716797,-0.388635486364365,1.23556983470917,-0.537472426891327,-0.114478513598442,-1.77653920650482,-4.71324729919434,7.62525177001953,0.099583588540554,0.0682670325040817,0.102620244026184,-2.08768439292908,-7.49593448638916,2.20829463005066,-2.24732851982117,-1.50651216506958,0.579380452632904,-1.25452613830566,-8.97478771209717,-2.55620050430298,1.57656478881836,-0.276389122009277,0.22547347843647,52.722226001,-24.7243477145,-1.413175444,-0.776670774139687,-0.132358028590972,1.34702424391635
-31.9290161132813,-41.1224365234375,-293.045043945313,-40.7028198242188,25.787353515625,-345.993041992188,-0.0732626691460609,-9.44586372375488,-0.380990892648697,1.23674142360687,-0.539868772029877,-0.113883718848228,-1.77428090572357,-4.73435020446777,7.63355398178101,0.0989313498139381,0.0692272707819939,0.101753100752831,-2.0524890422821,-7.50083541870117,2.2234787940979,-2.24695611000061,-1.51224136352539,0.5756756067276,-1.25373697280884,-8.96303558349609,-2.55665493011475,1.57655787467957,-0.276772677898407,0.226673677563667,52.721424992,-24.724452264,-1.412943998,-0.774772435310388,-0.132355517621441,1.34732558638076
-31.890869140625,-41.1224365234375,-292.816162109375,-40.8172607421875,25.787353515625,-345.76416015625,-0.0433901995420456,-9.43604564666748,-0.373346269130707,1.23791313171387,-0.542265176773071,-0.113288916647434,-1.77202272415161,-4.75545358657837,7.64185571670532,0.0982791185379028,0.070187509059906,0.100885957479477,-2.01729345321655,-7.50573587417603,2.23866295814514,-2.24658370018005,-1.51797068119049,0.571970701217651,-1.25294780731201,-8.9512825012207,-2.55710935592651,1.57655096054077,-0.277156203985214,0.227873876690865,52.720623983,-24.7245568135,-1.412712552,-0.772874096481088,-0.132353006651911,1.34762692884516
-31.9290161132813,-40.8935546875,-293.045043945313,-40.8172607421875,25.8255004882813,-345.535278320313,-0.0135177308693528,-9.42622756958008,-0.365701675415039,1.23908483982086,-0.544661521911621,-0.11269411444664,-1.76976442337036,-4.77655649185181,7.6501579284668,0.0976268798112869,0.0711477473378181,0.100018814206123,-1.982097864151,-7.51063680648804,2.25384736061096,-2.2462112903595,-1.5236998796463,0.568265855312347,-1.25215864181519,-8.93953037261963,-2.55756378173828,1.57654404640198,-0.277539759874344,0.229074075818062,52.719822974,-24.724661363,-1.412481106,-0.770975757651789,-0.132350495682381,1.34792827130956
-31.9671630859375,-40.6646728515625,-293.27392578125,-40.8172607421875,25.8636474609375,-345.306396484375,0.0163547396659851,-9.41640949249268,-0.358057051897049,1.24025654792786,-0.547057867050171,-0.112099312245846,-1.76750612258911,-4.79765939712524,7.65845966339111,0.096974641084671,0.0721079856157303,0.0991516709327698,-1.94690239429474,-7.51553726196289,2.2690315246582,-2.24583888053894,-1.52942907810211,0.564560949802399,-1.25136947631836,-8.92777729034424,-2.55801820755005,1.57653713226318,-0.277923315763474,0.230274274945259,52.719021965,-24.7247659125,-1.41224966,-0.769077418822489,-0.132347984712851,1.34822961377397
-32.0053100585938,-40.7028198242188,-293.197631835938,-40.6646728515625,26.0162353515625,-345.15380859375,0.0462272092700005,-9.40659236907959,-0.350412458181381,1.24142813682556,-0.549454212188721,-0.111504517495632,-1.76524794101715,-4.81876277923584,7.66676139831543,0.0963224023580551,0.0730682238936424,0.0982845276594162,-1.91170680522919,-7.5204381942749,2.28421568870544,-2.24546647071838,-1.53515839576721,0.56085604429245,-1.25058031082153,-8.91602420806885,-2.55847263336182,1.57653021812439,-0.278306871652603,0.231474474072456,52.718220956,-24.724870462,-1.412018214,-0.76717907999319,-0.13234547374332,1.34853095623837
-32.04345703125,-40.740966796875,-293.121337890625,-40.5120849609375,26.1688232421875,-345.001220703125,0.0760996788740158,-9.39677429199219,-0.342767834663391,1.24259984493256,-0.551850557327271,-0.110909715294838,-1.7629896402359,-4.83986568450928,7.6750636100769,0.0956701636314392,0.0740284621715546,0.097417376935482,-1.87651133537292,-7.52533864974976,2.29940009117126,-2.24509429931641,-1.54088759422302,0.557151198387146,-1.24979114532471,-8.90427207946777,-2.55892705917358,1.57652318477631,-0.278690427541733,0.232674688100815,52.717419947,-24.7249750115,-1.411786768,-0.76528074116389,-0.13234296277379,1.34883229870277
-32.04345703125,-40.435791015625,-293.121337890625,-40.5502319335938,26.3214111328125,-344.8486328125,0.105972148478031,-9.38695621490479,-0.335123240947723,1.24377155303955,-0.55424690246582,-0.110314913094044,-1.76073133945465,-4.86096858978271,7.68336534500122,0.0950179249048233,0.0749887004494667,0.0965502336621284,-1.84131574630737,-7.53023958206177,2.31458425521851,-2.24472188949585,-1.54661679267883,0.553446292877197,-1.24900197982788,-8.89251899719238,-2.55938148498535,1.57651627063751,-0.279073983430862,0.233874887228012,52.716618938,-24.725079561,-1.411555322,-0.763382402334591,-0.13234045180426,1.34913364116718
-32.04345703125,-40.130615234375,-293.121337890625,-40.58837890625,26.4739990234375,-344.696044921875,0.135844618082047,-9.37713813781738,-0.327478617429733,1.24494326114655,-0.55664324760437,-0.10972011089325,-1.75847315788269,-4.88207197189331,7.6916675567627,0.0943656861782074,0.0759489387273788,0.0956830903887749,-1.80612027645111,-7.53514003753662,2.32976841926575,-2.24434947967529,-1.55234611034393,0.549741446971893,-1.24821281433105,-8.88076686859131,-2.55983591079712,1.57650935649872,-0.279457539319992,0.235075086355209,52.715817929,-24.7251841105,-1.411323876,-0.761484063505291,-0.13233794083473,1.34943498363158
-32.0053100585938,-40.130615234375,-293.197631835938,-40.3976440429688,26.5121459960938,-344.619750976563,0.176969960331917,-9.36778736114502,-0.328443676233292,1.24545931816101,-0.5615354180336,-0.108985587954521,-1.75652194023132,-4.89970970153809,7.70045375823975,0.0939248874783516,0.0767372399568558,0.0947855040431023,-1.77123951911926,-7.54499006271362,2.35489249229431,-2.24225902557373,-1.55950856208801,0.545839428901672,-1.24301433563232,-8.87024688720703,-2.54585313796997,1.57639122009277,-0.280023694038391,0.236189410090446,52.71501692,-24.72528866,-1.41109243,-0.759585724675992,-0.132335429865199,1.34973632609598
-31.9671630859375,-40.130615234375,-293.27392578125,-40.2069091796875,26.55029296875,-344.54345703125,0.229348167777061,-9.3589038848877,-0.338018357753754,1.24531972408295,-0.568923354148865,-0.108111336827278,-1.75487768650055,-4.91388273239136,7.70972394943237,0.0936955288052559,0.0773536190390587,0.0938574746251106,-1.73667347431183,-7.55978870391846,2.38995599746704,-2.23845052719116,-1.56810426712036,0.541740298271179,-1.23340666294098,-8.86096000671387,-2.51743340492249,1.57616186141968,-0.280772477388382,0.237217858433723,52.5806981985,-24.7160890315,-1.3964813315,-0.757782019663014,-0.132228906407281,1.34880232164246
-31.8527221679688,-40.0924682617188,-292.892456054688,-40.3213500976563,26.702880859375,-344.009399414063,0.281726360321045,-9.35002040863037,-0.347593069076538,1.24518024921417,-0.576311349868774,-0.107237078249454,-1.75323355197906,-4.92805528640747,7.71899461746216,0.0934661701321602,0.0779699981212616,0.092929445207119,-1.70210754871368,-7.57458734512329,2.42501974105835,-2.23464202880859,-1.57669985294342,0.537641167640686,-1.22379899024963,-8.8516731262207,-2.48901343345642,1.57593250274658,-0.281521260738373,0.238246306777,52.446379477,-24.706889403,-1.381870233,-0.755978314650036,-0.132122382949362,1.34786831718893
-31.73828125,-40.0543212890625,-292.510986328125,-40.435791015625,26.85546875,-343.475341796875,0.33410456776619,-9.34113597869873,-0.357167750597,1.24504065513611,-0.583699285984039,-0.106362827122211,-1.75158929824829,-4.94222831726074,7.72826480865479,0.0932368114590645,0.0785863772034645,0.0920014157891273,-1.66754150390625,-7.58938646316528,2.46008324623108,-2.2308337688446,-1.58529555797577,0.533542037010193,-1.21419131755829,-8.84238624572754,-2.46059370040894,1.57570314407349,-0.282270044088364,0.239274770021439,52.3120607555,-24.6976897745,-1.3672591345,-0.754174609637057,-0.132015859491444,1.34693431273541
-31.73828125,-39.9017333984375,-292.66357421875,-40.3213500976563,26.85546875,-343.32275390625,0.386482775211334,-9.33225250244141,-0.366742461919785,1.24490118026733,-0.591087281703949,-0.105488575994968,-1.74994504451752,-4.95640134811401,7.73753547668457,0.0930074527859688,0.0792027562856674,0.0910733863711357,-1.63297557830811,-7.60418510437012,2.49514698982239,-2.22702527046204,-1.59389126300812,0.5294429063797,-1.20458352565765,-8.83309936523438,-2.43217396736145,1.57547378540039,-0.283018827438354,0.240303218364716,52.177742034,-24.688490146,-1.352648036,-0.752370904624079,-0.131909336033525,1.34600030828188
-31.73828125,-39.7491455078125,-292.816162109375,-40.2069091796875,26.85546875,-343.170166015625,0.438860982656479,-9.32336902618408,-0.376317143440247,1.24476170539856,-0.598475217819214,-0.104614317417145,-1.74830090999603,-4.97057390213013,7.74680614471436,0.0927780941128731,0.0798191353678703,0.0901453569531441,-1.59840965270996,-7.61898374557495,2.53021049499512,-2.22321677207947,-1.60248684883118,0.525343775749207,-1.19497585296631,-8.82381248474121,-2.40375399589539,1.57524442672729,-0.283767580986023,0.241331666707993,52.0434233125,-24.6792905175,-1.3380369375,-0.750567199611101,-0.131802812575607,1.34506630382836
-31.7001342773438,-39.7491455078125,-292.96875,-40.2069091796875,27.0462036132813,-342.941284179688,0.491239190101624,-9.31448459625244,-0.385891854763031,1.2446221113205,-0.605863213539124,-0.103740066289902,-1.74665665626526,-4.9847469329834,7.75607633590698,0.0925487354397774,0.0804355144500732,0.0892173275351524,-1.56384360790253,-7.63378286361694,2.56527423858643,-2.2194082736969,-1.61108255386353,0.521244645118713,-1.18536818027496,-8.81452560424805,-2.3753342628479,1.5750150680542,-0.284516364336014,0.24236011505127,51.909104591,-24.670090889,-1.323425839,-0.748763494598122,-0.131696289117688,1.34413229937483
-31.6619873046875,-39.7491455078125,-293.121337890625,-40.2069091796875,27.2369384765625,-342.71240234375,0.543617367744446,-9.30560111999512,-0.395466536283493,1.24448263645172,-0.613251149654388,-0.102865815162659,-1.74501252174377,-4.99891948699951,7.76534700393677,0.0923193693161011,0.0810518935322762,0.0882893055677414,-1.52927768230438,-7.64858150482178,2.60033774375916,-2.21559977531433,-1.61967825889587,0.517145454883575,-1.17576050758362,-8.80523777008057,-2.34691429138184,1.5747857093811,-0.285265147686005,0.243388563394547,51.7747858695,-24.6608912605,-1.3088147405,-0.746959789585144,-0.13158976565977,1.34319829492131
-31.7764282226563,-39.6347045898438,-292.96875,-40.0161743164063,27.2369384765625,-342.788696289063,0.595995604991913,-9.29671764373779,-0.405041247606277,1.24434304237366,-0.620639145374298,-0.101991556584835,-1.743368268013,-5.01309251785278,7.77461719512939,0.0920900106430054,0.0816682726144791,0.0873612761497498,-1.49471163749695,-7.66338014602661,2.63540148735046,-2.21179127693176,-1.62827384471893,0.513046324253082,-1.16615271568298,-8.7959508895874,-2.31849455833435,1.57455635070801,-0.286013931035995,0.244417011737823,51.640467148,-24.651691632,-1.294203642,-0.745156084572166,-0.131483242201851,1.34226429046778
-31.890869140625,-39.520263671875,-292.816162109375,-39.825439453125,27.2369384765625,-342.864990234375,0.648373782634735,-9.28783321380615,-0.41461592912674,1.24420356750488,-0.628027081489563,-0.101117305457592,-1.74172401428223,-5.02726554870605,7.78388786315918,0.0918606519699097,0.0822846442461014,0.0864332467317581,-1.4601457118988,-7.6781792640686,2.67046499252319,-2.20798277854919,-1.63686954975128,0.508947193622589,-1.15654504299164,-8.78666400909424,-2.29007482528687,1.57432699203491,-0.286762714385986,0.2454454600811,51.5061484265,-24.6424920035,-1.2795925435,-0.743352379559187,-0.131376718743933,1.34133028601426
-31.8145751953125,-39.4439697265625,-292.816162109375,-39.825439453125,27.4658203125,-342.4072265625,0.700752019882202,-9.27894973754883,-0.424190640449524,1.24406397342682,-0.635415077209473,-0.100243054330349,-1.74007987976074,-5.04143810272217,7.79315805435181,0.091631293296814,0.0829010233283043,0.0855052173137665,-1.42557966709137,-7.69297790527344,2.7055287361145,-2.20417451858521,-1.64546525478363,0.504848062992096,-1.14693737030029,-8.77737712860107,-2.2616548538208,1.57409763336182,-0.287511497735977,0.246473923325539,51.371829705,-24.633292375,-1.264981445,-0.741548674546209,-0.131270195286014,1.34039628156073
-31.73828125,-39.36767578125,-292.816162109375,-39.825439453125,27.6947021484375,-341.949462890625,0.753130197525024,-9.2700662612915,-0.433765321969986,1.24392449855804,-0.642803013324738,-0.0993688032031059,-1.73843562602997,-5.05561113357544,7.80242872238159,0.0914019346237183,0.0835174024105072,0.0845771878957748,-1.39101374149323,-7.70777654647827,2.74059224128723,-2.20036602020264,-1.65406095981598,0.500748932361603,-1.13732969760895,-8.76809024810791,-2.23323512077332,1.57386827468872,-0.288260251283646,0.247502371668816,51.2375109835,-24.6240927465,-1.2503703465,-0.739744969533231,-0.131163671828096,1.33946227710721
-31.6238403320313,-39.215087890625,-292.66357421875,-39.825439453125,27.6947021484375,-341.720581054688,0.805508434772491,-9.26118183135986,-0.44334003329277,1.24378490447998,-0.650191009044647,-0.0984945446252823,-1.73679149150848,-5.06978368759155,7.81169891357422,0.0911725759506226,0.0841337814927101,0.0836491584777832,-1.35644769668579,-7.72257566452026,2.77565598487854,-2.19655752182007,-1.66265654563904,0.49664980173111,-1.12772190570831,-8.75880336761475,-2.20481514930725,1.57363891601563,-0.289009034633636,0.248530820012093,51.103192262,-24.614893118,-1.235759248,-0.737941264520253,-0.131057148370177,1.33852827265369
-31.5093994140625,-39.0625,-292.510986328125,-39.825439453125,27.6947021484375,-341.49169921875,0.857886612415314,-9.25229835510254,-0.452914714813232,1.24364542961121,-0.657578945159912,-0.0976202934980392,-1.73514723777771,-5.08395671844482,7.820969581604,0.0909432172775269,0.084750160574913,0.0827211290597916,-1.32188177108765,-7.7373743057251,2.81071949005127,-2.1927490234375,-1.67125225067139,0.492550671100616,-1.11811423301697,-8.74951648712158,-2.17639541625977,1.57340955734253,-0.289757817983627,0.24955926835537,50.9688735405,-24.6056934895,-1.2211481495,-0.736137559507274,-0.130950624912259,1.33759426820016
-31.4712524414063,-39.0243530273438,-292.66357421875,-39.8635864257813,27.8091430664063,-341.1865234375,0.89424729347229,-9.25153923034668,-0.478644520044327,1.24278903007507,-0.662098169326782,-0.0970397368073463,-1.71904301643372,-5.08763408660889,7.82600069046021,0.0908464565873146,0.0854667797684669,0.082323282957077,-1.29460072517395,-7.75749492645264,2.82863569259644,-2.18590521812439,-1.68187654018402,0.489486753940582,-1.10092830657959,-8.74327659606934,-2.15991473197937,1.57544445991516,-0.293444573879242,0.250061005353928,50.834554819,-24.596493861,-1.206537051,-0.734333854494296,-0.13084410145434,1.33666026374664
-31.43310546875,-38.9862060546875,-292.816162109375,-39.9017333984375,27.923583984375,-340.88134765625,0.930607974529266,-9.25078010559082,-0.504374325275421,1.24193274974823,-0.666617393493652,-0.0964591726660728,-1.70293879508972,-5.09131145477295,7.83103132247925,0.0907496958971024,0.0861833989620209,0.0819254443049431,-1.26731967926025,-7.77761602401733,2.8465518951416,-2.17906165122986,-1.69250071048737,0.48642286658287,-1.08374226093292,-8.73703670501709,-2.1434338092804,1.57747936248779,-0.297131299972534,0.250562727451324,50.7002360975,-24.5872942325,-1.1919259525,-0.732530149481318,-0.130737577996422,1.33572625929311
-31.43310546875,-38.75732421875,-292.96875,-39.7872924804688,28.1143188476563,-340.805053710938,0.966968655586243,-9.25002098083496,-0.530104160308838,1.2410763502121,-0.671136617660522,-0.0958786159753799,-1.68683457374573,-5.09498882293701,7.83606243133545,0.0906529352068901,0.0869000181555748,0.0815275982022285,-1.24003851413727,-7.79773664474487,2.86446809768677,-2.17221784591675,-1.703125,0.483358949422836,-1.06655633449554,-8.73079681396484,-2.126953125,1.57951438426971,-0.300818055868149,0.251064449548721,50.565917376,-24.578094604,-1.177314854,-0.73072644446834,-0.130631054538503,1.33479225483959
-31.43310546875,-38.5284423828125,-293.121337890625,-39.6728515625,28.3050537109375,-340.728759765625,1.00332939624786,-9.2492618560791,-0.55583393573761,1.24022006988525,-0.675655841827393,-0.0952980518341064,-1.67073023319244,-5.09866619110107,7.84109354019165,0.0905561745166779,0.0876166373491287,0.081129752099514,-1.21275746822357,-7.81785726547241,2.88238406181335,-2.16537404060364,-1.71374928951263,0.480295032262802,-1.04937040805817,-8.7245569229126,-2.11047220230103,1.58154928684235,-0.304504781961441,0.251566171646118,50.4315986545,-24.5688949755,-1.1627037555,-0.728922739455362,-0.130524531080585,1.33385825038606
-31.4712524414063,-38.4521484375,-292.96875,-39.825439453125,28.228759765625,-340.423583984375,1.0396900177002,-9.24850273132324,-0.581563770771027,1.23936367034912,-0.680175065994263,-0.0947174951434135,-1.65462601184845,-5.10234355926514,7.84612464904785,0.0904594138264656,0.0883332565426826,0.0807319134473801,-1.18547642230988,-7.83797788619995,2.90030026435852,-2.15853047370911,-1.72437357902527,0.477231115102768,-1.03218448162079,-8.71831703186035,-2.09399151802063,1.58358418941498,-0.308191537857056,0.252067923545837,50.297279933,-24.559695347,-1.148092657,-0.727119034442383,-0.130418007622666,1.33292424593254
-31.5093994140625,-38.3758544921875,-292.816162109375,-39.97802734375,28.1524658203125,-340.118408203125,1.07605075836182,-9.24774360656738,-0.607293546199799,1.23850739002228,-0.684694290161133,-0.09413693100214,-1.63852179050446,-5.1060209274292,7.85115528106689,0.0903626531362534,0.0890498757362366,0.0803340673446655,-1.15819537639618,-7.85809898376465,2.91821646690369,-2.151686668396,-1.73499774932861,0.474167227745056,-1.01499843597412,-8.71207714080811,-2.07751059532166,1.58561909198761,-0.311878263950348,0.252569645643234,50.1629612115,-24.5504957185,-1.1334815585,-0.725315329429405,-0.130311484164748,1.33199024147901
-31.5093994140625,-38.14697265625,-292.739868164063,-39.825439453125,28.1906127929688,-339.584350585938,1.11241137981415,-9.24698543548584,-0.633023381233215,1.23765099048615,-0.689213573932648,-0.0935563743114471,-1.62241756916046,-5.10969829559326,7.8561863899231,0.0902658924460411,0.0897664949297905,0.0799362286925316,-1.13091433048248,-7.87821960449219,2.93613266944885,-2.14484286308289,-1.74562203884125,0.471103310585022,-0.997812509536743,-8.70583724975586,-2.06102991104126,1.58765411376953,-0.315565019845963,0.253071367740631,50.02864249,-24.54129609,-1.11887046,-0.723511624416427,-0.130204960706829,1.33105623702549
-31.5093994140625,-37.9180908203125,-292.66357421875,-39.6728515625,28.228759765625,-339.05029296875,1.14877212047577,-9.24622631072998,-0.658753156661987,1.2367947101593,-0.693732798099518,-0.0929758101701736,-1.60631334781647,-5.11337566375732,7.8612174987793,0.0901691317558289,0.0904831141233444,0.079538382589817,-1.10363328456879,-7.89834022521973,2.95404887199402,-2.13799929618835,-1.75624632835388,0.468039393424988,-0.98062652349472,-8.69959735870361,-2.04454898834229,1.58968901634216,-0.319251745939255,0.253573089838028,50.028438156,-24.5411498485,-1.118718182,-0.722009497440194,-0.130281372527935,1.32898265570162
-31.585693359375,-37.9180908203125,-292.66357421875,-39.6728515625,28.228759765625,-339.05029296875,1.1851327419281,-9.24546718597412,-0.684482991695404,1.23593831062317,-0.698252022266388,-0.0923952534794807,-1.59020912647247,-5.11705303192139,7.8662486076355,0.0900723710656166,0.0911997333168983,0.0791405364871025,-1.0763521194458,-7.91846132278442,2.97196507453918,-2.13115549087524,-1.76687061786652,0.464975506067276,-0.963440597057343,-8.69335746765137,-2.02806830406189,1.59172391891479,-0.322938501834869,0.254074811935425,50.028233822,-24.541003607,-1.118565904,-0.720507370463961,-0.130357784349042,1.32690907437775
-31.6619873046875,-37.9180908203125,-292.66357421875,-39.6728515625,28.228759765625,-339.05029296875,1.22149348258972,-9.24470806121826,-0.710212767124176,1.23508191108704,-0.702771246433258,-0.0918146893382072,-1.57410490512848,-5.12073040008545,7.87127923965454,0.0899756103754044,0.0919163525104523,0.0787426978349686,-1.0490710735321,-7.93858194351196,2.98988127708435,-2.12431168556213,-1.77749478816986,0.461911588907242,-0.94625461101532,-8.68711757659912,-2.01158738136292,1.59375882148743,-0.326625227928162,0.254576563835144,50.028029488,-24.5408573655,-1.118413626,-0.719005243487728,-0.130434196170148,1.32483549305388
-31.6619873046875,-37.7655029296875,-292.434692382813,-39.6728515625,28.1524658203125,-338.7451171875,1.25785410404205,-9.2439489364624,-0.735942602157593,1.23422563076019,-0.707290470600128,-0.0912341326475143,-1.5580005645752,-5.12440776824951,7.87631034851074,0.0898788496851921,0.0926329717040062,0.078344851732254,-1.02179002761841,-7.9587025642395,3.00779724121094,-2.1174681186676,-1.7881190776825,0.458847671747208,-0.929068624973297,-8.68087768554688,-1.99510657787323,1.59579372406006,-0.330311983823776,0.255078285932541,50.027825154,-24.540711124,-1.118261348,-0.717503116511495,-0.130510607991254,1.32276191173
-31.6619873046875,-37.6129150390625,-292.205810546875,-39.6728515625,28.076171875,-338.43994140625,1.29421484470367,-9.24318981170654,-0.761672377586365,1.23336923122406,-0.711809694766998,-0.0906535685062408,-1.5418963432312,-5.12808513641357,7.88134145736694,0.0897820889949799,0.0933495908975601,0.0779470056295395,-0.994508981704712,-7.9788236618042,3.0257134437561,-2.11062431335449,-1.79874336719513,0.455783784389496,-0.911882698535919,-8.67463779449463,-1.97862577438354,1.59782874584198,-0.333998709917068,0.255580008029938,50.02762082,-24.5405648825,-1.11810907,-0.716000989535262,-0.130587019812361,1.32068833040613
-31.7001342773438,-37.6129150390625,-292.205810546875,-39.5584106445313,28.1524658203125,-338.058471679688,1.33057546615601,-9.24243068695068,-0.787402212619781,1.23251295089722,-0.716328918933868,-0.0900730118155479,-1.52579212188721,-5.13176250457764,7.88637256622314,0.0896853283047676,0.094066210091114,0.0775491669774055,-0.967227876186371,-7.99894428253174,3.04362964630127,-2.10378050804138,-1.80936765670776,0.452719867229462,-0.894696712493896,-8.66839790344238,-1.96214497089386,1.59986364841461,-0.337685465812683,0.256081730127335,50.027416486,-24.540418641,-1.117956792,-0.714498862559029,-0.130663431633467,1.31861474908226
-31.73828125,-37.6129150390625,-292.205810546875,-39.4439697265625,28.228759765625,-337.677001953125,1.35478711128235,-9.24728202819824,-0.799503862857819,1.23124635219574,-0.716111481189728,-0.0897898524999619,-1.51091980934143,-5.12910413742065,7.88590621948242,0.0895061790943146,0.0948795676231384,0.0777192339301109,-0.941817998886108,-8.01960468292236,3.0429573059082,-2.09783244132996,-1.81894934177399,0.450478315353394,-0.878348648548126,-8.66381072998047,-1.95183229446411,1.60212981700897,-0.340466052293777,0.256103366613388,50.027212152,-24.5402723995,-1.117804514,-0.712996735582797,-0.130739843454573,1.31654116775839
-31.73828125,-37.6129150390625,-291.824340820313,-39.36767578125,28.4576416015625,-337.600708007813,1.36684954166412,-9.25774383544922,-0.797977387905121,1.22956955432892,-0.711157321929932,-0.0898041054606438,-1.49727928638458,-5.12010955810547,7.87994241714478,0.0892446413636208,0.0957896783947945,0.0784572064876556,-0.918279230594635,-8.04080581665039,3.0236964225769,-2.09277963638306,-1.8274884223938,0.449059158563614,-0.862838506698608,-8.66087627410889,-1.9476877450943,1.60462737083435,-0.342340499162674,0.255644857883453,50.027007818,-24.540126158,-1.117652236,-0.711494608606563,-0.130816255275679,1.31446758643452
-31.73828125,-37.6129150390625,-291.44287109375,-39.2913818359375,28.6865234375,-337.5244140625,1.3789119720459,-9.2682056427002,-0.796450972557068,1.2278927564621,-0.706203162670135,-0.0898183584213257,-1.48363876342773,-5.11111497879028,7.87397909164429,0.0889830961823463,0.0966997817158699,0.0791951790452003,-0.894740521907806,-8.0620059967041,3.00443530082703,-2.08772706985474,-1.8360276222229,0.447640001773834,-0.847328364849091,-8.6579418182373,-1.94354319572449,1.60712480545044,-0.344214916229248,0.255186349153519,50.026803484,-24.5399799165,-1.117499958,-0.70999248163033,-0.130892667096786,1.31239400511065
-31.5475463867188,-37.53662109375,-291.519165039063,-39.1006469726563,28.8009643554688,-336.990356445313,1.39097440242767,-9.27866744995117,-0.79492449760437,1.22621583938599,-0.701249003410339,-0.0898326113820076,-1.46999824047089,-5.1021203994751,7.86801528930664,0.0887215584516525,0.0976098924875259,0.0799331516027451,-0.871201753616333,-8.08320713043213,2.98517441749573,-2.08267426490784,-1.84456670284271,0.446220844984055,-0.831818222999573,-8.65500736236572,-1.93939864635468,1.60962235927582,-0.346089363098145,0.254727840423584,50.02659915,-24.539833675,-1.11734768,-0.708490354654098,-0.130969078917892,1.31032042378678
-31.3568115234375,-37.4603271484375,-291.595458984375,-38.909912109375,28.9154052734375,-336.456298828125,1.40303683280945,-9.28912925720215,-0.793398022651672,1.22453904151917,-0.696294844150543,-0.0898468643426895,-1.45635771751404,-5.09312629699707,7.86205196380615,0.0884600132703781,0.098520003259182,0.0806711241602898,-0.84766298532486,-8.10440826416016,2.96591353416443,-2.07762169837952,-1.85310578346252,0.444801688194275,-0.816308081150055,-8.65207195281982,-1.93525409698486,1.6121199131012,-0.347963809967041,0.254269331693649,50.026394816,-24.5396874335,-1.117195402,-0.706988227677865,-0.131045490738998,1.30824684246291
-31.280517578125,-37.2314453125,-291.595458984375,-38.9480590820313,28.839111328125,-336.074829101563,1.41509926319122,-9.29959106445313,-0.791871547698975,1.22286224365234,-0.691340744495392,-0.0898611173033714,-1.44271731376648,-5.08413171768188,7.85608816146851,0.0881984755396843,0.0994301065802574,0.0814090967178345,-0.824124276638031,-8.12560844421387,2.94665265083313,-2.07256889343262,-1.86164498329163,0.443382501602173,-0.800797939300537,-8.64913749694824,-1.93110954761505,1.61461734771729,-0.349838227033615,0.253810822963715,50.026190482,-24.539541192,-1.117043124,-0.705486100701632,-0.131121902560105,1.30617326113904
-31.2042236328125,-37.0025634765625,-291.595458984375,-38.9862060546875,28.7628173828125,-335.693359375,1.427161693573,-9.3100528717041,-0.790345072746277,1.22118544578552,-0.686386585235596,-0.0898753702640533,-1.42907679080963,-5.0751371383667,7.85012483596802,0.0879369303584099,0.100340217351913,0.0821470692753792,-0.800585508346558,-8.14680957794189,2.92739176750183,-2.0675163269043,-1.87018406391144,0.441963344812393,-0.785287797451019,-8.64620304107666,-1.92696499824524,1.61711490154266,-0.351712673902512,0.25335231423378,50.025986148,-24.5393949505,-1.116890846,-0.703983973725399,-0.131198314381211,1.30409967981517
-31.1279296875,-36.8499755859375,-291.44287109375,-38.9480590820313,28.839111328125,-335.617065429688,1.43922412395477,-9.32051563262939,-0.788818657398224,1.2195086479187,-0.6814324259758,-0.0898896232247353,-1.41543626785278,-5.06614255905151,7.84416103363037,0.0876753926277161,0.101250320672989,0.0828850418329239,-0.777046799659729,-8.16800975799561,2.90813064575195,-2.0624635219574,-1.87872326374054,0.440544188022614,-0.769777655601501,-8.64326858520508,-1.92282044887543,1.61961233615875,-0.353587120771408,0.252893805503845,50.025781814,-24.539248709,-1.116738568,-0.702481846749166,-0.131274726202317,1.3020260984913
-31.0516357421875,-36.6973876953125,-291.290283203125,-38.909912109375,28.9154052734375,-335.540771484375,1.45128655433655,-9.33097743988037,-0.787292182445526,1.21783185005188,-0.676478266716003,-0.0899038761854172,-1.40179574489594,-5.05714845657349,7.83819770812988,0.0874138474464417,0.102160431444645,0.0836230143904686,-0.753508031368256,-8.18921089172363,2.88886976242065,-2.05741095542908,-1.88726234436035,0.439125031232834,-0.754267513751984,-8.64033317565918,-1.91867589950562,1.62210988998413,-0.355461537837982,0.252435296773911,50.02557748,-24.5391024675,-1.11658629,-0.700979719772933,-0.131351138023424,1.29995251716743
-31.0516357421875,-36.773681640625,-291.290283203125,-38.8717651367188,29.0679931640625,-335.006713867188,1.46334898471832,-9.34143924713135,-0.785765707492828,1.21615505218506,-0.671524107456207,-0.0899181216955185,-1.38815522193909,-5.0481538772583,7.83223390579224,0.0871523097157478,0.103070542216301,0.0843609943985939,-0.729969263076782,-8.21041202545166,2.86960887908936,-2.05235815048218,-1.89580142498016,0.437705874443054,-0.738757371902466,-8.6373987197876,-1.9145313501358,1.62460744380951,-0.357335984706879,0.251976817846298,50.025373146,-24.538956226,-1.116434012,-0.6994775927967,-0.13142754984453,1.29787893584356
-31.0516357421875,-36.8499755859375,-291.290283203125,-38.8336181640625,29.2205810546875,-334.47265625,1.4754114151001,-9.35190105438232,-0.784239232540131,1.21447813510895,-0.666569948196411,-0.0899323746562004,-1.37451469898224,-5.03915929794312,7.82627058029175,0.0868907645344734,0.103980645537376,0.0850989669561386,-0.706430554389954,-8.23161220550537,2.85034799575806,-2.04730558395386,-1.90434062480927,0.436286717653275,-0.723247230052948,-8.63446426391602,-1.91038680076599,1.6271048784256,-0.359210431575775,0.251518309116364,50.025168812,-24.5388099845,-1.116281734,-0.697975465820467,-0.131503961665636,1.29580535451969
-31.2042236328125,-36.62109375,-290.985107421875,-38.7191772460938,29.3731689453125,-334.320068359375,1.48747384548187,-9.3623628616333,-0.782712817192078,1.21280133724213,-0.66161584854126,-0.0899466276168823,-1.36087429523468,-5.03016471862793,7.8203067779541,0.0866292268037796,0.104890756309032,0.0858369395136833,-0.68289178609848,-8.2528133392334,2.83108687400818,-2.04225277900696,-1.91287970542908,0.434867531061172,-0.70773708820343,-8.63152980804443,-1.90624225139618,1.62960243225098,-0.361084878444672,0.251059800386429,50.024964478,-24.538663743,-1.116129456,-0.696473338844234,-0.131580373486742,1.29373177319581
-31.3568115234375,-36.3922119140625,-290.679931640625,-38.604736328125,29.5257568359375,-334.16748046875,1.49953627586365,-9.37282466888428,-0.78118634223938,1.21112453937531,-0.656661689281464,-0.0899608805775642,-1.34723377227783,-5.0211706161499,7.81434345245361,0.0863676816225052,0.105800859630108,0.086574912071228,-0.659353077411652,-8.27401351928711,2.81182599067688,-2.03720021247864,-1.92141890525818,0.433448374271393,-0.692226946353912,-8.62859439849854,-1.90209770202637,1.63209986686707,-0.362959295511246,0.250601291656494,50.024760144,-24.5385175015,-1.115977178,-0.694971211868001,-0.131656785307849,1.29165819187194
-31.1660766601563,-36.3540649414063,-290.451049804688,-38.5284423828125,29.4113159179688,-333.633422851563,1.51159870624542,-9.38328647613525,-0.779659867286682,1.20944774150848,-0.651707530021667,-0.0899751335382462,-1.33359324932098,-5.01217603683472,7.80837965011597,0.0861061438918114,0.106710970401764,0.0873128846287727,-0.635814309120178,-8.29521465301514,2.79256510734558,-2.03214740753174,-1.92995798587799,0.432029217481613,-0.676716804504395,-8.62565994262695,-1.89795315265656,1.63459742069244,-0.364833742380142,0.250142782926559,50.02455581,-24.53837126,-1.1158249,-0.693469084891768,-0.131733197128955,1.28958461054807
-30.975341796875,-36.31591796875,-290.22216796875,-38.4521484375,29.296875,-333.099365234375,1.52765500545502,-9.39832878112793,-0.772581398487091,1.20865201950073,-0.645698189735413,-0.0909854471683502,-1.33696007728577,-5.00778913497925,7.8038969039917,0.0852426886558533,0.107291527092457,0.0881549790501595,-0.611936986446381,-8.31485176086426,2.76199722290039,-2.03067421913147,-1.9327073097229,0.431552529335022,-0.67368358373642,-8.61558532714844,-1.89335870742798,1.63673663139343,-0.365328341722488,0.248458847403526,49.769386579,-24.1894315935,-1.1196743155,-0.6919898125771,-0.131720809811196,1.28697579805759
-31.0134887695313,-36.31591796875,-290.145874023438,-38.604736328125,29.5257568359375,-332.6416015625,1.54371130466461,-9.41337013244629,-0.7655029296875,1.20785641670227,-0.639688789844513,-0.0919957607984543,-1.34032678604126,-5.00340223312378,7.79941368103027,0.0843792259693146,0.107872076332569,0.0889970734715462,-0.588059663772583,-8.3344898223877,2.7314293384552,-2.02920079231262,-1.93545663356781,0.431075870990753,-0.67065042257309,-8.60550975799561,-1.8887642621994,1.63887596130371,-0.365822941064835,0.246774896979332,49.514217348,-23.840491927,-1.123523731,-0.690510540262433,-0.131708422493436,1.28436698556712
-31.0516357421875,-36.31591796875,-290.069580078125,-38.75732421875,29.754638671875,-332.183837890625,1.55976760387421,-9.42841243743896,-0.758424460887909,1.20706069469452,-0.633679449558258,-0.0930060818791389,-1.34369361400604,-4.99901580810547,7.79493093490601,0.0835157707333565,0.108452633023262,0.0898391753435135,-0.564182341098785,-8.35412693023682,2.70086121559143,-2.02772760391235,-1.93820583820343,0.430599182844162,-0.667617201805115,-8.59543514251709,-1.88416981697083,1.6410151720047,-0.366317540407181,0.245090961456299,49.259048117,-23.4915522605,-1.1273731465,-0.689031267947764,-0.131696035175677,1.28175817307664
-30.975341796875,-36.2777709960938,-289.840698242188,-38.6428833007813,29.7927856445313,-331.954956054688,1.5758239030838,-9.44345474243164,-0.751345992088318,1.20626497268677,-0.627670049667358,-0.094016395509243,-1.34706032276154,-4.99462890625,7.79044818878174,0.0826523080468178,0.109033182263374,0.0906812697649002,-0.540305018424988,-8.37376499176025,2.67029333114624,-2.02625441551208,-1.94095516204834,0.430122524499893,-0.664584040641785,-8.58535957336426,-1.87957537174225,1.64315438270569,-0.366812139749527,0.243407011032104,49.003878886,-23.142612594,-1.131222562,-0.687551995633096,-0.131683647857917,1.27914936058616
-30.8990478515625,-36.2396240234375,-289.61181640625,-38.5284423828125,29.8309326171875,-331.72607421875,1.5918802022934,-9.45849609375,-0.744267582893372,1.20546925067902,-0.621660709381104,-0.0950267091393471,-1.35042715072632,-4.99024200439453,7.78596544265747,0.0817888528108597,0.109613738954067,0.0915233641862869,-0.51642769575119,-8.39340209960938,2.63972544670105,-2.02478098869324,-1.94370448589325,0.429645836353302,-0.66155081987381,-8.57528495788574,-1.87498080730438,1.64529371261597,-0.367306739091873,0.241723075509071,48.748709655,-22.7936729275,-1.1350719775,-0.686072723318429,-0.131671260540158,1.27654054809568
-30.82275390625,-35.9725952148438,-289.459228515625,-38.5665893554688,29.9835205078125,-331.72607421875,1.60793650150299,-9.47353839874268,-0.737189114093781,1.20467364788055,-0.615651309490204,-0.0960370227694511,-1.3537939786911,-4.98585510253906,7.78148221969604,0.080925390124321,0.11019429564476,0.0923654586076736,-0.492550373077393,-8.41304016113281,2.60915756225586,-2.02330780029297,-1.94645380973816,0.429169178009033,-0.658517599105835,-8.56520938873291,-1.87038636207581,1.64743292331696,-0.367801338434219,0.240039125084877,48.493540424,-22.444733261,-1.138921393,-0.684593451003761,-0.131658873222398,1.2739317356052
-30.7464599609375,-35.70556640625,-289.306640625,-38.604736328125,30.1361083984375,-331.72607421875,1.62399280071259,-9.48858070373535,-0.730110645294189,1.2038779258728,-0.609641969203949,-0.0970473438501358,-1.35716068744659,-4.98146867752075,7.77699947357178,0.0800619348883629,0.110774844884872,0.093207560479641,-0.468673080205917,-8.43267726898193,2.57858967781067,-2.0218346118927,-1.94920313358307,0.428692489862442,-0.655484437942505,-8.55513477325439,-1.86579191684723,1.64957213401794,-0.368295967578888,0.238355189561844,48.238371193,-22.0957935945,-1.1427708085,-0.683114178689093,-0.131646485904639,1.27132292311472
-30.9371948242188,-35.70556640625,-289.077758789063,-38.5665893554688,30.21240234375,-331.344604492188,1.64004909992218,-9.50362205505371,-0.723032176494598,1.20308220386505,-0.603632569313049,-0.0980576574802399,-1.36052751541138,-4.97708177566528,7.77251672744751,0.0791984722018242,0.111355401575565,0.0940496549010277,-0.44479575753212,-8.45231533050537,2.54802179336548,-2.02036118507385,-1.95195245742798,0.428215831518173,-0.65245121717453,-8.54505920410156,-1.86119747161865,1.65171146392822,-0.368790566921234,0.23667123913765,47.983201962,-21.746853928,-1.146620224,-0.681634906374424,-0.13163409858688,1.26871411062424
-31.1279296875,-35.70556640625,-288.848876953125,-38.5284423828125,30.2886962890625,-330.963134765625,1.65610539913177,-9.51866436004639,-0.715953707695007,1.2022864818573,-0.597623229026794,-0.0990679711103439,-1.36389422416687,-4.97269487380981,7.76803398132324,0.0783350169658661,0.111935950815678,0.0948917493224144,-0.420918434858322,-8.47195243835449,2.51745367050171,-2.01888799667358,-1.9547016620636,0.427739143371582,-0.6494180560112,-8.53498458862305,-1.85660302639008,1.65385067462921,-0.36928516626358,0.234987303614616,47.728032731,-21.3979142615,-1.1504696395,-0.680155634059757,-0.13162171126912,1.26610529813376
-31.0134887695313,-35.6674194335938,-289.00146484375,-38.604736328125,30.21240234375,-330.657958984375,1.67216169834137,-9.53370666503906,-0.708875238895416,1.20149087905884,-0.59161388874054,-0.100078284740448,-1.36726105213165,-4.96830797195435,7.76355075836182,0.0774715542793274,0.112516507506371,0.0957338437438011,-0.397041112184525,-8.49159049987793,2.48688578605652,-2.01741480827332,-1.95745098590851,0.427262485027313,-0.646384835243225,-8.52490997314453,-1.8520085811615,1.6559898853302,-0.369779765605927,0.233303353190422,47.4728635,-21.048974595,-1.154319055,-0.678676361745089,-0.131609323951361,1.26349648564328
-30.8990478515625,-35.6292724609375,-289.154052734375,-38.6810302734375,30.1361083984375,-330.352783203125,1.68821799755096,-9.54874801635742,-0.701796770095825,1.20069515705109,-0.58560448884964,-0.101088598370552,-1.37062788009644,-4.96392107009888,7.75906801223755,0.0766080990433693,0.113097064197063,0.0965759381651878,-0.373163789510727,-8.51122760772705,2.45631790161133,-2.01594138145447,-1.96020030975342,0.426785796880722,-0.64335161447525,-8.5148344039917,-1.84741413593292,1.65812921524048,-0.370274364948273,0.231619417667389,47.217694269,-20.7000349285,-1.1581684705,-0.677197089430421,-0.131596936633601,1.2608876731528
-31.0897827148438,-35.5911254882813,-288.925170898438,-38.4902954101563,30.0979614257813,-329.971313476563,1.70427429676056,-9.5637903213501,-0.694718301296234,1.19989943504333,-0.579595148563385,-0.102098919451237,-1.37399458885193,-4.95953464508057,7.75458526611328,0.0757446363568306,0.113677613437176,0.0974180400371552,-0.349286466836929,-8.53086566925049,2.42575001716614,-2.0144681930542,-1.96294963359833,0.426309138536453,-0.64031845331192,-8.50475978851318,-1.84281969070435,1.66026842594147,-0.370768964290619,0.229935467243195,46.962525038,-20.351095262,-1.162017886,-0.675717817115753,-0.131584549315842,1.25827886066232
-31.280517578125,-35.552978515625,-288.6962890625,-38.299560546875,30.059814453125,-329.58984375,1.72033059597015,-9.57883262634277,-0.687639832496643,1.19910371303558,-0.573585748672485,-0.103109233081341,-1.37736141681671,-4.9551477432251,7.75010251998901,0.0748811811208725,0.114258170127869,0.0982601344585419,-0.325409144163132,-8.55050277709961,2.39518213272095,-2.01299500465393,-1.96569895744324,0.425832450389862,-0.637285232543945,-8.49468421936035,-1.83822524547577,1.66240763664246,-0.371263563632965,0.228251531720161,46.707355807,-20.0021555955,-1.1658673015,-0.674238544801085,-0.131572161998082,1.25567004817184
-31.1660766601563,-35.4766845703125,-288.6962890625,-38.4521484375,30.059814453125,-329.58984375,1.73556578159332,-9.58949756622314,-0.686292231082916,1.1986825466156,-0.571254014968872,-0.104336380958557,-1.38897478580475,-4.95682287216187,7.7465386390686,0.0742720142006874,0.114236816763878,0.0988621711730957,-0.305932492017746,-8.5682544708252,2.37004637718201,-2.0121865272522,-1.9669429063797,0.425466924905777,-0.638823211193085,-8.4870023727417,-1.82943153381348,1.66340589523315,-0.372856110334396,0.226454645395279,46.452186576,-19.653215929,-1.169716717,-0.672759272486417,-0.131559774680323,1.25306123568137
-31.0516357421875,-35.400390625,-288.6962890625,-38.604736328125,30.059814453125,-329.58984375,1.74997985363007,-9.59578704833984,-0.690675377845764,1.19863593578339,-0.572599947452545,-0.105780355632305,-1.40883493423462,-4.96455955505371,7.74389457702637,0.0739171504974365,0.113613560795784,0.0992241576313972,-0.29085648059845,-8.58411884307861,2.35034275054932,-2.01204323768616,-1.966681599617,0.425212502479553,-0.644932389259338,-8.48171234130859,-1.81643855571747,1.66326296329498,-0.37554657459259,0.224544808268547,46.197017345,-19.3042762625,-1.1735661325,-0.671280000171749,-0.131547387362563,1.25045242319089
-31.0897827148438,-35.2859497070313,-288.6962890625,-38.5284423828125,30.0979614257813,-329.360961914063,1.76439392566681,-9.60207653045654,-0.695058584213257,1.19858920574188,-0.573945820331573,-0.107224330306053,-1.42869508266449,-4.97229623794556,7.74125051498413,0.0735622867941856,0.112990312278271,0.0995861366391182,-0.275780469179153,-8.59998416900635,2.33063912391663,-2.01189970970154,-1.9664204120636,0.424958080053329,-0.651041567325592,-8.4764232635498,-1.80344557762146,1.66312003135681,-0.378237068653107,0.222634971141815,45.941848114,-18.955336596,-1.177415548,-0.669800727857081,-0.131535000044804,1.24784361070041
-31.1279296875,-35.1715087890625,-288.6962890625,-38.4521484375,30.1361083984375,-329.132080078125,1.77880799770355,-9.60836601257324,-0.699441730976105,1.19854259490967,-0.575291752815247,-0.108668304979801,-1.44855523109436,-4.9800329208374,7.73860645294189,0.0732074230909348,0.112367056310177,0.0999481230974197,-0.26070448756218,-8.61584854125977,2.31093573570251,-2.0117564201355,-1.9661591053009,0.424703657627106,-0.657150745391846,-8.4711332321167,-1.79045259952545,1.66297721862793,-0.380927562713623,0.220725134015083,45.686678883,-18.6063969295,-1.1812649635,-0.668321455542413,-0.131522612727045,1.24523479820993
-31.0897827148438,-34.942626953125,-288.6962890625,-38.4140014648438,30.1742553710938,-328.598022460938,1.7932220697403,-9.61465549468994,-0.703824877738953,1.19849598407745,-0.576637625694275,-0.11011228710413,-1.46841526031494,-4.98776960372925,7.73596239089966,0.0728525593876839,0.111743800342083,0.100310102105141,-0.245628476142883,-8.6317138671875,2.29123210906982,-2.01161289215088,-1.96589779853821,0.424449235200882,-0.663259863853455,-8.46584415435791,-1.77745974063873,1.66283428668976,-0.383618026971817,0.218815296888351,45.431509652,-18.257457263,-1.185114379,-0.666842183227745,-0.131510225409285,1.24262598571945
-31.0516357421875,-34.7137451171875,-288.6962890625,-38.3758544921875,30.21240234375,-328.06396484375,1.80763614177704,-9.62094497680664,-0.708208084106445,1.19844925403595,-0.577983558177948,-0.111556261777878,-1.48827540874481,-4.99550628662109,7.73331785202026,0.0724976882338524,0.11112055182457,0.100672088563442,-0.230552479624748,-8.64757823944092,2.27152848243713,-2.01146936416626,-1.9656366109848,0.424194842576981,-0.669369041919708,-8.46055507659912,-1.76446676254272,1.66269135475159,-0.386308521032333,0.21690545976162,45.176340421,-17.9085175965,-1.1889637945,-0.665362910913077,-0.131497838091526,1.24001717322897
-30.975341796875,-34.7137451171875,-288.619995117188,-38.3377075195313,30.364990234375,-328.140258789063,1.82205021381378,-9.62723445892334,-0.712591230869293,1.19840264320374,-0.579329431056976,-0.113000236451626,-1.50813555717468,-5.00324296951294,7.73067378997803,0.0721428245306015,0.110497295856476,0.101034067571163,-0.215476483106613,-8.66344356536865,2.25182509422302,-2.01132607460022,-1.96537530422211,0.423940420150757,-0.675478219985962,-8.45526504516602,-1.75147378444672,1.66254854202271,-0.38899901509285,0.214995622634888,44.92117119,-17.55957793,-1.19281321,-0.663883638598409,-0.131485450773766,1.23740836073849
-30.8990478515625,-34.7137451171875,-288.543701171875,-38.299560546875,30.517578125,-328.216552734375,1.83646440505981,-9.63352394104004,-0.716974437236786,1.19835591316223,-0.580675363540649,-0.114444211125374,-1.52799570560455,-5.01097965240479,7.72802972793579,0.0717879608273506,0.109874039888382,0.101396054029465,-0.200400486588478,-8.67930793762207,2.23212146759033,-2.0111825466156,-1.96511399745941,0.423685997724533,-0.681587398052216,-8.44997596740723,-1.73848080635071,1.66240561008453,-0.391689479351044,0.213085785508156,44.879020213,-17.5639030005,-1.1876930645,-0.662361200913406,-0.131339281955011,1.23489761250302
-30.975341796875,-34.8663330078125,-288.6962890625,-38.4140014648438,30.4031372070313,-328.06396484375,1.85087847709656,-9.63981342315674,-0.721357583999634,1.19830930233002,-0.582021236419678,-0.115888193249702,-1.54785573482513,-5.01871633529663,7.72538566589355,0.0714330971240997,0.109250791370869,0.101758033037186,-0.185324475169182,-8.6951732635498,2.21241784095764,-2.01103925704956,-1.96485280990601,0.423431575298309,-0.687696516513824,-8.44468593597412,-1.72548794746399,1.66226267814636,-0.39437997341156,0.211175948381424,44.836869236,-17.568228071,-1.182572919,-0.660838763228402,-0.131193113136255,1.23238686426756
-31.0516357421875,-35.0189208984375,-288.848876953125,-38.5284423828125,30.2886962890625,-327.911376953125,1.8652925491333,-9.64610290527344,-0.725740730762482,1.1982626914978,-0.583367168903351,-0.11733216792345,-1.567715883255,-5.02645301818848,7.72274160385132,0.0710782334208488,0.108627535402775,0.102120019495487,-0.170248478651047,-8.71103763580322,2.19271445274353,-2.01089572906494,-1.96459150314331,0.423177152872086,-0.693805694580078,-8.43939685821533,-1.71249496936798,1.66211986541748,-0.397070437669754,0.209266111254692,44.794718259,-17.5725531415,-1.1774527735,-0.659316325543398,-0.1310469443175,1.22987611603209
-31.1660766601563,-34.7137451171875,-288.619995117188,-38.2614135742188,30.3268432617188,-327.835083007813,1.87970662117004,-9.65239238739014,-0.730123937129974,1.1982159614563,-0.584713041782379,-0.118776142597198,-1.58757603168488,-5.03418970108032,7.72009754180908,0.070723369717598,0.108004279434681,0.102481998503208,-0.155172482132912,-8.72690296173096,2.17301082611084,-2.0107524394989,-1.96433019638062,0.422922730445862,-0.699914872646332,-8.43410682678223,-1.69950199127197,1.66197693347931,-0.39976093173027,0.20735627412796,44.752567282,-17.576878212,-1.172332628,-0.657793887858395,-0.130900775498744,1.22736536779662
-31.280517578125,-34.4085693359375,-288.39111328125,-37.994384765625,30.364990234375,-327.7587890625,1.89412069320679,-9.65868186950684,-0.734507083892822,1.19816935062408,-0.586058974266052,-0.120220117270947,-1.60743618011475,-5.04192638397217,7.71745300292969,0.0703684985637665,0.107381023466587,0.10284398496151,-0.140096485614777,-8.74276733398438,2.15330719947815,-2.01060891151428,-1.96406888961792,0.42266833782196,-0.706024050712585,-8.42881774902344,-1.68650901317596,1.66183400154114,-0.402451425790787,0.205446437001228,44.710416305,-17.5812032825,-1.1672124825,-0.656271450173392,-0.130754606679988,1.22485461956116
-31.0897827148438,-34.2178344726563,-288.162231445313,-38.1851196289063,30.3268432617188,-327.682495117188,1.90853476524353,-9.66497135162354,-0.738890290260315,1.19812262058258,-0.587404847145081,-0.121664099395275,-1.62729620933533,-5.04966306686401,7.71480894088745,0.0700136348605156,0.106757774949074,0.103205963969231,-0.12502047419548,-8.75863265991211,2.13360381126404,-2.01046562194824,-1.96380770206451,0.422413915395737,-0.712133169174194,-8.42352771759033,-1.67351615428925,1.66169118881226,-0.405141890048981,0.203536599874496,44.668265328,-17.585528353,-1.162092337,-0.654749012488388,-0.130608437861233,1.22234387132569
-30.8990478515625,-34.027099609375,-287.933349609375,-38.3758544921875,30.2886962890625,-327.606201171875,1.92294883728027,-9.67126083374023,-0.743273437023163,1.19807600975037,-0.588750779628754,-0.123108074069023,-1.6471563577652,-5.05739974975586,7.71216487884521,0.0696587711572647,0.10613451898098,0.103567950427532,-0.109944477677345,-8.77449703216553,2.11390018463135,-2.01032209396362,-1.96354639530182,0.422159492969513,-0.718242347240448,-8.41823863983154,-1.66052317619324,1.66154825687408,-0.407832384109497,0.201626762747765,44.626114351,-17.5898534235,-1.1569721915,-0.653226574803385,-0.130462269042477,1.21983312309023
-30.975341796875,-33.9126586914063,-288.162231445313,-38.4902954101563,30.3268432617188,-327.682495117188,1.91798710823059,-9.66110706329346,-0.72797828912735,1.19699776172638,-0.590374350547791,-0.123753249645233,-1.66234564781189,-5.05351734161377,7.70831203460693,0.0702319219708443,0.104640431702137,0.103256329894066,-0.0994482934474945,-8.77870750427246,2.1090931892395,-2.00867772102356,-1.96557748317719,0.421435803174973,-0.720839262008667,-8.41696453094482,-1.6685631275177,1.66149079799652,-0.412988275289536,0.200343832373619,44.583963374,-17.594178494,-1.151852046,-0.651704137118381,-0.130316100223722,1.21732237485476
-31.0516357421875,-33.7982177734375,-288.39111328125,-38.604736328125,30.364990234375,-327.7587890625,1.9130254983902,-9.65095233917236,-0.712683081626892,1.1959193944931,-0.591997981071472,-0.124398425221443,-1.67753481864929,-5.04963541030884,7.70445871353149,0.0708050802350044,0.103146344423294,0.1029447093606,-0.0889521092176437,-8.78291797637939,2.10428595542908,-2.0070333480835,-1.96760857105255,0.42071208357811,-0.723436117172241,-8.41569042205811,-1.67660295963287,1.66143321990967,-0.418144166469574,0.199060901999474,44.541812397,-17.5985035645,-1.1467319005,-0.650181699433378,-0.130169931404966,1.21481162661929
-31.0897827148438,-33.6074829101563,-288.238525390625,-38.4140014648438,30.4794311523438,-327.45361328125,1.90806376934052,-9.64079856872559,-0.697387933731079,1.19484114646912,-0.593621551990509,-0.125043600797653,-1.69272410869598,-5.04575300216675,7.70060586929321,0.071378231048584,0.101652257144451,0.102633096277714,-0.078455924987793,-8.78712844848633,2.09947896003723,-2.00538921356201,-1.96963965892792,0.419988393783569,-0.72603303194046,-8.41441631317139,-1.68464291095734,1.6613757610321,-0.42330002784729,0.197777956724167,44.49966142,-17.602828635,-1.141611755,-0.648659261748374,-0.130023762586211,1.21230087838383
-31.1279296875,-33.416748046875,-288.0859375,-38.2232666015625,30.5938720703125,-327.1484375,1.90310204029083,-9.63064479827881,-0.682092785835266,1.19376277923584,-0.595245182514191,-0.125688776373863,-1.70791327953339,-5.04187059402466,7.69675302505493,0.0719513893127441,0.100158169865608,0.102321475744247,-0.0679597407579422,-8.79133892059326,2.09467196464539,-2.00374484062195,-1.97167062759399,0.419264674186707,-0.728629887104034,-8.41314220428467,-1.6926828622818,1.66131830215454,-0.428455919027328,0.196495026350021,44.457510443,-17.6071537055,-1.1364916095,-0.647136824063371,-0.129877593767455,1.20979013014836
-31.0897827148438,-33.4548950195313,-288.162231445313,-38.299560546875,30.517578125,-326.919555664063,1.89814043045044,-9.62049007415771,-0.666797637939453,1.19268453121185,-0.596868753433228,-0.126333937048912,-1.72310256958008,-5.03798818588257,7.69290018081665,0.0725245401263237,0.0986640751361847,0.102009855210781,-0.0574635565280914,-8.79554843902588,2.08986473083496,-2.00210046768188,-1.97370171546936,0.418540984392166,-0.731226801872253,-8.41186809539795,-1.70072281360626,1.66126084327698,-0.433611810207367,0.195212095975876,44.415359466,-17.611478776,-1.131371464,-0.645614386378368,-0.129731424948699,1.2072793819129
-31.0516357421875,-33.4930419921875,-288.238525390625,-38.3758544921875,30.4412841796875,-326.690673828125,1.89317870140076,-9.61033630371094,-0.651502430438995,1.19160628318787,-0.598492383956909,-0.126979112625122,-1.73829185962677,-5.03410625457764,7.68904685974121,0.0730976909399033,0.0971699878573418,0.101698234677315,-0.0469673722982407,-8.79975891113281,2.08505773544312,-2.00045609474182,-1.97573280334473,0.417817264795303,-0.733823716640472,-8.41059398651123,-1.70876264572144,1.66120326519012,-0.438767701387405,0.19392916560173,44.373208489,-17.6158038465,-1.1262513185,-0.644091948693364,-0.129585256129944,1.20476863367743
-31.1660766601563,-33.3786010742188,-288.39111328125,-38.299560546875,30.5938720703125,-326.461791992188,1.88821709156036,-9.60018253326416,-0.636207282543182,1.19052791595459,-0.600115954875946,-0.127624288201332,-1.75348103046417,-5.03022384643555,7.68519401550293,0.0736708492040634,0.0956759005784988,0.101386614143848,-0.0364711880683899,-8.80396938323975,2.08025050163269,-1.99881184101105,-1.97776389122009,0.417093575000763,-0.736420571804047,-8.40931987762451,-1.7168025970459,1.66114580631256,-0.443923592567444,0.192646220326424,44.331057512,-17.620128917,-1.121131173,-0.64256951100836,-0.129439087311188,1.20225788544196
-31.280517578125,-33.26416015625,-288.543701171875,-38.2232666015625,30.7464599609375,-326.23291015625,1.88325536251068,-9.59002780914307,-0.620912134647369,1.1894496679306,-0.601739585399628,-0.128269463777542,-1.76867032051086,-5.02634143829346,7.68134117126465,0.074244000017643,0.0941818132996559,0.101074993610382,-0.0259750038385391,-8.80817985534668,2.07544350624084,-1.99716746807098,-1.97979497909546,0.4163698554039,-0.739017486572266,-8.40804576873779,-1.72484254837036,1.661088347435,-0.449079483747482,0.191363289952278,44.288906535,-17.6244539875,-1.1160110275,-0.641047073323357,-0.129292918492433,1.1997471372065
-31.280517578125,-33.3023071289063,-288.543701171875,-38.4140014648438,30.7464599609375,-326.23291015625,1.878293633461,-9.57987403869629,-0.605616927146912,1.18837130069733,-0.603363156318665,-0.128914639353752,-1.78385949134827,-5.02245950698853,7.67748785018921,0.0748171582818031,0.092687726020813,0.100763380527496,-0.0154788196086884,-8.81239032745361,2.070636510849,-1.99552309513092,-1.98182606697083,0.41564616560936,-0.74161434173584,-8.40677165985107,-1.73288238048553,1.66103076934814,-0.454235345125198,0.190080359578133,44.246755558,-17.628779058,-1.110890882,-0.639524635638353,-0.129146749673677,1.19723638897103
-31.280517578125,-33.3404541015625,-288.543701171875,-38.604736328125,30.7464599609375,-326.23291015625,1.87333202362061,-9.56972026824951,-0.590321779251099,1.18729305267334,-0.604986786842346,-0.129559814929962,-1.79904878139496,-5.01857709884644,7.67363500595093,0.0753903090953827,0.0911936387419701,0.10045175999403,-0.00498263537883759,-8.81660079956055,2.06582927703857,-1.99387884140015,-1.98385715484619,0.414922446012497,-0.744211256504059,-8.40549755096436,-1.74092233181,1.66097331047058,-0.459391236305237,0.188797429203987,44.204604581,-17.6331041285,-1.1057707365,-0.63800219795335,-0.129000580854921,1.19472564073556
-31.1279296875,-33.3404541015625,-288.543701171875,-38.4902954101563,30.5938720703125,-326.309204101563,1.86837029457092,-9.55956554412842,-0.575026631355286,1.18621480464935,-0.606610357761383,-0.130204990506172,-1.81423807144165,-5.01469469070435,7.66978216171265,0.0759634599089622,0.0896995514631271,0.100140139460564,0.00551354885101318,-8.82081127166748,2.06102228164673,-1.99223446846008,-1.98588812351227,0.414198756217957,-0.746808171272278,-8.40422344207764,-1.74896228313446,1.66091585159302,-0.464547127485275,0.187514498829842,44.162453604,-17.637429199,-1.100650591,-0.636479760268346,-0.128854412036166,1.1922148925001
-30.975341796875,-33.3404541015625,-288.543701171875,-38.3758544921875,30.4412841796875,-326.385498046875,1.86340856552124,-9.54941177368164,-0.559731423854828,1.18513643741608,-0.608233988285065,-0.130850166082382,-1.82942724227905,-5.01081275939941,7.66592884063721,0.0765366181731224,0.0882054641842842,0.0998285189270973,0.016009733080864,-8.82502174377441,2.05621528625488,-1.99059009552002,-1.98791921138763,0.413475036621094,-0.749405026435852,-8.40294933319092,-1.75700211524963,1.66085827350616,-0.469703018665314,0.186231553554535,44.120302627,-17.6417542695,-1.0955304455,-0.634957322583343,-0.12870824321741,1.18970414426463
-31.0516357421875,-33.111572265625,-288.543701171875,-38.3377075195313,30.3268432617188,-326.156616210938,1.85844695568085,-9.53925800323486,-0.544436275959015,1.18405818939209,-0.609857559204102,-0.131495341658592,-1.84461653232574,-5.00693035125732,7.66207599639893,0.077109768986702,0.0867113769054413,0.099516898393631,0.0265059173107147,-8.82923221588135,2.05140805244446,-1.98894584178925,-1.989950299263,0.412751346826553,-0.752001941204071,-8.4016752243042,-1.7650420665741,1.6608008146286,-0.474858909845352,0.184948623180389,44.07815165,-17.64607934,-1.0904103,-0.633434884898339,-0.128562074398655,1.18719339602916
-31.1279296875,-32.8826904296875,-288.543701171875,-38.299560546875,30.21240234375,-325.927734375,1.85876941680908,-9.52626514434814,-0.519491136074066,1.18174386024475,-0.610459923744202,-0.131923645734787,-1.85174524784088,-5.00118446350098,7.65774726867676,0.0775164514780045,0.0849234759807587,0.098576508462429,0.0431589186191559,-8.82940292358398,2.0485692024231,-1.98651134967804,-1.99354183673859,0.411864578723907,-0.754928469657898,-8.39972400665283,-1.77144122123718,1.6605464220047,-0.479300320148468,0.183816254138947,44.077960945,-17.646048348,-1.090290175,-0.632414472827824,-0.128631644555857,1.18505214229923
-31.1279296875,-32.9971313476563,-288.619995117188,-38.3377075195313,30.3268432617188,-326.004028320313,1.86437618732452,-9.51043319702148,-0.484895944595337,1.17819344997406,-0.610041081905365,-0.132135093212128,-1.85081338882446,-4.99357461929321,7.65294313430786,0.0777566507458687,0.0828417614102364,0.0970073416829109,0.0659687295556068,-8.82553482055664,2.04769849777222,-1.98328673839569,-1.99869394302368,0.410814762115479,-0.758184611797333,-8.39709663391113,-1.77619969844818,1.66009509563446,-0.483027249574661,0.182834431529045,44.07777024,-17.646017356,-1.09017005,-0.631394060757308,-0.12870121471306,1.18291088856929
-31.1279296875,-33.111572265625,-288.6962890625,-38.3758544921875,30.4412841796875,-326.080322265625,1.86998295783997,-9.49460124969482,-0.45030078291893,1.17464303970337,-0.609622180461884,-0.132346540689468,-1.84988152980804,-4.98596477508545,7.64813899993896,0.0779968500137329,0.0807600468397141,0.0954381823539734,0.0887785479426384,-8.8216667175293,2.04682779312134,-1.98006224632263,-2.00384593009949,0.40976494550705,-0.761440753936768,-8.39446926116943,-1.78095805644989,1.65964376926422,-0.486754208803177,0.181852623820305,44.077579535,-17.645986364,-1.090049925,-0.630373648686793,-0.128770784870262,1.18076963483935
-31.0897827148438,-32.958984375,-288.619995117188,-38.4902954101563,30.4031372070313,-325.775146484375,1.87558972835541,-9.47877025604248,-0.415705591440201,1.17109262943268,-0.609203338623047,-0.13255800306797,-1.84894967079163,-4.97835493087769,7.64333438873291,0.0782370492815971,0.0786783322691917,0.0938690155744553,0.111588358879089,-8.81779861450195,2.04595708847046,-1.97683763504028,-2.00899791717529,0.408715099096298,-0.764696896076202,-8.39184188842773,-1.78571653366089,1.65919244289398,-0.49048113822937,0.180870801210403,44.07738883,-17.645955372,-1.0899298,-0.629353236616277,-0.128840355027465,1.17862838110941
-31.0516357421875,-32.806396484375,-288.543701171875,-38.604736328125,30.364990234375,-325.469970703125,1.88119649887085,-9.46293830871582,-0.381110429763794,1.16754221916199,-0.608784437179565,-0.132769450545311,-1.84801781177521,-4.97074508666992,7.63853025436401,0.0784772485494614,0.0765966176986694,0.0922998487949371,0.134398177266121,-8.81393051147461,2.04508638381958,-1.97361302375793,-2.0141499042511,0.407665282487869,-0.767953097820282,-8.38921451568604,-1.7904748916626,1.65874111652374,-0.494208097457886,0.179888993501663,44.077198125,-17.64592438,-1.089809675,-0.628332824545761,-0.128909925184667,1.17648712737947
-31.0516357421875,-32.65380859375,-288.619995117188,-38.5665893554688,30.364990234375,-325.698852539063,1.88680326938629,-9.44710636138916,-0.346515268087387,1.1639918088913,-0.608365595340729,-0.132980898022652,-1.84708595275879,-4.96313524246216,7.63372611999512,0.0787174552679062,0.0745149031281471,0.090730682015419,0.157207995653152,-8.81006240844727,2.0442156791687,-1.97038841247559,-2.01930212974548,0.40661546587944,-0.771209239959717,-8.38658714294434,-1.7952333688736,1.6582897901535,-0.497935056686401,0.178907185792923,44.07700742,-17.645893388,-1.08968955,-0.627312412475246,-0.12897949534187,1.17434587364953
-31.0516357421875,-32.501220703125,-288.6962890625,-38.5284423828125,30.364990234375,-325.927734375,1.89241003990173,-9.43127536773682,-0.311920076608658,1.16044139862061,-0.607946693897247,-0.133192345499992,-1.84615409374237,-4.95552539825439,7.62892150878906,0.0789576545357704,0.0724331885576248,0.0891615152359009,0.180017814040184,-8.80619430541992,2.04334497451782,-1.96716380119324,-2.02445411682129,0.405565649271011,-0.774465382099152,-8.38395977020264,-1.79999172687531,1.65783846378326,-0.501662015914917,0.177925363183022,44.076816715,-17.645862396,-1.089569425,-0.62629200040473,-0.129049065499073,1.17220461991959
-31.1660766601563,-32.501220703125,-288.772583007813,-38.4140014648438,30.2505493164063,-325.393676757813,1.89801681041718,-9.41544342041016,-0.277324914932251,1.15689098834991,-0.607527852058411,-0.133403792977333,-1.84522223472595,-4.94791555404663,7.62411737442017,0.0791978538036346,0.0703514739871025,0.0875923559069633,0.202827617526054,-8.80232524871826,2.04247403144836,-1.96393930912018,-2.02960610389709,0.404515832662582,-0.777721524238586,-8.38133239746094,-1.8047502040863,1.65738701820374,-0.505388915538788,0.176943555474281,44.07662601,-17.645831404,-1.0894493,-0.625271588334214,-0.129118635656275,1.17006336618965
-31.280517578125,-32.501220703125,-288.848876953125,-38.299560546875,30.1361083984375,-324.859619140625,1.90362358093262,-9.3996114730835,-0.242729738354683,1.15334057807922,-0.607108950614929,-0.133615240454674,-1.84429037570953,-4.94030570983887,7.61931324005127,0.0794380530714989,0.0682697594165802,0.0860231891274452,0.225637435913086,-8.79845714569092,2.04160332679749,-1.96071469783783,-2.0347580909729,0.403466016054153,-0.780977725982666,-8.37870502471924,-1.80950856208801,1.6569356918335,-0.509115874767303,0.17596173286438,44.076435305,-17.645800412,-1.089329175,-0.624251176263699,-0.129188205813478,1.16792211245971
-31.0897827148438,-32.4630737304688,-288.467407226563,-38.3377075195313,30.1361083984375,-324.859619140625,1.90923035144806,-9.38378047943115,-0.208134576678276,1.14979016780853,-0.606690108776093,-0.133826687932014,-1.84335851669312,-4.93269634246826,7.61450862884521,0.0796782523393631,0.0661880448460579,0.0844540223479271,0.248447254300117,-8.79458904266357,2.04073262214661,-1.95749008655548,-2.03991007804871,0.402416199445724,-0.784233868122101,-8.37607669830322,-1.81426703929901,1.65648436546326,-0.512842833995819,0.17497992515564,44.0762446,-17.64576942,-1.08920905,-0.623230764193183,-0.12925777597068,1.16578085872977
-30.8990478515625,-32.4249267578125,-288.0859375,-38.3758544921875,30.1361083984375,-324.859619140625,1.9148371219635,-9.36794853210449,-0.173539400100708,1.14623975753784,-0.606271207332611,-0.134038150310516,-1.8424266576767,-4.9250864982605,7.60970449447632,0.0799184516072273,0.0641063302755356,0.082884855568409,0.271257072687149,-8.79072093963623,2.03986191749573,-1.95426547527313,-2.04506206512451,0.401366353034973,-0.787490010261536,-8.37344932556152,-1.81902539730072,1.65603303909302,-0.516569793224335,0.173998102545738,44.076053895,-17.645738428,-1.089088925,-0.622210352122668,-0.129327346127883,1.16363960499984
-31.0516357421875,-32.3104858398438,-288.314819335938,-38.5665893554688,30.1361083984375,-324.478149414063,1.92044389247894,-9.35211658477783,-0.13894422352314,1.14268934726715,-0.605852365493774,-0.134249597787857,-1.84149479866028,-4.91747665405273,7.60490036010742,0.0801586583256721,0.0620246157050133,0.0813156962394714,0.294066876173019,-8.78685283660889,2.03899121284485,-1.95104098320007,-2.0502142906189,0.400316536426544,-0.79074615240097,-8.37082195281982,-1.82378387451172,1.65558171272278,-0.520296692848206,0.173016294836998,44.07586319,-17.645707436,-1.0889688,-0.621189940052152,-0.129396916285085,1.1614983512699
-31.2042236328125,-32.196044921875,-288.543701171875,-38.75732421875,30.1361083984375,-324.0966796875,1.92605066299438,-9.33628559112549,-0.104349054396152,1.13913893699646,-0.605433464050293,-0.134461045265198,-1.84056293964386,-4.90986680984497,7.60009574890137,0.0803988575935364,0.059942901134491,0.0797465294599533,0.316876709461212,-8.78298473358154,2.03812050819397,-1.94781637191772,-2.0553662776947,0.399266719818115,-0.79400235414505,-8.36819458007813,-1.82854223251343,1.65513038635254,-0.524023652076721,0.172034472227097,44.075672485,-17.645676444,-1.088848675,-0.620169527981636,-0.129466486442288,1.15935709753996
-31.280517578125,-32.1197509765625,-289.00146484375,-38.5284423828125,29.9835205078125,-324.172973632813,1.93165743350983,-9.32045364379883,-0.069753885269165,1.13558852672577,-0.605014622211456,-0.134672492742538,-1.83963108062744,-4.90225696563721,7.59529161453247,0.0806390568614006,0.0578611865639687,0.0781773626804352,0.339686512947083,-8.7791166305542,2.03724980354309,-1.94459176063538,-2.06051826477051,0.398216903209686,-0.797258496284485,-8.36556720733643,-1.83330070972443,1.6546790599823,-0.527750611305237,0.171052664518356,44.07548178,-17.645645452,-1.08872855,-0.619149115911121,-0.12953605659949,1.15721584381002
-31.3568115234375,-32.04345703125,-289.459228515625,-38.299560546875,29.8309326171875,-324.249267578125,1.93975162506104,-9.31372833251953,-0.0558336190879345,1.13281106948853,-0.60487824678421,-0.13403844833374,-1.82315647602081,-4.90631675720215,7.60073852539063,0.0808396935462952,0.0563237741589546,0.077016182243824,0.371221542358398,-8.77406978607178,2.03352618217468,-1.94244503974915,-2.06367230415344,0.396869629621506,-0.806366562843323,-8.36867713928223,-1.8331561088562,1.65356123447418,-0.529503226280212,0.17132468521595,44.075291075,-17.64561446,-1.088608425,-0.618128703840605,-0.129605626756693,1.15507459008008
-31.2423706054688,-32.0053100585938,-289.382934570313,-38.4521484375,29.9072265625,-324.172973632813,1.94784593582153,-9.30700206756592,-0.0419133566319942,1.13003373146057,-0.604741930961609,-0.133404403924942,-1.80668187141418,-4.91037702560425,7.60618543624878,0.0810403227806091,0.0547863617539406,0.0758550018072128,0.402756571769714,-8.76902389526367,2.02980256080627,-1.94029819965363,-2.06682634353638,0.395522385835648,-0.815474629402161,-8.37178707122803,-1.83301150798798,1.65244328975677,-0.531255781650543,0.171596705913544,44.07510037,-17.645583468,-1.0884883,-0.617108291770089,-0.129675196913896,1.15293333635014
-31.1279296875,-31.9671630859375,-289.306640625,-38.604736328125,29.9835205078125,-324.0966796875,1.95594012737274,-9.30027675628662,-0.0279930904507637,1.12725627422333,-0.604605555534363,-0.132770359516144,-1.79020726680756,-4.91443681716919,7.61163234710693,0.0812409594655037,0.0532489493489265,0.0746938213706017,0.43429160118103,-8.76397705078125,2.02607893943787,-1.9381514787674,-2.06998038291931,0.394175112247467,-0.824582755565643,-8.37489795684814,-1.83286690711975,1.65132546424866,-0.533008396625519,0.171868726611137,44.074909665,-17.645552476,-1.088368175,-0.616087879699574,-0.129744767071098,1.1507920826202
-31.2042236328125,-31.7001342773438,-289.382934570313,-38.4902954101563,29.9072265625,-323.638916015625,1.96403431892395,-9.29355144500732,-0.0140728242695332,1.12447881698608,-0.604469180107117,-0.132136315107346,-1.77373266220093,-4.91849708557129,7.61707925796509,0.0814415961503983,0.0517115369439125,0.0735326409339905,0.465826600790024,-8.75893020629883,2.02235531806946,-1.93600475788116,-2.07313442230225,0.392827838659286,-0.833690822124481,-8.37800788879395,-1.83272230625153,1.65020763874054,-0.534761011600494,0.172140747308731,44.07471896,-17.645521484,-1.08824805,-0.615067467629058,-0.129814337228301,1.14865082889026
-31.280517578125,-31.43310546875,-289.459228515625,-38.3758544921875,29.8309326171875,-323.18115234375,1.97212862968445,-9.28682518005371,-0.00015255919424817,1.12170135974884,-0.604332864284515,-0.131502270698547,-1.7572580575943,-4.92255687713623,7.62252616882324,0.0816422328352928,0.0501741245388985,0.0723714604973793,0.49736163020134,-8.75388431549072,2.01863193511963,-1.93385791778564,-2.0762882232666,0.391480594873428,-0.842798888683319,-8.38111782073975,-1.83257758617401,1.64908969402313,-0.53651362657547,0.172412753105164,44.074528255,-17.645490492,-1.088127925,-0.614047055558542,-0.129883907385503,1.14650957516032
-31.280517578125,-31.585693359375,-289.688110351563,-38.5665893554688,29.8309326171875,-323.028564453125,1.98022282123566,-9.28009986877441,0.0137677062302828,1.11892402172089,-0.604196488857269,-0.130868226289749,-1.74078345298767,-4.92661714553833,7.6279730796814,0.0818428620696068,0.0486367121338844,0.0712102800607681,0.528896689414978,-8.7488374710083,2.01490831375122,-1.93171119689941,-2.07944226264954,0.390133321285248,-0.851906955242157,-8.38422775268555,-1.83243298530579,1.64797186851501,-0.538266181945801,0.172684773802757,44.07433755,-17.6454595,-1.0880078,-0.613026643488027,-0.129953477542706,1.14436832143038
-31.280517578125,-31.73828125,-289.9169921875,-38.75732421875,29.8309326171875,-322.8759765625,1.98831701278687,-9.2733736038208,0.0276879705488682,1.11614656448364,-0.604060173034668,-0.130234181880951,-1.72430884838104,-4.93067693710327,7.63341999053955,0.0820434987545013,0.0470992960035801,0.070049099624157,0.560431659221649,-8.7437915802002,2.01118469238281,-1.92956435680389,-2.08259630203247,0.388786047697067,-0.86101508140564,-8.38733768463135,-1.83228838443756,1.6468540430069,-0.540018796920776,0.172956794500351,44.073651376,-17.6455157165,-1.0877784155,-0.611937882641708,-0.129970263074575,1.1424384869665
-31.2042236328125,-31.5093994140625,-289.764404296875,-38.5284423828125,29.7927856445313,-322.799682617188,1.99641132354736,-9.2666482925415,0.0416082367300987,1.1133691072464,-0.603923797607422,-0.129600137472153,-1.70783424377441,-4.93473720550537,7.63886690139771,0.0822441354393959,0.0455618835985661,0.0688879191875458,0.591966688632965,-8.73874473571777,2.0074610710144,-1.92741763591766,-2.08575034141541,0.387438803911209,-0.870123147964478,-8.39044761657715,-1.83214378356934,1.64573609828949,-0.541771411895752,0.173228815197945,44.072965202,-17.645571933,-1.087549031,-0.610849121795389,-0.129987048606444,1.14050865250261
-31.1279296875,-31.280517578125,-289.61181640625,-38.299560546875,29.754638671875,-322.723388671875,2.00450563430786,-9.25992298126221,0.0555285029113293,1.11059165000916,-0.603787422180176,-0.128966093063354,-1.69135963916779,-4.93879699707031,7.64431381225586,0.0824447721242905,0.044024471193552,0.0677267387509346,0.623501718044281,-8.73369789123535,2.003737449646,-1.92527091503143,-2.08890438079834,0.386091530323029,-0.879231214523315,-8.39355850219727,-1.83199918270111,1.64461827278137,-0.543523967266083,0.173500835895538,44.072279028,-17.6456281495,-1.0873196465,-0.609760360949069,-0.130003834138313,1.13857881803872
-31.1279296875,-31.3186645507813,-289.840698242188,-38.3377075195313,29.6783447265625,-322.57080078125,2.01259970664978,-9.25319671630859,0.0694487690925598,1.1078143119812,-0.603651106357574,-0.128332048654556,-1.67488503456116,-4.94285678863525,7.64976072311401,0.0826454013586044,0.042487058788538,0.0665655583143234,0.655036747455597,-8.72865200042725,2.00001382827759,-1.92312407493591,-2.09205842018127,0.384744256734848,-0.888339281082153,-8.39666843414307,-1.83185458183289,1.64350044727325,-0.545276582241058,0.173772856593132,44.071592854,-17.645684366,-1.087090262,-0.608671600102751,-0.130020619670182,1.13664898357483
-31.1279296875,-31.3568115234375,-290.069580078125,-38.3758544921875,29.60205078125,-322.418212890625,2.02069401741028,-9.2464714050293,0.0833690315485001,1.10503685474396,-0.603514730930328,-0.127698004245758,-1.65841042995453,-4.94691705703735,7.65520763397217,0.082846038043499,0.0409496463835239,0.0654043778777122,0.686571776866913,-8.72360515594482,1.99629020690918,-1.92097735404968,-2.09521245956421,0.38339701294899,-0.897447347640991,-8.39977836608887,-1.83170998096466,1.64238250255585,-0.547029197216034,0.174044877290726,44.07090668,-17.6457405825,-1.0868608775,-0.607582839256432,-0.130037405202051,1.13471914911094
-31.1660766601563,-31.3186645507813,-290.374755859375,-38.3758544921875,29.5639038085938,-322.036743164063,2.0287880897522,-9.23974609375,0.0972892940044403,1.10225939750671,-0.603378355503082,-0.12706395983696,-1.6419358253479,-4.95097684860229,7.66065454483032,0.0830466747283936,0.0394122339785099,0.0642431974411011,0.718106806278229,-8.7185583114624,1.99256670475006,-1.91883063316345,-2.09836649894714,0.382049739360809,-0.906555473804474,-8.40288829803467,-1.83156538009644,1.64126467704773,-0.548781752586365,0.174316897988319,44.070220506,-17.645796799,-1.086631493,-0.606494078410113,-0.130054190733921,1.13278931464705
-31.2042236328125,-31.280517578125,-290.679931640625,-38.3758544921875,29.5257568359375,-321.6552734375,2.0368824005127,-9.23301982879639,0.111209563910961,1.09948194026947,-0.603242039680481,-0.126429915428162,-1.62546122074127,-4.95503711700439,7.66610145568848,0.0832473114132881,0.0378748215734959,0.0630820170044899,0.749641835689545,-8.7135124206543,1.98884308338165,-1.91668379306793,-2.10152053833008,0.380702465772629,-0.915663540363312,-8.40599822998047,-1.83142077922821,1.64014685153961,-0.55053436756134,0.174588918685913,44.069534332,-17.6458530155,-1.0864021085,-0.605405317563794,-0.13007097626579,1.13085948018316
-31.2423706054688,-31.2042236328125,-290.83251953125,-38.299560546875,29.5257568359375,-321.273803710938,2.04287266731262,-9.2251033782959,0.120169192552567,1.09700214862823,-0.60510116815567,-0.125313937664032,-1.61112880706787,-4.95120096206665,7.67006683349609,0.0835876688361168,0.0363142639398575,0.0619066506624222,0.780943393707275,-8.70919132232666,1.98275768756866,-1.91483461856842,-2.10306191444397,0.378953993320465,-0.922797799110413,-8.40962505340576,-1.83578896522522,1.63923132419586,-0.552080750465393,0.175283834338188,44.068848158,-17.645909232,-1.086172724,-0.604316556717474,-0.130087761797659,1.12892964571927
-31.280517578125,-31.1279296875,-290.985107421875,-38.2232666015625,29.5257568359375,-320.892333984375,2.04675912857056,-9.21599578857422,0.124168179929256,1.09482002258301,-0.60895574092865,-0.12371601164341,-1.5989385843277,-4.93946838378906,7.67255115509033,0.0840677544474602,0.0347305573523045,0.0607170946896076,0.812011420726776,-8.70559597015381,1.97431063652039,-1.91328310966492,-2.1029908657074,0.376804262399673,-0.927958250045776,-8.41376876831055,-1.84466993808746,1.63851809501648,-0.553420841693878,0.176401674747467,44.068161984,-17.6459654485,-1.0859433395,-0.603227795871155,-0.130104547329528,1.12699981125538
-31.0897827148438,-31.0897827148438,-291.213989257813,-38.1851196289063,29.4876098632813,-320.892333984375,2.05064535140991,-9.20688724517822,0.128167167305946,1.09263777732849,-0.61281031370163,-0.122118093073368,-1.58674824237823,-4.92773628234863,7.67503547668457,0.0845478400588036,0.0331468507647514,0.0595275387167931,0.843079447746277,-8.70199966430664,1.96586346626282,-1.91173148155212,-2.10291981697083,0.374654531478882,-0.93311870098114,-8.41791248321533,-1.85355091094971,1.6378048658371,-0.554760932922363,0.177519500255585,44.06747581,-17.646021665,-1.085713955,-0.602139035024836,-0.130121332861397,1.12506997679149
-30.8990478515625,-31.0516357421875,-291.44287109375,-38.14697265625,29.449462890625,-320.892333984375,2.05453181266785,-9.19777965545654,0.132166162133217,1.09045553207397,-0.616664886474609,-0.120520174503326,-1.57455790042877,-4.9160041809082,7.67751979827881,0.0850279331207275,0.0315631441771984,0.0583379827439785,0.874147474765778,-8.69840431213379,1.95741641521454,-1.91017997264862,-2.10284876823425,0.37250480055809,-0.938279211521149,-8.42205619812012,-1.86243188381195,1.637091755867,-0.556101083755493,0.178637340664864,44.066789636,-17.6460778815,-1.0854845705,-0.601050274178517,-0.130138118393266,1.1231401423276
-31.0134887695313,-30.8990478515625,-291.44287109375,-38.1851196289063,29.3731689453125,-320.587158203125,2.0584180355072,-9.18867206573486,0.136165142059326,1.08827340602875,-0.620519459247589,-0.118922255933285,-1.5623676776886,-4.90427160263062,7.68000411987305,0.0855080187320709,0.0299794394522905,0.0571484267711639,0.905215501785278,-8.69480895996094,1.94896924495697,-1.90862846374512,-2.10277771949768,0.370355069637299,-0.943439662456512,-8.4261999130249,-1.87131297588348,1.63637852668762,-0.557441174983978,0.179755166172981,44.066103462,-17.646134098,-1.085255186,-0.599961513332198,-0.130154903925135,1.12121030786371
-31.1279296875,-30.7464599609375,-291.44287109375,-38.2232666015625,29.296875,-320.281982421875,2.06230449676514,-9.17956447601318,0.140164136886597,1.08609116077423,-0.624374032020569,-0.117324337363243,-1.55017733573914,-4.89253950119019,7.68248844146729,0.0859881043434143,0.0283957347273827,0.0559588707983494,0.936283528804779,-8.69121265411377,1.9405220746994,-1.90707683563232,-2.10270667076111,0.368205338716507,-0.948600113391876,-8.43034362792969,-1.88019394874573,1.63566529750824,-0.558781266212463,0.18087300658226,44.065417288,-17.6461903145,-1.0850258015,-0.598872752485879,-0.130171689457005,1.11928047339982
-31.1660766601563,-30.7083129882813,-291.748046875,-38.2232666015625,29.3731689453125,-320.053100585938,2.06619071960449,-9.1704568862915,0.144163131713867,1.08390891551971,-0.628228604793549,-0.115726418793201,-1.53798699378967,-4.88080739974976,7.68497276306152,0.0864681899547577,0.0268120281398296,0.0547693148255348,0.96735155582428,-8.68761730194092,1.93207502365112,-1.90552532672882,-2.10263562202454,0.366055607795715,-0.95376056432724,-8.43448734283447,-1.88907492160797,1.63495218753815,-0.560121417045593,0.181990832090378,44.064731114,-17.646246531,-1.084796417,-0.59778399163956,-0.130188474988874,1.11735063893593
-31.2042236328125,-30.670166015625,-292.05322265625,-38.2232666015625,29.449462890625,-319.82421875,2.07007718086243,-9.16134834289551,0.148162111639977,1.08172678947449,-0.632083177566528,-0.11412850022316,-1.5257967710495,-4.86907482147217,7.6874566078186,0.0869482755661011,0.0252283234149218,0.0535797588527203,0.998419582843781,-8.68402194976807,1.92362785339355,-1.90397369861603,-2.10256433486938,0.363905876874924,-0.958921015262604,-8.43863105773926,-1.89795589447021,1.63423895835876,-0.561461508274078,0.183108672499657,44.06404494,-17.6463027475,-1.0845670325,-0.596695230793241,-0.130205260520743,1.11542080447204
-31.1279296875,-30.5938720703125,-292.205810546875,-38.3377075195313,29.5257568359375,-319.137573242188,2.07396340370178,-9.15224075317383,0.152161106467247,1.07954454421997,-0.635937750339508,-0.112530581653118,-1.51360642910004,-4.85734272003174,7.68994092941284,0.0874283611774445,0.0236446168273687,0.0523902028799057,1.02948760986328,-8.6804256439209,1.91518080234528,-1.90242218971252,-2.10249328613281,0.361756145954132,-0.964081466197968,-8.44277477264404,-1.90683698654175,1.63352572917938,-0.562801599502563,0.184226498007774,44.063358766,-17.646358964,-1.084337648,-0.595606469946922,-0.130222046052612,1.11349097000815
-31.0516357421875,-30.517578125,-292.3583984375,-38.4521484375,29.60205078125,-318.450927734375,2.07784986495972,-9.14313316345215,0.156160086393356,1.07736241817474,-0.639792323112488,-0.110932663083076,-1.50141620635986,-4.84561014175415,7.69242525100708,0.0879084467887878,0.0220609121024609,0.0512006469070911,1.06055569648743,-8.67683029174805,1.90673363208771,-1.90087068080902,-2.10242223739624,0.35960641503334,-0.969241917133331,-8.44691753387451,-1.91571795940399,1.63281261920929,-0.564141750335693,0.185344338417053,44.062672592,-17.6464151805,-1.0841082635,-0.594517709100603,-0.130238831584481,1.11156113554427
-31.0897827148438,-30.517578125,-292.434692382813,-38.2232666015625,29.7927856445313,-318.222045898438,2.08173608779907,-9.13402557373047,0.160159081220627,1.07518017292023,-0.643646895885468,-0.109334744513035,-1.4892258644104,-4.83387804031372,7.69490957260132,0.0883885398507118,0.0204772055149078,0.0500110909342766,1.09162366390228,-8.6732349395752,1.89828658103943,-1.89931905269623,-2.10235118865967,0.357456684112549,-0.97440242767334,-8.4510612487793,-1.92459893226624,1.63209939002991,-0.565481841564178,0.186462163925171,44.061986418,-17.646471397,-1.083878879,-0.593428948254284,-0.13025561711635,1.10963130108038
-31.1279296875,-30.517578125,-292.510986328125,-37.994384765625,29.9835205078125,-317.9931640625,2.08562254905701,-9.12491703033447,0.164158076047897,1.07299792766571,-0.647501468658447,-0.107736825942993,-1.47703552246094,-4.82214593887329,7.69739389419556,0.0888686254620552,0.01889350079,0.048821534961462,1.12269175052643,-8.66963958740234,1.88983941078186,-1.89776754379272,-2.1022801399231,0.355306953191757,-0.979562878608704,-8.45520496368408,-1.93347990512848,1.63138616085052,-0.566821932792664,0.18758000433445,44.061300244,-17.6465276135,-1.0836494945,-0.592340187407965,-0.130272402648219,1.10770146661649
-30.975341796875,-30.4031372070313,-292.587280273438,-37.994384765625,29.8690795898438,-317.916870117188,2.08950877189636,-9.11580944061279,0.168157055974007,1.07081580162048,-0.651356041431427,-0.106138907372952,-1.46484529972076,-4.8104133605957,7.69987821578979,0.0893487110733986,0.0173097942024469,0.0476319789886475,1.15375971794128,-8.66604328155518,1.88139235973358,-1.89621591567993,-2.10220909118652,0.353157222270966,-0.984723329544067,-8.45934867858887,-1.94236099720001,1.63067305088043,-0.568162083625793,0.188697829842567,44.06061407,-17.64658383,-1.08342011,-0.591251426561646,-0.130289188180088,1.1057716321526
-30.82275390625,-30.2886962890625,-292.66357421875,-37.994384765625,29.754638671875,-317.840576171875,2.0933952331543,-9.10670185089111,0.172156050801277,1.06863355636597,-0.655210614204407,-0.10454098880291,-1.4526549577713,-4.79868125915527,7.70236253738403,0.089828796684742,0.0157260894775391,0.0464424230158329,1.18482780456543,-8.66244792938232,1.87294518947601,-1.89466440677643,-2.10213804244995,0.351007491350174,-0.989883780479431,-8.46349239349365,-1.95124197006226,1.62995982170105,-0.569502174854279,0.189815670251846,43.923867699,-17.6346181085,-1.067898158,-0.59038926181558,-0.130364718675233,1.10372031153765
-30.8609008789063,-30.3268432617188,-292.96875,-37.9562377929688,29.7164916992188,-317.230224609375,2.09486269950867,-9.10373306274414,0.196447059512138,1.06553077697754,-0.657741010189056,-0.102057985961437,-1.45203983783722,-4.78924751281738,7.70197582244873,0.0900152251124382,0.0144360261037946,0.0450593270361423,1.21231746673584,-8.65569400787354,1.85788822174072,-1.89529812335968,-2.10201954841614,0.348642557859421,-0.980004251003265,-8.45835208892822,-1.94321823120117,1.63032150268555,-0.568223655223846,0.191320568323135,43.787121328,-17.622652387,-1.052376206,-0.589527097069515,-0.130440249170378,1.1016689909227
-30.8990478515625,-30.364990234375,-293.27392578125,-37.9180908203125,29.6783447265625,-316.619873046875,2.09633016586304,-9.10076427459717,0.220738083124161,1.06242787837982,-0.660271465778351,-0.099574975669384,-1.45142471790314,-4.77981376647949,7.70158910751343,0.0902016460895538,0.0131459636613727,0.0436762273311615,1.23980712890625,-8.64893913269043,1.84283125400543,-1.89593172073364,-2.1019012928009,0.346277624368668,-0.9701247215271,-8.45321083068848,-1.93519449234009,1.63068318367004,-0.566945135593414,0.192825466394424,43.650374957,-17.6106866655,-1.036854254,-0.588664932323449,-0.130515779665523,1.09961767030774
-31.0516357421875,-30.2886962890625,-293.426513671875,-37.841796875,29.6401977539063,-316.162109375,2.09779787063599,-9.09779644012451,0.245029091835022,1.05932509899139,-0.662801861763,-0.0970919728279114,-1.45080959796906,-4.7703800201416,7.70120286941528,0.0903880745172501,0.0118559002876282,0.0422931313514709,1.26729691028595,-8.64218521118164,1.82777428627014,-1.89656543731689,-2.10178279876709,0.343912690877914,-0.960245192050934,-8.44807052612305,-1.927170753479,1.63104486465454,-0.565666615962982,0.194330364465714,43.513628586,-17.598720944,-1.021332302,-0.587802767577384,-0.130591310160667,1.09756634969279
-31.2042236328125,-30.21240234375,-293.5791015625,-37.7655029296875,29.60205078125,-315.704345703125,2.09926533699036,-9.09482765197754,0.269320100545883,1.05622231960297,-0.66533225774765,-0.0946089625358582,-1.45019435882568,-4.76094627380371,7.70081615447998,0.0905744954943657,0.0105658369138837,0.0409100316464901,1.29478657245636,-8.63543033599854,1.81271731853485,-1.89719903469086,-2.10166430473328,0.341547757387161,-0.950365662574768,-8.44293022155762,-1.91914689540863,1.63140642642975,-0.56438809633255,0.195835247635841,43.376882215,-17.5867552225,-1.00581035,-0.586940602831319,-0.130666840655812,1.09551502907784
-31.2423706054688,-30.0979614257813,-293.426513671875,-37.689208984375,29.6783447265625,-315.5517578125,2.10073280334473,-9.09185886383057,0.293611139059067,1.05311942100525,-0.667862713336945,-0.0921259596943855,-1.4495792388916,-4.75151252746582,7.70042943954468,0.0907609239220619,0.00927577447146177,0.0395269356667995,1.32227623462677,-8.62867641448975,1.79766035079956,-1.89783275127411,-2.10154604911804,0.339182823896408,-0.940486133098602,-8.43778896331787,-1.91112315654755,1.63176810741425,-0.563109576702118,0.19734014570713,43.240135844,-17.574789501,-0.990288398000001,-0.586078438085253,-0.130742371150957,1.09346370846289
-31.280517578125,-29.9835205078125,-293.27392578125,-37.6129150390625,29.754638671875,-315.399169921875,2.1022002696991,-9.08889007568359,0.317902147769928,1.05001664161682,-0.670393109321594,-0.0896429568529129,-1.44896411895752,-4.74207878112793,7.70004272460938,0.0909473448991776,0.00798571109771729,0.0381438359618187,1.34976589679718,-8.62192153930664,1.78260338306427,-1.89846634864807,-2.10142755508423,0.336817890405655,-0.930606603622437,-8.43264865875244,-1.90309941768646,1.63212978839874,-0.561831057071686,0.198845043778419,43.103389473,-17.5628237795,-0.974766446000002,-0.585216273339188,-0.130817901646102,1.09141238784794
-31.3568115234375,-30.1361083984375,-293.731689453125,-37.6129150390625,29.6401977539063,-314.865112304688,2.10366773605347,-9.08592128753662,0.342193156480789,1.0469137430191,-0.672923505306244,-0.0871599465608597,-1.44834899902344,-4.73264455795288,7.69965600967407,0.0911337733268738,0.00669564818963408,0.0367607399821281,1.37725567817688,-8.61516761779785,1.76754641532898,-1.89910006523132,-2.10130906105042,0.334452927112579,-0.920727074146271,-8.4275074005127,-1.89507567882538,1.63249146938324,-0.560552477836609,0.200349941849709,42.966643102,-17.550858058,-0.959244493999998,-0.584354108593122,-0.130893432141246,1.08936106723299
-31.43310546875,-30.2886962890625,-294.189453125,-37.6129150390625,29.5257568359375,-314.3310546875,2.10513520240784,-9.08295249938965,0.36648416519165,1.04381096363068,-0.675453960895538,-0.0846769437193871,-1.44773387908936,-4.72321081161499,7.69926929473877,0.0913201943039894,0.0054055848158896,0.0353776402771473,1.40474534034729,-8.60841274261475,1.75248944759369,-1.89973366260529,-2.10119080543518,0.332087993621826,-0.910847544670105,-8.42236709594727,-1.88705193996429,1.63285315036774,-0.559273958206177,0.201854839920998,42.829896731,-17.5388923365,-0.943722541999999,-0.583491943847057,-0.130968962636391,1.08730974661804
-31.3949584960938,-30.1742553710938,-294.265747070313,-37.53662109375,29.60205078125,-314.178466796875,2.10660290718079,-9.07998466491699,0.390775203704834,1.04070818424225,-0.677984356880188,-0.0821939334273338,-1.44711875915527,-4.7137770652771,7.69888305664063,0.0915066227316856,0.0041155219078064,0.0339945442974567,1.4322350025177,-8.60165882110596,1.7374324798584,-1.90036737918854,-2.10107231140137,0.329723060131073,-0.900968015193939,-8.41722679138184,-1.87902820110321,1.63321483135223,-0.557995438575745,0.203359737992287,42.69315036,-17.526926615,-0.92820059,-0.582629779100991,-0.131044493131536,1.08525842600309
-31.3568115234375,-30.059814453125,-294.342041015625,-37.4603271484375,29.6783447265625,-314.02587890625,2.10807037353516,-9.07701587677002,0.415066212415695,1.03760528564453,-0.680514752864838,-0.0797109305858612,-1.44650363922119,-4.70434331893921,7.69849634170532,0.0916930511593819,0.00282545876689255,0.0326114483177662,1.45972466468811,-8.59490489959717,1.72237551212311,-1.90100109577179,-2.10095381736755,0.32735812664032,-0.891088485717773,-8.41208553314209,-1.87100446224213,1.63357651233673,-0.556716918945313,0.204864636063576,42.556403989,-17.5149608935,-0.912678638000001,-0.581767614354926,-0.131120023626681,1.08320710538814
-31.3186645507813,-29.9835205078125,-294.876098632813,-37.5747680664063,29.5257568359375,-313.949584960938,2.10953783988953,-9.07404708862305,0.439357221126556,1.0345025062561,-0.683045208454132,-0.0772279277443886,-1.44588840007782,-4.69490957260132,7.69810962677002,0.0918794721364975,0.00153539574239403,0.0312283486127853,1.48721432685852,-8.58815002441406,1.70731854438782,-1.90163469314575,-2.10083556175232,0.324993193149567,-0.881208956241608,-8.40694522857666,-1.86298060417175,1.63393807411194,-0.55543839931488,0.206369519233704,42.419657618,-17.502995172,-0.897156686000002,-0.580905449608861,-0.131195554121825,1.08115578477319
-31.280517578125,-29.9072265625,-295.41015625,-37.689208984375,29.3731689453125,-313.873291015625,2.1110053062439,-9.07107830047607,0.463648229837418,1.03139972686768,-0.685575604438782,-0.0747449174523354,-1.44527328014374,-4.68547582626343,7.69772291183472,0.0920659005641937,0.000245332717895508,0.0298452507704496,1.51470410823822,-8.58139610290527,1.69226157665253,-1.902268409729,-2.10071706771851,0.322628259658813,-0.871329426765442,-8.40180492401123,-1.85495686531067,1.63429975509644,-0.554159879684448,0.207874417304993,42.282911247,-17.4910294505,-0.881634733999998,-0.580043284862795,-0.13127108461697,1.07910446415824
-31.3568115234375,-29.7927856445313,-295.562744140625,-37.689208984375,29.3731689453125,-313.262939453125,2.11247277259827,-9.0681095123291,0.487939238548279,1.02829682826996,-0.688106000423431,-0.0722619146108627,-1.44465816020966,-4.67604207992554,7.69733619689941,0.0922523215413094,-0.00104473030660301,0.0284621529281139,1.54219377040863,-8.57464122772217,1.67720460891724,-1.90290200710297,-2.10059857368469,0.32026332616806,-0.861449897289276,-8.39666366577148,-1.84693312644958,1.63466143608093,-0.552881360054016,0.209379315376282,42.146164876,-17.479063729,-0.866112781999999,-0.57918112011673,-0.131346615112115,1.07705314354328
-31.43310546875,-29.6783447265625,-295.71533203125,-37.689208984375,29.3731689453125,-312.652587890625,2.11771154403687,-9.0709285736084,0.50423926115036,1.02590310573578,-0.690521359443665,-0.0698021054267883,-1.44938766956329,-4.67106628417969,7.69815826416016,0.0919891223311424,-0.00255501852370799,0.027000242844224,1.5655403137207,-8.57188415527344,1.6575049161911,-1.90388000011444,-2.10082244873047,0.317867964506149,-0.848771691322327,-8.39142513275146,-1.83531987667084,1.63518798351288,-0.552100300788879,0.210128396749496,42.009418505,-17.4670980075,-0.85059083,-0.578318955370664,-0.131422145607259,1.07500182292833
-31.43310546875,-29.7164916992188,-296.0205078125,-37.6510620117188,29.449462890625,-312.576293945313,2.12672162055969,-9.07953548431396,0.512548327445984,1.02421855926514,-0.692821621894836,-0.0673654899001122,-1.45946180820465,-4.67054843902588,7.70018911361694,0.0912762954831123,-0.00428553158417344,0.0254595186561346,1.58474385738373,-8.57312297821045,1.63316261768341,-1.90520215034485,-2.10138845443726,0.31544217467308,-0.833294868469238,-8.38608741760254,-1.82011699676514,1.63587951660156,-0.551816761493683,0.210121676325798,41.872672134,-17.455132286,-0.835068878000001,-0.577456790624599,-0.131497676102404,1.07295050231338
-31.43310546875,-29.754638671875,-296.32568359375,-37.6129150390625,29.5257568359375,-312.5,2.13573169708252,-9.08814239501953,0.520857393741608,1.02253401279449,-0.695121884346008,-0.064928874373436,-1.46953594684601,-4.67003107070923,7.70221948623657,0.0905634611845016,-0.00601604487746954,0.0239187944680452,1.60394740104675,-8.57436180114746,1.60882019996643,-1.90652430057526,-2.10195446014404,0.313016414642334,-0.817818105220795,-8.38075065612793,-1.80491423606873,1.63657104969025,-0.551533222198486,0.210114941000938,41.735925763,-17.4431665645,-0.819546926000002,-0.576594625878533,-0.131573206597549,1.07089918169843
-31.585693359375,-29.5639038085938,-296.554565429688,-37.5747680664063,29.5639038085938,-311.965942382813,2.14474177360535,-9.0967493057251,0.529166460037231,1.02084946632385,-0.697422087192535,-0.0624922551214695,-1.47961008548737,-4.66951322555542,7.70425033569336,0.0898506343364716,-0.00774655817076564,0.0223780702799559,1.62315094470978,-8.57560062408447,1.58447790145874,-1.90784645080566,-2.10252046585083,0.310590624809265,-0.802341282367706,-8.375412940979,-1.78971147537231,1.63726258277893,-0.551249623298645,0.21010822057724,41.599179392,-17.431200843,-0.804024973999998,-0.575732461132468,-0.131648737092694,1.06884786108348
-31.73828125,-29.3731689453125,-296.783447265625,-37.53662109375,29.60205078125,-311.431884765625,2.15375185012817,-9.10535526275635,0.537475526332855,1.01916491985321,-0.699722349643707,-0.0600556395947933,-1.48968422412872,-4.66899538040161,7.70628070831299,0.0891378074884415,-0.00947707146406174,0.0208373460918665,1.6423544883728,-8.57683944702148,1.56013560295105,-1.90916860103607,-2.10308647155762,0.308164834976196,-0.786864459514618,-8.37007617950439,-1.77450859546661,1.63795411586761,-0.550966084003448,0.21010148525238,41.462433021,-17.4192351215,-0.788503021999999,-0.574870296386402,-0.131724267587838,1.06679654046853
-31.6238403320313,-29.2205810546875,-296.859741210938,-37.4221801757813,29.5257568359375,-311.203002929688,2.162761926651,-9.11396217346191,0.545784592628479,1.01748037338257,-0.702022612094879,-0.0576190240681171,-1.49975836277008,-4.6684775352478,7.70831155776978,0.0884249731898308,-0.0112075842916965,0.0192966219037771,1.66155803203583,-8.5780782699585,1.53579330444336,-1.91049075126648,-2.1036524772644,0.305739045143127,-0.771387696266174,-8.36473941802979,-1.7593058347702,1.6386456489563,-0.550682544708252,0.210094749927521,41.32568665,-17.4072694,-0.77298107,-0.574008131640337,-0.131799798082983,1.06474521985358
-31.5093994140625,-29.0679931640625,-296.93603515625,-37.3077392578125,29.449462890625,-310.97412109375,2.17177200317383,-9.12256908416748,0.554093658924103,1.01579582691193,-0.704322874546051,-0.055182408541441,-1.50983250141144,-4.66795969009399,7.7103419303894,0.0877121463418007,-0.0129380980506539,0.0177558977156878,1.68076157569885,-8.57931709289551,1.51145100593567,-1.91181290149689,-2.10421848297119,0.303313255310059,-0.755910873413086,-8.35940170288086,-1.74410307407379,1.63933718204498,-0.550398945808411,0.210088029503822,41.325386698,-17.407116225,-0.772844623,-0.572870619140001,-0.131831782522529,1.06244061642935
-31.5475463867188,-28.99169921875,-297.2412109375,-37.3458862304688,29.449462890625,-310.821533203125,2.18078207969666,-9.13117599487305,0.562402725219727,1.01411128044128,-0.706623136997223,-0.0527457967400551,-1.5199066400528,-4.66744232177734,7.71237277984619,0.0869993194937706,-0.0146686108782887,0.0162151735275984,1.69996511936188,-8.58055591583252,1.48710858821869,-1.91313505172729,-2.1047842502594,0.300887495279312,-0.740434050559998,-8.35406494140625,-1.72890019416809,1.64002871513367,-0.550115406513214,0.210081294178963,41.325086746,-17.40696305,-0.772708176,-0.571733106639665,-0.131863766962075,1.06013601300513
-31.585693359375,-28.9154052734375,-297.54638671875,-37.384033203125,29.449462890625,-310.6689453125,2.18979215621948,-9.1397819519043,0.57071179151535,1.01242673397064,-0.708923399448395,-0.0503091812133789,-1.52998077869415,-4.66692447662354,7.71440315246582,0.0862864851951599,-0.0163991246372461,0.014674449339509,1.7191686630249,-8.58179473876953,1.462766289711,-1.9144572019577,-2.10535025596619,0.298461705446243,-0.724957287311554,-8.34872722625732,-1.71369743347168,1.64072024822235,-0.549831867218018,0.210074573755264,41.324786794,-17.406809875,-0.772571729,-0.570595594139329,-0.131895751401621,1.0578314095809
-31.73828125,-28.9154052734375,-297.317504882813,-37.3077392578125,29.4876098632813,-310.287475585938,2.19880223274231,-9.14838886260986,0.579020798206329,1.01074206829071,-0.711223661899567,-0.0478725656867027,-1.54005491733551,-4.66640663146973,7.71643400192261,0.0855736583471298,-0.0181296374648809,0.0131337251514196,1.73837208747864,-8.58303451538086,1.43842399120331,-1.9157794713974,-2.10591626167297,0.296035915613174,-0.709480464458466,-8.34339046478271,-1.69849455356598,1.64141178131104,-0.549548268318176,0.210067838430405,41.324486842,-17.4066567,-0.772435282,-0.569458081638993,-0.131927735841167,1.05552680615668
-31.890869140625,-28.9154052734375,-297.088623046875,-37.2314453125,29.5257568359375,-309.906005859375,2.20781230926514,-9.15699577331543,0.587329864501953,1.00905752182007,-0.713523864746094,-0.0454359501600266,-1.55012905597687,-4.66588878631592,7.71846437454224,0.0848608314990997,-0.0198601502925158,0.0115930009633303,1.75757563114166,-8.58427333831787,1.41408169269562,-1.91710162162781,-2.10648226737976,0.293610125780106,-0.694003641605377,-8.33805274963379,-1.68329179286957,1.64210331439972,-0.54926472902298,0.210061118006706,41.32418689,-17.406503525,-0.772298835,-0.568320569138657,-0.131959720280712,1.05322220273245
-31.8527221679688,-28.8772583007813,-297.54638671875,-37.4221801757813,29.4876098632813,-309.982299804688,2.21682238578796,-9.165602684021,0.595638930797577,1.00737297534943,-0.715824127197266,-0.0429993346333504,-1.56020319461823,-4.66537141799927,7.72049522399902,0.0841480046510696,-0.0215906649827957,0.0100522767752409,1.77677917480469,-8.58551216125488,1.38973927497864,-1.91842377185822,-2.10704827308655,0.291184365749359,-0.678526818752289,-8.33271598815918,-1.66808903217316,1.6427948474884,-0.548981189727783,0.210054382681847,41.323886938,-17.40635035,-0.772162388,-0.567183056638321,-0.131991704720258,1.05091759930822
-31.8145751953125,-28.839111328125,-298.004150390625,-37.6129150390625,29.449462890625,-310.05859375,2.22583246231079,-9.17420864105225,0.603947997093201,1.00568842887878,-0.718124389648438,-0.0405627191066742,-1.57027733325958,-4.66485357284546,7.72252559661865,0.083435170352459,-0.0233211778104305,0.00851155258715153,1.79598271846771,-8.58675098419189,1.36539697647095,-1.91974592208862,-2.10761427879333,0.28875857591629,-0.663050055503845,-8.32737827301025,-1.65288615226746,1.64348638057709,-0.548697590827942,0.210047662258148,41.323586986,-17.406197175,-0.772025941,-0.566045544137985,-0.132023689159804,1.048612995884
-31.8527221679688,-28.6865234375,-298.233032226563,-37.5747680664063,29.4113159179688,-309.600830078125,2.23484253883362,-9.18281555175781,0.612257063388824,1.00400388240814,-0.720424652099609,-0.038126103579998,-1.58035147190094,-4.66433572769165,7.72455644607544,0.0827223435044289,-0.0250516906380653,0.00697082839906216,1.81518626213074,-8.58798980712891,1.34105467796326,-1.92106807231903,-2.10818028450012,0.286332786083221,-0.647573232650757,-8.32204151153564,-1.63768339157104,1.64417791366577,-0.548414051532745,0.210040926933289,41.323287034,-17.406044,-0.771889494,-0.564908031637648,-0.13205567359935,1.04630839245977
-31.890869140625,-28.533935546875,-298.4619140625,-37.53662109375,29.3731689453125,-309.14306640625,2.23276662826538,-9.19635772705078,0.613756597042084,1.00294315814972,-0.722624897956848,-0.0361264981329441,-1.58235383033752,-4.66301441192627,7.73040819168091,0.081898145377636,-0.0269436873495579,0.00588135235011578,1.83577418327332,-8.60367393493652,1.31664395332336,-1.91997230052948,-2.10608839988708,0.284437030553818,-0.63215959072113,-8.31386852264404,-1.6322146654129,1.64543545246124,-0.548589646816254,0.209080740809441,41.322987082,-17.405890825,-0.771753047,-0.563770519137312,-0.132087658038896,1.04400378903555
-31.890869140625,-28.5720825195313,-298.76708984375,-37.384033203125,29.1824340820313,-309.066772460938,2.23069071769714,-9.20990085601807,0.615256071090698,1.0018824338913,-0.724825143814087,-0.0341268964111805,-1.58435618877411,-4.66169309616089,7.73625993728638,0.0810739398002625,-0.0288356840610504,0.0047918763011694,1.85636210441589,-8.61935806274414,1.29223322868347,-1.91887652873993,-2.10399675369263,0.282541304826736,-0.616745889186859,-8.30569458007813,-1.62674605846405,1.646693110466,-0.548765242099762,0.208120554685593,41.32268713,-17.40573765,-0.7716166,-0.562633006636976,-0.132119642478442,1.04169918561132
-31.890869140625,-28.6102294921875,-299.072265625,-37.2314453125,28.99169921875,-308.990478515625,2.22861504554749,-9.22344303131104,0.616755604743958,1.00082182884216,-0.727025389671326,-0.0321272909641266,-1.5863584280014,-4.66037178039551,7.74211168289185,0.0802497416734695,-0.0307276789098978,0.00370240025222301,1.87695002555847,-8.63504219055176,1.26782250404358,-1.91778075695038,-2.10190486907959,0.280645549297333,-0.601332247257233,-8.29752159118652,-1.62127733230591,1.64795064926147,-0.54894083738327,0.207160368561745,41.322387178,-17.405584475,-0.771480153,-0.561495494136641,-0.132151626917988,1.0393945821871
-31.9671630859375,-28.4194946289063,-298.995971679688,-37.53662109375,28.9154052734375,-308.685302734375,2.22653913497925,-9.23698616027832,0.618255138397217,0.999761044979095,-0.72922557592392,-0.0301276855170727,-1.58836078643799,-4.65905046463013,7.74796342849731,0.079425536096096,-0.0326196774840355,0.00261292420327663,1.89753782749176,-8.65072631835938,1.24341177940369,-1.91668498516083,-2.09981298446655,0.278749823570251,-0.585918605327606,-8.28934860229492,-1.61580872535706,1.64920830726624,-0.549116432666779,0.206200182437897,41.322087226,-17.4054313,-0.771343706,-0.560357981636305,-0.132183611357533,1.03708997876287
-32.04345703125,-28.228759765625,-298.919677734375,-37.841796875,28.839111328125,-308.380126953125,2.22446322441101,-9.25052833557129,0.619754612445831,0.998700380325317,-0.731425821781158,-0.0281280819326639,-1.59036314487457,-4.6577296257019,7.75381517410278,0.0786013379693031,-0.0345116704702377,0.00152344815433025,1.91812574863434,-8.66641044616699,1.21900105476379,-1.91558921337128,-2.09772109985352,0.276854068040848,-0.570504903793335,-8.28117561340332,-1.61033999919891,1.65046584606171,-0.549292027950287,0.205239996314049,41.321787274,-17.405278125,-0.771207259,-0.559220469135968,-0.132215595797079,1.03478537533864
-31.9290161132813,-28.2669067382813,-299.148559570313,-37.6129150390625,28.6483764648438,-307.846069335938,2.22238731384277,-9.26407146453857,0.621254146099091,0.997639656066895,-0.733626067638397,-0.0261284783482552,-1.59236550331116,-4.65640830993652,7.75966691970825,0.0777771323919296,-0.0364036671817303,0.000433972105383873,1.93871366977692,-8.68209457397461,1.1945903301239,-1.91449344158173,-2.09562945365906,0.274958342313766,-0.555091261863708,-8.2730016708374,-1.60487127304077,1.65172350406647,-0.549467623233795,0.204279810190201,41.321487322,-17.40512495,-0.771070812,-0.558082956635632,-0.132247580236625,1.03248077191442
-31.8145751953125,-28.3050537109375,-299.37744140625,-37.384033203125,28.4576416015625,-307.31201171875,2.22031140327454,-9.27761363983154,0.622753620147705,0.996578991413116,-0.735826313495636,-0.0241288729012012,-1.59436786174774,-4.65508699417114,7.76551818847656,0.0769529342651367,-0.0382956638932228,-0.000655503943562508,1.95930159091949,-8.69777774810791,1.17017948627472,-1.91339766979218,-2.09353756904602,0.273062586784363,-0.539677560329437,-8.2648286819458,-1.59940266609192,1.65298104286194,-0.549643278121948,0.203319624066353,41.32118737,-17.404971775,-0.770934365,-0.556945444135296,-0.132279564676171,1.03017616849019
-31.9290161132813,-28.0380249023438,-299.911499023438,-37.4221801757813,28.4576416015625,-307.235717773438,2.2182354927063,-9.29115676879883,0.624253153800964,0.995518267154694,-0.738026559352875,-0.0221292693167925,-1.59637022018433,-4.65376567840576,7.77136993408203,0.0761287286877632,-0.0401876606047153,-0.00174497999250889,1.97988951206207,-8.71346187591553,1.14576876163483,-1.91230189800262,-2.09144568443298,0.271166861057281,-0.524263918399811,-8.2566556930542,-1.59393393993378,1.6542387008667,-0.549818873405457,0.202359437942505,41.320887418,-17.4048186,-0.770797918,-0.55580793163496,-0.132311549115717,1.02787156506597
-32.04345703125,-27.77099609375,-300.445556640625,-37.4603271484375,28.4576416015625,-307.159423828125,2.21615982055664,-9.3046989440918,0.625752687454224,0.994457542896271,-0.740226805210114,-0.0201296638697386,-1.59837245941162,-4.65244436264038,7.7772216796875,0.0753045305609703,-0.0420796573162079,-0.00283445604145527,2.00047731399536,-8.72914600372314,1.12135803699493,-1.91120612621307,-2.08935403823853,0.269271105527878,-0.508850276470184,-8.24848175048828,-1.58846533298492,1.65549623966217,-0.549994468688965,0.201399251818657,41.320587466,-17.404665425,-0.770661471,-0.554670419134624,-0.132343533555263,1.02556696164174
-32.0816040039063,-27.7328491210938,-300.59814453125,-37.4984741210938,28.3050537109375,-307.159423828125,2.2140839099884,-9.31824111938477,0.627252161502838,0.993396878242493,-0.742427051067352,-0.0181300602853298,-1.60037481784821,-4.651123046875,7.78307342529297,0.0744803324341774,-0.0439716540277004,-0.00392393209040165,2.02106523513794,-8.74483013153076,1.09694731235504,-1.91011035442352,-2.08726215362549,0.267375379800797,-0.493436604738235,-8.24030876159668,-1.58299660682678,1.65675389766693,-0.550170063972473,0.200439065694809,41.320287514,-17.40451225,-0.770525024,-0.553532906634288,-0.132375517994809,1.02326235821751
-32.1197509765625,-27.6947021484375,-300.750732421875,-37.53662109375,28.1524658203125,-307.159423828125,2.21200799942017,-9.33178424835205,0.628751695156097,0.99233615398407,-0.744627237319946,-0.0161304567009211,-1.60237717628479,-4.64980173110962,7.78892517089844,0.0736561268568039,-0.045863650739193,-0.00501340813934803,2.04165315628052,-8.76051425933838,1.07253658771515,-1.90901458263397,-2.08517026901245,0.265479624271393,-0.478022933006287,-8.23213577270508,-1.57752788066864,1.6580114364624,-0.550345659255981,0.199478879570961,41.319987562,-17.404359075,-0.770388577,-0.552395394133952,-0.132407502434355,1.02095775479329
-32.1578979492188,-27.6565551757813,-300.979614257813,-37.384033203125,28.228759765625,-306.930541992188,2.20993208885193,-9.34532642364502,0.630251228809357,0.991275429725647,-0.746827483177185,-0.0141308512538671,-1.60437953472137,-4.64848041534424,7.79477691650391,0.072831928730011,-0.0477556474506855,-0.00610288418829441,2.0622410774231,-8.776198387146,1.04812586307526,-1.90791881084442,-2.08307862281799,0.263583898544312,-0.462609261274338,-8.22396183013916,-1.57205927371979,1.65926909446716,-0.55052125453949,0.198518693447113,41.31968761,-17.4042059,-0.77025213,-0.551257881633616,-0.1324394868739,1.01865315136906
-32.196044921875,-27.618408203125,-301.20849609375,-37.2314453125,28.3050537109375,-306.70166015625,2.20785617828369,-9.3588695526123,0.631750702857971,0.990214765071869,-0.749027729034424,-0.0121312467381358,-1.60638189315796,-4.64715909957886,7.80062866210938,0.0720077231526375,-0.049647644162178,-0.00719236023724079,2.08282899856567,-8.79188251495361,1.02371513843536,-1.90682303905487,-2.08098673820496,0.261688143014908,-0.447195589542389,-8.21578884124756,-1.56659054756165,1.66052663326263,-0.550696849822998,0.197558507323265,41.0251315175,-17.0525262715,-0.781400841999999,-0.549512313428378,-0.132242519004394,1.01619334917904
-32.2723388671875,-27.5421142578125,-301.361083984375,-37.078857421875,28.3050537109375,-306.777954101563,2.20531058311462,-9.37355613708496,0.636634886264801,0.988958895206451,-0.750004589557648,-0.0103377271443605,-1.60671401023865,-4.64666748046875,7.80199193954468,0.0712928175926208,-0.0512655638158321,-0.00833187252283096,2.10503697395325,-8.81217861175537,1.00209367275238,-1.90448558330536,-2.07738637924194,0.259934037923813,-0.433780938386917,-8.20462512969971,-1.56275177001953,1.66204762458801,-0.550071835517883,0.196161210536957,40.730575425,-16.700846643,-0.792549553999999,-0.547766745223139,-0.132045551134887,1.01373354698902
-32.3486328125,-27.4658203125,-301.513671875,-36.92626953125,28.3050537109375,-306.854248046875,2.20229482650757,-9.38938808441162,0.644903659820557,0.987507820129395,-0.749758005142212,-0.00875029060989618,-1.60537588596344,-4.64700555801392,7.79886722564697,0.0706872120499611,-0.0526094138622284,-0.00952142104506493,2.12886500358582,-8.83708572387695,0.983261466026306,-1.90090656280518,-2.07227730751038,0.258321583271027,-0.422365307807922,-8.19047164916992,-1.56054294109344,1.66383194923401,-0.548646152019501,0.194326832890511,40.4360193325,-16.3491670145,-0.803698266000001,-0.546021177017901,-0.13184858326538,1.01127374479899
-32.4249267578125,-27.3895263671875,-301.589965820313,-36.92626953125,28.3050537109375,-306.549072265625,2.19927906990051,-9.40522003173828,0.653172433376312,0.986056745052338,-0.749511420726776,-0.00716285454109311,-1.60403788089752,-4.64734315872192,7.79574203491211,0.0700815990567207,-0.0539532601833344,-0.0107109695672989,2.15269327163696,-8.86199283599854,0.964429318904877,-1.8973274230957,-2.06716823577881,0.256709098815918,-0.410949647426605,-8.17631721496582,-1.55833411216736,1.66561627388,-0.547220528125763,0.192492440342903,40.14146324,-15.997487386,-0.814846978000001,-0.544275608812662,-0.131651615395874,1.00881394260897
-32.501220703125,-27.313232421875,-301.666259765625,-36.92626953125,28.3050537109375,-306.243896484375,2.19626331329346,-9.42105102539063,0.661441266536713,0.984605669975281,-0.74926483631134,-0.00557541800662875,-1.60269975662231,-4.64768123626709,7.7926173210144,0.069475993514061,-0.0552971102297306,-0.0119005171582103,2.17652130126953,-8.88689994812012,0.945597112178802,-1.89374828338623,-2.06205916404724,0.255096644163132,-0.39953401684761,-8.16216373443604,-1.55612528324127,1.667400598526,-0.54579484462738,0.190658062696457,39.8469071475,-15.6458077575,-0.82599569,-0.542530040607424,-0.131454647526367,1.00635414041895
-32.5775146484375,-27.2750854492188,-302.047729492188,-37.1551513671875,28.1524658203125,-305.7861328125,2.1932475566864,-9.43688297271729,0.669710040092468,0.983154594898224,-0.749018251895905,-0.00398798193782568,-1.6013617515564,-4.6480188369751,7.78949213027954,0.0688703805208206,-0.0566409565508366,-0.0130900656804442,2.2003493309021,-8.9118070602417,0.926764905452728,-1.89016926288605,-2.05695033073425,0.253484189510345,-0.388118356466293,-8.14800930023193,-1.55391645431519,1.669184923172,-0.544369161128998,0.188823685050011,39.552351055,-15.294128129,-0.837144401999999,-0.540784472402185,-0.131257679656861,1.00389433822892
-32.65380859375,-27.2369384765625,-302.42919921875,-37.384033203125,27.9998779296875,-305.328369140625,2.19023203849792,-9.45271492004395,0.677978813648224,0.981703519821167,-0.748771727085114,-0.00240054563619196,-1.60002362728119,-4.64835691452026,7.78636741638184,0.0682647749781609,-0.0579848065972328,-0.0142796142026782,2.22417736053467,-8.93671417236328,0.907932698726654,-1.88659012317657,-2.05184125900269,0.251871705055237,-0.376702725887299,-8.13385581970215,-1.5517076253891,1.67096924781799,-0.54294353723526,0.186989292502403,39.2577949625,-14.9424485005,-0.848293113999999,-0.539038904196947,-0.131060711787354,1.0014345360389
-32.7682495117188,-27.0843505859375,-302.42919921875,-37.2695922851563,28.1143188476563,-305.633544921875,2.18721628189087,-9.46854591369629,0.686247646808624,0.98025244474411,-0.748525142669678,-0.000813109509181231,-1.59868562221527,-4.64869451522827,7.78324222564697,0.0676591619849205,-0.0593286529183388,-0.0154691627249122,2.24800539016724,-8.96162128448486,0.88910049200058,-1.8830109834671,-2.04673218727112,0.250259250402451,-0.365287065505981,-8.11970138549805,-1.54949879646301,1.67275357246399,-0.541517853736877,0.185154914855957,38.96323887,-14.590768872,-0.859441826000001,-0.537293335991708,-0.130863743917847,0.998974733848879
-32.8826904296875,-26.9317626953125,-302.42919921875,-37.1551513671875,28.228759765625,-305.938720703125,2.18420052528381,-9.48437786102295,0.69451642036438,0.978801369667053,-0.748278558254242,0.000774326734244823,-1.59734749794006,-4.64903259277344,7.78011751174927,0.0670535564422607,-0.060672502964735,-0.0166587103158236,2.27183365821838,-8.98652839660645,0.87026834487915,-1.87943196296692,-2.04162311553955,0.248646780848503,-0.353871434926987,-8.10554790496826,-1.54728996753693,1.6745377779007,-0.54009222984314,0.18332052230835,38.6686827775,-14.2390892435,-0.870590538000001,-0.53554776778647,-0.130666776048341,0.996514931658856
-32.806396484375,-26.8173217773438,-302.658081054688,-37.0407104492188,28.1143188476563,-305.557250976563,2.18118476867676,-9.50020980834961,0.702785193920135,0.977350294589996,-0.748031973838806,0.00236176303587854,-1.59600949287415,-4.64937019348145,7.7769923210144,0.0664479434490204,-0.062016349285841,-0.0178482588380575,2.29566168785095,-9.01143550872803,0.851436138153076,-1.87585282325745,-2.03651428222656,0.247034311294556,-0.34245577454567,-8.09139347076416,-1.54508113861084,1.67632210254669,-0.538666546344757,0.181486144661903,38.374126685,-13.887409615,-0.88173925,-0.533802199581231,-0.130469808178834,0.994055129468833
-32.7301025390625,-26.702880859375,-302.886962890625,-36.92626953125,27.9998779296875,-305.17578125,2.1781690120697,-9.51604080200195,0.711054027080536,0.975899279117584,-0.74778538942337,0.00394919933751225,-1.59467136859894,-4.64970827102661,7.7738676071167,0.0658423379063606,-0.0633601993322372,-0.0190378073602915,2.31948971748352,-9.03634357452393,0.832603931427002,-1.87227380275726,-2.031405210495,0.245421841740608,-0.331040143966675,-8.07723999023438,-1.54287230968475,1.67810642719269,-0.537240862846375,0.179651767015457,38.0795705925,-13.5357299865,-0.892887961999999,-0.532056631375993,-0.130272840309327,0.99159532727881
-32.806396484375,-26.6647338867188,-302.810668945313,-36.9644165039063,27.9617309570313,-305.023193359375,2.17515325546265,-9.53187274932861,0.719322800636292,0.974448204040527,-0.747538805007935,0.00553663540631533,-1.59333336353302,-4.65004587173462,7.77074241638184,0.0652367249131203,-0.0647040456533432,-0.0202273558825254,2.34331774711609,-9.06125068664551,0.813771724700928,-1.86869466304779,-2.02629613876343,0.243809372186661,-0.319624483585358,-8.06308555603027,-1.54066348075867,1.67989075183868,-0.535815238952637,0.17781737446785,37.7850145,-13.184050358,-0.904036673999999,-0.530311063170754,-0.130075872439821,0.989135525088787
-32.8826904296875,-26.6265869140625,-302.734375,-37.0025634765625,27.923583984375,-304.87060546875,2.17213773727417,-9.54770469665527,0.727591574192047,0.97299712896347,-0.747292280197144,0.0071240714751184,-1.59199523925781,-4.65038394927979,7.76761770248413,0.0646311193704605,-0.0660478919744492,-0.0214169044047594,2.36714601516724,-9.08615779876709,0.794939577579498,-1.86511552333832,-2.02118706703186,0.242196917533875,-0.308208853006363,-8.04893207550049,-1.53845465183258,1.68167507648468,-0.534389555454254,0.175982996821404,37.4904584075,-12.8323707295,-0.915185386000001,-0.528565494965516,-0.129878904570314,0.986675722898763
-32.8445434570313,-26.397705078125,-302.886962890625,-36.8881225585938,27.923583984375,-304.718017578125,2.16912198066711,-9.56353569030762,0.735860407352448,0.971546053886414,-0.747045695781708,0.00871150754392147,-1.59065723419189,-4.65072154998779,7.76449251174927,0.0640255063772202,-0.0673917457461357,-0.0226064529269934,2.3909740447998,-9.11106491088867,0.776107370853424,-1.86153650283813,-2.01607823371887,0.240584447979927,-0.296793192625046,-8.03477764129639,-1.53624582290649,1.68345940113068,-0.532963931560516,0.174148604273796,37.195902315,-12.480691101,-0.926334098000001,-0.526819926760277,-0.129681936700807,0.98421592070874
-32.806396484375,-26.1688232421875,-303.03955078125,-36.773681640625,27.923583984375,-304.5654296875,2.16610622406006,-9.57936763763428,0.744129180908203,0.970094978809357,-0.746799111366272,0.0102989440783858,-1.58931910991669,-4.65105962753296,7.76136779785156,0.0634199008345604,-0.0687355920672417,-0.0237960014492273,2.41480207443237,-9.13597202301025,0.75727516412735,-1.85795736312866,-2.0109691619873,0.23897197842598,-0.285377562046051,-8.0206241607666,-1.53403699398041,1.68524372577667,-0.531538248062134,0.17231422662735,36.9013462225,-12.1290114725,-0.93748281,-0.525074358555039,-0.129484968831301,0.981756118518717
-33.0352783203125,-26.0162353515625,-303.421020507813,-36.8118286132813,27.8472900390625,-304.489135742188,2.17110204696655,-9.58992958068848,0.733865320682526,0.969127297401428,-0.746096730232239,0.011674945242703,-1.59201037883759,-4.67486572265625,7.76027011871338,0.0631725639104843,-0.0705270320177078,-0.0250573027879,2.44475603103638,-9.15956020355225,0.744005084037781,-1.85580682754517,-2.00643229484558,0.23818701505661,-0.285503417253494,-8.00748348236084,-1.51327681541443,1.68476068973541,-0.531290531158447,0.169960126280785,36.60679013,-11.777331844,-0.948631521999999,-0.5233287903498,-0.129288000961794,0.979296316328695
-33.26416015625,-25.8636474609375,-303.802490234375,-36.8499755859375,27.77099609375,-304.412841796875,2.17609786987305,-9.60049152374268,0.723601460456848,0.968159675598145,-0.745394349098206,0.0130509473383427,-1.59470152854919,-4.69867181777954,7.75917196273804,0.0629252269864082,-0.0723184645175934,-0.0263186041265726,2.47470998764038,-9.18314838409424,0.730735003948212,-1.85365629196167,-2.00189566612244,0.237402036786079,-0.285629242658615,-7.99434280395508,-1.49251663684845,1.68427765369415,-0.531042754650116,0.167606025934219,36.3122340375,-11.4256522155,-0.959780233999999,-0.521583222144562,-0.129091033092287,0.976836514138672
-33.3023071289063,-25.9017944335938,-303.878784179688,-36.7355346679688,27.8091430664063,-304.412841796875,2.18109369277954,-9.61105346679688,0.713337600231171,0.967191994190216,-0.744691967964172,0.0144269485026598,-1.59739279747009,-4.72247791290283,7.75807428359985,0.0626778975129128,-0.0741099044680595,-0.0275799036026001,2.50466418266296,-9.20673656463623,0.717464923858643,-1.85150575637817,-1.99735891819,0.23661707341671,-0.285755097866058,-7.98120260238647,-1.47175633907318,1.68379461765289,-0.530795037746429,0.165251940488815,36.017677945,-11.073972587,-0.970928946000001,-0.519837653939323,-0.128894065222781,0.974376711948648
-33.3404541015625,-25.93994140625,-303.955078125,-36.62109375,27.8472900390625,-304.412841796875,2.18608951568604,-9.62161540985107,0.703073740005493,0.966224312782288,-0.743989527225494,0.0158029496669769,-1.6000839471817,-4.74628400802612,7.75697660446167,0.0624305605888367,-0.0759013444185257,-0.0288412049412727,2.53461813926697,-9.23032474517822,0.704194843769073,-1.84935522079468,-1.99282217025757,0.23583211004734,-0.285880923271179,-7.96806192398071,-1.4509961605072,1.68331158161163,-0.530547320842743,0.16289784014225,35.7231218525,-10.7222929585,-0.982077658000001,-0.518092085734085,-0.128697097353274,0.971916909758625
-33.416748046875,-25.7110595703125,-304.107666015625,-36.468505859375,27.923583984375,-303.802490234375,2.19108533859253,-9.63217735290527,0.692809879779816,0.965256690979004,-0.743287146091461,0.0171789508312941,-1.6027752161026,-4.77009057998657,7.75587892532349,0.0621832236647606,-0.0776927769184113,-0.0301025062799454,2.56457209587097,-9.25391292572021,0.690924763679504,-1.84720468521118,-1.98828530311584,0.23504713177681,-0.286006778478622,-7.95492124557495,-1.43023598194122,1.68282854557037,-0.530299544334412,0.160543739795685,35.42856576,-10.37061333,-0.99322637,-0.516346517528846,-0.128500129483767,0.969457107568602
-33.4930419921875,-25.482177734375,-304.26025390625,-36.31591796875,27.9998779296875,-303.192138671875,2.19608116149902,-9.64273929595947,0.682546019554138,0.964289009571075,-0.742584764957428,0.0185549519956112,-1.60546636581421,-4.79389667510986,7.75478076934814,0.0619358904659748,-0.0794842168688774,-0.031363807618618,2.59452605247498,-9.27750110626221,0.677654683589935,-1.84505414962769,-1.98374855518341,0.23426216840744,-0.286132633686066,-7.94178056716919,-1.40947580337524,1.68234550952911,-0.530051827430725,0.15818963944912,35.428387442,-10.370652348,-0.993091372,-0.514005488170232,-0.127969558859109,0.966835242688722
-33.3404541015625,-25.2532958984375,-304.641723632813,-36.5066528320313,27.9998779296875,-303.3447265625,2.2010772228241,-9.65330123901367,0.672282159328461,0.963321328163147,-0.741882383823395,0.0199309550225735,-1.60815763473511,-4.81770277023315,7.75368309020996,0.0616885535418987,-0.0812756568193436,-0.0326251089572906,2.62448024749756,-9.30109024047852,0.664384603500366,-1.84290361404419,-1.97921180725098,0.233477190136909,-0.286258459091187,-7.92864036560059,-1.38871562480927,1.68186259269714,-0.529804050922394,0.155835539102554,35.428209124,-10.370691366,-0.992956374,-0.511664458811617,-0.127438988234451,0.964213377808842
-33.1878662109375,-25.0244140625,-305.023193359375,-36.6973876953125,27.9998779296875,-303.497314453125,2.20607304573059,-9.66386318206787,0.662018299102783,0.962353706359863,-0.741180002689362,0.0213069561868906,-1.61084878444672,-4.84150886535645,7.75258541107178,0.0614412203431129,-0.0830670893192291,-0.0338864102959633,2.65443420410156,-9.32467842102051,0.651114523410797,-1.84075307846069,-1.97467505931854,0.23269222676754,-0.28638431429863,-7.91549968719482,-1.36795544624329,1.68137955665588,-0.529556334018707,0.153481438755989,35.428030806,-10.370730384,-0.992821376,-0.509323429453002,-0.126908417609792,0.961591512928961
-33.416748046875,-24.7955322265625,-305.099487304688,-36.7355346679688,28.0380249023438,-303.03955078125,2.21106886863708,-9.67442512512207,0.651754438877106,0.961386024951935,-0.740477621555328,0.0226829573512077,-1.61354005336761,-4.86531496047974,7.75148725509644,0.0611938834190369,-0.0848585292696953,-0.0351477116346359,2.68438816070557,-9.3482666015625,0.637844443321228,-1.8386025428772,-1.97013831138611,0.23190726339817,-0.286510139703751,-7.90235900878906,-1.34719514846802,1.68089652061462,-0.529308617115021,0.151127353310585,35.427852488,-10.370769402,-0.992686378,-0.506982400094387,-0.126377846985134,0.958969648049081
-33.6456298828125,-24.566650390625,-305.17578125,-36.773681640625,28.076171875,-302.581787109375,2.21606469154358,-9.68498706817627,0.641490578651428,0.960418343544006,-0.739775240421295,0.0240589585155249,-1.61623132228851,-4.88912105560303,7.75038957595825,0.0609465464949608,-0.0866499692201614,-0.0364090092480183,2.71434211730957,-9.37185478210449,0.624574363231659,-1.8364520072937,-1.96560156345367,0.23112228512764,-0.286635994911194,-7.8892183303833,-1.32643496990204,1.68041348457336,-0.529060840606689,0.14877325296402,35.42767417,-10.37080842,-0.99255138,-0.504641370735772,-0.125847276360476,0.956347783169201
-33.7982177734375,-24.4522094726563,-305.252075195313,-36.31591796875,27.9998779296875,-302.42919921875,2.22106051445007,-9.69554901123047,0.631226718425751,0.959450721740723,-0.739072799682617,0.025434959679842,-1.61892247200012,-4.91292715072632,7.74929189682007,0.060699213296175,-0.088441401720047,-0.0376703105866909,2.74429607391357,-9.39544296264648,0.61130428314209,-1.83430147171021,-1.96106481552124,0.23033732175827,-0.286761850118637,-7.87607765197754,-1.30567479133606,1.6799304485321,-0.528813123703003,0.146419152617455,35.427495852,-10.370847438,-0.992416382,-0.502300341377158,-0.125316705735817,0.953725918289321
-33.9508056640625,-24.3377685546875,-305.328369140625,-35.858154296875,27.923583984375,-302.276611328125,2.22605633735657,-9.70611095428467,0.620962858200073,0.958483040332794,-0.738370418548584,0.0268109608441591,-1.62161374092102,-4.93673324584961,7.74819374084473,0.0604518763720989,-0.0902328416705132,-0.0389316119253635,2.77425026893616,-9.41903114318848,0.598034203052521,-1.83215093612671,-1.95652806758881,0.229552358388901,-0.286887675523758,-7.86293745040894,-1.28491461277008,1.67944741249084,-0.528565406799316,0.144065052270889,35.427317534,-10.370886456,-0.992281384,-0.499959312018543,-0.124786135111159,0.951104053409441
-34.027099609375,-23.9944458007813,-305.557250976563,-36.163330078125,27.9617309570313,-302.047729492188,2.23105216026306,-9.71667289733887,0.610698997974396,0.957515358924866,-0.737668037414551,0.0281869620084763,-1.62430489063263,-4.9605393409729,7.74709606170654,0.0602045431733131,-0.0920242816209793,-0.0401929132640362,2.80420422554016,-9.44261932373047,0.584764122962952,-1.83000040054321,-1.95199131965637,0.22876738011837,-0.287013530731201,-7.84979677200317,-1.2641544342041,1.67896437644958,-0.528317630290985,0.141710951924324,35.427139216,-10.370925474,-0.992146386,-0.497618282659928,-0.1242555644865,0.94848218852956
-34.1033935546875,-23.651123046875,-305.7861328125,-36.468505859375,27.9998779296875,-301.81884765625,2.23517894744873,-9.71803092956543,0.589600563049316,0.956211149692535,-0.738310754299164,0.0294232238084078,-1.62814927101135,-4.98125553131104,7.7467246055603,0.060215175151825,-0.0936313420534134,-0.0412106215953827,2.83236193656921,-9.4601469039917,0.562920749187469,-1.82740604877472,-1.94474136829376,0.22809898853302,-0.289083510637283,-7.84469127655029,-1.23791098594666,1.67864918708801,-0.528981864452362,0.139646977186203,35.426960898,-10.370964492,-0.992011388,-0.495277253301313,-0.123724993861842,0.94586032364968
-34.1796875,-23.6892700195313,-305.633544921875,-36.31591796875,27.9617309570313,-301.589965820313,2.23843693733215,-9.71018505096436,0.557667434215546,0.954570293426514,-0.740298628807068,0.0305197462439537,-1.6331467628479,-4.9988808631897,7.74707937240601,0.060483779758215,-0.0950540229678154,-0.0419847369194031,2.85872316360474,-9.47161293029785,0.532503962516785,-1.82436800003052,-1.93477845191956,0.227547183632851,-0.293097674846649,-7.84762048721313,-1.20618426799774,1.67850196361542,-0.530558049678802,0.137873098254204,35.42678258,-10.37100351,-0.99187639,-0.492936223942699,-0.123194423237184,0.9432384587698
-34.2559814453125,-23.7274169921875,-305.48095703125,-36.163330078125,27.923583984375,-301.361083984375,2.241694688797,-9.70233821868896,0.525734305381775,0.952929496765137,-0.742286443710327,0.0316162705421448,-1.63814437389374,-5.01650667190552,7.74743413925171,0.0607523843646049,-0.096476711332798,-0.0427588485181332,2.88508462905884,-9.483078956604,0.5020871758461,-1.82132995128632,-1.92481553554535,0.226995378732681,-0.297111839056015,-7.85055017471313,-1.17445755004883,1.67835474014282,-0.532134175300598,0.136099234223366,35.426604262,-10.371042528,-0.991741392,-0.490595194584084,-0.122663852612525,0.940616593889919
-34.2941284179688,-23.4603881835938,-305.862426757813,-36.163330078125,27.8091430664063,-301.666259765625,2.24495267868042,-9.69449234008789,0.493801176548004,0.95128870010376,-0.744274318218231,0.0327127911150455,-1.64314186573029,-5.03413200378418,7.74778842926025,0.0610209889709949,-0.0978993922472,-0.0435329638421535,2.91144585609436,-9.49454593658447,0.471670389175415,-1.81829190254211,-1.91485249996185,0.226443573832512,-0.301126003265381,-7.85347938537598,-1.14273083209991,1.67820751667023,-0.533710360527039,0.134325355291367,35.426425944,-10.371081546,-0.991606394,-0.488254165225469,-0.122133281987867,0.937994729010039
-34.332275390625,-23.193359375,-306.243896484375,-36.163330078125,27.6947021484375,-301.971435546875,2.24821043014526,-9.68664646148682,0.461868047714233,0.949647843837738,-0.74626213312149,0.0338093154132366,-1.64813935756683,-5.05175733566284,7.74814319610596,0.0612895935773849,-0.0993220806121826,-0.0443070791661739,2.93780732154846,-9.50601196289063,0.44125360250473,-1.81525385379791,-1.90488958358765,0.225891768932343,-0.305140167474747,-7.85640907287598,-1.11100423336029,1.67806029319763,-0.535286545753479,0.132551476359367,35.426247626,-10.371120564,-0.991471396,-0.485913135866854,-0.121602711363209,0.935372864130158
-34.2178344726563,-23.193359375,-306.70166015625,-36.0488891601563,27.6947021484375,-301.742553710938,2.25146818161011,-9.67879962921143,0.429934948682785,0.948007047176361,-0.74824994802475,0.0349058359861374,-1.65313696861267,-5.06938314437866,7.74849796295166,0.0615581981837749,-0.100744768977165,-0.045081190764904,2.96416854858398,-9.51747798919678,0.410836815834045,-1.81221568584442,-1.89492666721344,0.225339964032173,-0.309154331684113,-7.85933828353882,-1.07927751541138,1.67791306972504,-0.536862730979919,0.130777612328529,35.426069308,-10.371159582,-0.991336398,-0.483572106508239,-0.12107214073855,0.932750999250278
-34.1033935546875,-23.193359375,-307.159423828125,-35.9344482421875,27.6947021484375,-301.513671875,2.25472617149353,-9.67095375061035,0.398001819849014,0.946366250514984,-0.750237822532654,0.0360023602843285,-1.65813446044922,-5.08700847625732,7.74885272979736,0.0618268027901649,-0.102167449891567,-0.0458553060889244,2.99053001403809,-9.52894496917725,0.380420029163361,-1.80917763710022,-1.88496363162994,0.224788159132004,-0.313168495893478,-7.86226797103882,-1.04755079746246,1.67776584625244,-0.53843891620636,0.12900373339653,35.42589099,-10.3711986,-0.9912014,-0.481231077149625,-0.120541570113892,0.930129134370398
-34.3704223632813,-22.9263305664063,-306.930541992188,-35.9344482421875,27.6947021484375,-301.513671875,2.25798392295837,-9.66310691833496,0.366068691015244,0.944725394248962,-0.752225637435913,0.0370988808572292,-1.66313195228577,-5.10463428497314,7.74920749664307,0.0620954073965549,-0.10359013825655,-0.0466294214129448,3.01689124107361,-9.5404109954834,0.350003242492676,-1.80613958835602,-1.87500071525574,0.224236354231834,-0.317182660102844,-7.86519718170166,-1.01582407951355,1.67761862277985,-0.540015041828156,0.127229869365692,35.425712672,-10.371237618,-0.991066402,-0.47889004779101,-0.120010999489234,0.927507269490518
-34.637451171875,-22.6593017578125,-306.70166015625,-35.9344482421875,27.6947021484375,-301.513671875,2.2612419128418,-9.65526103973389,0.334135591983795,0.943084597587585,-0.754213511943817,0.0381954051554203,-1.6681295633316,-5.12225961685181,7.74956226348877,0.0623640120029449,-0.105012819170952,-0.0474035330116749,3.04325270652771,-9.55187702178955,0.319586455821991,-1.80310153961182,-1.86503779888153,0.223684549331665,-0.32119682431221,-7.86812686920166,-0.984097421169281,1.67747139930725,-0.541591227054596,0.125455990433693,35.425534354,-10.371276636,-0.990931404,-0.476549018432395,-0.119480428864575,0.924885404610638
-34.9044799804688,-22.5067138671875,-306.854248046875,-36.0488891601563,27.6947021484375,-301.742553710938,2.26449966430664,-9.64741516113281,0.302202463150024,0.941443741321564,-0.756201326847076,0.0392919257283211,-1.67312705516815,-5.13988494873047,7.74991703033447,0.0626326128840446,-0.106435507535934,-0.0481776483356953,3.06961393356323,-9.56334400177002,0.289169669151306,-1.80006349086761,-1.85507476329803,0.223132729530334,-0.325210958719254,-7.8710560798645,-0.952370762825012,1.67732417583466,-0.543167412281036,0.123682118952274,35.425356036,-10.371315654,-0.990796406,-0.47420798907378,-0.118949858239917,0.922263539730757
-35.1715087890625,-22.3541259765625,-307.0068359375,-36.163330078125,27.6947021484375,-301.971435546875,2.26775765419006,-9.63956832885742,0.270269334316254,0.939802944660187,-0.75818920135498,0.0403884500265121,-1.6781245470047,-5.15751075744629,7.75027132034302,0.0629012212157249,-0.107858188450336,-0.0489517636597157,3.09597539901733,-9.57481002807617,0.258752912282944,-1.79702544212341,-1.84511184692383,0.222580924630165,-0.329225122928619,-7.8739857673645,-0.920644044876099,1.67717695236206,-0.544743597507477,0.121908247470856,35.425177718,-10.371354672,-0.990661408,-0.471866959715165,-0.118419287615258,0.919641674850877
-34.942626953125,-22.3541259765625,-307.235717773438,-36.2396240234375,27.4276733398438,-301.81884765625,2.27101540565491,-9.63172245025635,0.238336220383644,0.93816214799881,-0.76017701625824,0.0414849705994129,-1.68312203884125,-5.17513608932495,7.75062608718872,0.0631698220968246,-0.109280876815319,-0.049725878983736,3.12233662605286,-9.58627605438232,0.228336110711098,-1.79398727416992,-1.83514893054962,0.222029119729996,-0.333239287137985,-7.87691497802734,-0.88891738653183,1.67702972888947,-0.546319723129272,0.120134368538857,35.4249994,-10.37139369,-0.99052641,-0.469525930356551,-0.1178887169906,0.917019809970997
-34.7137451171875,-22.3541259765625,-307.464599609375,-36.31591796875,27.16064453125,-301.666259765625,2.27427339553833,-9.62387561798096,0.206403091549873,0.936521291732788,-0.762164890766144,0.042581494897604,-1.68811964988708,-5.19276189804077,7.75098085403442,0.0634384304285049,-0.110703557729721,-0.0504999905824661,3.14869809150696,-9.59774303436279,0.197919338941574,-1.79094922542572,-1.82518589496613,0.221477314829826,-0.337253451347351,-7.87984466552734,-0.857190668582916,1.67688250541687,-0.547895908355713,0.118360497057438,35.3524337965,-10.3771123175,-0.9805386995,-0.468249227779421,-0.117850011171149,0.91399360188894
-34.942626953125,-22.2396850585938,-307.6171875,-36.3540649414063,27.2369384765625,-301.81884765625,2.27753114700317,-9.61602973937988,0.174469977617264,0.934880495071411,-0.764152705669403,0.0436780154705048,-1.69311714172363,-5.21038722991943,7.75133562088013,0.0637070313096046,-0.112126246094704,-0.0512741059064865,3.17505931854248,-9.60920906066895,0.167502552270889,-1.78791117668152,-1.81522297859192,0.220925509929657,-0.341267615556717,-7.88277387619019,-0.825464010238647,1.67673528194427,-0.549472093582153,0.116586625576019,35.279868193,-10.382830945,-0.970550989000001,-0.46697252520229,-0.117811305351697,0.910967393806883
-35.1715087890625,-22.125244140625,-307.769775390625,-36.3922119140625,27.313232421875,-301.971435546875,2.27308344841003,-9.60298633575439,0.165061369538307,0.930552780628204,-0.764476001262665,0.0447028242051601,-1.69377970695496,-5.19161558151245,7.74566268920898,0.0639794021844864,-0.113326653838158,-0.0521483346819878,3.19029831886292,-9.61736679077148,0.127568453550339,-1.78669571876526,-1.79959785938263,0.221287101507187,-0.34826385974884,-7.89049625396729,-0.806096136569977,1.67719745635986,-0.550224959850311,0.115618944168091,35.2073025895,-10.3885495725,-0.960563278499999,-0.46569582262516,-0.117772599532245,0.907941185724825
-35.247802734375,-22.0108032226563,-307.769775390625,-36.3922119140625,27.16064453125,-301.81884765625,2.26863598823547,-9.58994388580322,0.155652761459351,0.926225006580353,-0.764799356460571,0.0457276292145252,-1.69444239139557,-5.17284393310547,7.73998928070068,0.0642517656087875,-0.114527054131031,-0.053022563457489,3.20553731918335,-9.62552452087402,0.0876343473792076,-1.785480260849,-1.78397262096405,0.221648707985878,-0.355260103940964,-7.89821910858154,-0.786728262901306,1.67765951156616,-0.550977885723114,0.114651262760162,35.134736986,-10.3942682,-0.950575567999999,-0.46441912004803,-0.117733893712794,0.904914977642768
-35.3240966796875,-21.8963623046875,-307.769775390625,-36.3922119140625,27.008056640625,-301.666259765625,2.26418828964233,-9.57690048217773,0.146244153380394,0.921897292137146,-0.765122652053833,0.0467524379491806,-1.69510495662689,-5.15407228469849,7.73431634902954,0.0645241364836693,-0.115727461874485,-0.0538967885077,3.22077631950378,-9.63368320465088,0.0477002412080765,-1.78426480293274,-1.76834750175476,0.222010299563408,-0.362256348133087,-7.90594148635864,-0.767360329627991,1.67812168598175,-0.551730751991272,0.113683581352234,35.0621713825,-10.3999868275,-0.9405878575,-0.4631424174709,-0.117695187893342,0.901888769560711
-35.247802734375,-21.8963623046875,-307.998657226563,-36.3922119140625,26.9317626953125,-301.589965820313,2.25974082946777,-9.56385803222656,0.136835545301437,0.917569577693939,-0.765445947647095,0.0477772429585457,-1.69576752185822,-5.1353006362915,7.7286434173584,0.0647964999079704,-0.116927869617939,-0.0547710172832012,3.23601531982422,-9.64184093475342,0.00776613969355822,-1.78304922580719,-1.75272226333618,0.222371906042099,-0.369252592325211,-7.9136643409729,-0.74799245595932,1.67858386039734,-0.552483677864075,0.112715899944305,34.989605779,-10.405705455,-0.930600147,-0.46186571489377,-0.117656482073891,0.898862561478654
-35.1715087890625,-21.8963623046875,-308.2275390625,-36.3922119140625,26.85546875,-301.513671875,2.25529313087463,-9.55081462860107,0.127426937222481,0.913241863250732,-0.765769243240356,0.0488020516932011,-1.69643008708954,-5.11652851104736,7.7229700088501,0.0650688707828522,-0.118128277361393,-0.0556452460587025,3.25125455856323,-9.64999866485596,-0.0321679636836052,-1.78183376789093,-1.73709714412689,0.222733497619629,-0.376248866319656,-7.92138671875,-0.728624582290649,1.67904591560364,-0.553236544132233,0.111748218536377,34.9170401755,-10.4114240825,-0.920612436500001,-0.460589012316639,-0.117617776254439,0.895836353396597
-35.2096557617188,-21.97265625,-308.303833007813,-36.8118286132813,26.8936157226563,-301.437377929688,2.25084567070007,-9.53777122497559,0.118018329143524,0.908914089202881,-0.766092598438263,0.0498268604278564,-1.69709277153015,-5.09775686264038,7.71729707717896,0.0653412416577339,-0.119328677654266,-0.0565194748342037,3.26649355888367,-9.6581563949585,-0.0721020698547363,-1.78061830997467,-1.72147190570831,0.22309510409832,-0.38324511051178,-7.92910957336426,-0.709256708621979,1.67950809001923,-0.553989470005035,0.110780537128448,34.844474572,-10.41714271,-0.910624725999999,-0.459312309739509,-0.117579070434988,0.892810145314539
-35.247802734375,-22.0489501953125,-308.380126953125,-37.2314453125,26.9317626953125,-301.361083984375,2.24639797210693,-9.52472877502441,0.108609721064568,0.904586374759674,-0.766415894031525,0.0508516654372215,-1.69775533676147,-5.0789852142334,7.71162414550781,0.0656136050820351,-0.12052908539772,-0.0573936998844147,3.2817325592041,-9.66631507873535,-0.112036168575287,-1.77940285205841,-1.70584678649902,0.22345669567585,-0.390241354703903,-7.93683195114136,-0.689888834953308,1.67997026443481,-0.554742336273193,0.109812863171101,34.7719089685,-10.4228613375,-0.900637015499999,-0.458035607162379,-0.117540364615536,0.889783937232482
-35.3240966796875,-21.8963623046875,-308.456420898438,-36.8499755859375,26.702880859375,-301.437377929688,2.24195051193237,-9.51168537139893,0.099201112985611,0.900258660316467,-0.766739189624786,0.0518764741718769,-1.6984179019928,-5.06021356582642,7.70595073699951,0.0658859759569168,-0.121729493141174,-0.0582679286599159,3.29697155952454,-9.67447280883789,-0.151970267295837,-1.77818739414215,-1.69022154808044,0.223818302154541,-0.397237598896027,-7.94455480575562,-0.670520961284637,1.68043231964111,-0.555495262145996,0.108845181763172,34.699343365,-10.428579965,-0.890649305,-0.456758904585249,-0.117501658796085,0.886757729150425
-35.400390625,-21.7437744140625,-308.53271484375,-36.468505859375,26.4739990234375,-301.513671875,2.23750281333923,-9.49864292144775,0.0897925049066544,0.89593094587326,-0.767062544822693,0.052901279181242,-1.69908058643341,-5.04144191741943,7.70027780532837,0.066158339381218,-0.122929893434048,-0.0591421574354172,3.31221055984497,-9.68263053894043,-0.191904380917549,-1.77697193622589,-1.67459642887115,0.224179893732071,-0.40423384308815,-7.95227718353271,-0.651153028011322,1.6808944940567,-0.556248128414154,0.107877500355244,34.6267777615,-10.4342985925,-0.880661594500001,-0.455482202008119,-0.117462952976633,0.883731521068368
-35.5148315429688,-21.514892578125,-308.685302734375,-36.3922119140625,26.3595581054688,-301.361083984375,2.23305535316467,-9.48559951782227,0.0803838968276978,0.891603171825409,-0.767385840415955,0.0539260879158974,-1.69974315166473,-5.02267026901245,7.69460487365723,0.0664307102560997,-0.124130301177502,-0.0600163862109184,3.32744956016541,-9.69078826904297,-0.2318384796381,-1.77575647830963,-1.65897119045258,0.224541485309601,-0.411230087280273,-7.96000003814697,-0.631785154342651,1.68135666847229,-0.557001054286957,0.106909818947315,34.554212158,-10.44001722,-0.870673884000001,-0.454205499430988,-0.117424247157182,0.880705312986311
-35.6292724609375,-21.2860107421875,-308.837890625,-36.31591796875,26.2451171875,-301.20849609375,2.22860765457153,-9.47255611419678,0.0709752887487411,0.887275457382202,-0.767709136009216,0.0549508966505527,-1.70040571689606,-5.00389862060547,7.68893146514893,0.0667030811309814,-0.125330701470375,-0.0608906149864197,3.34268856048584,-9.69894599914551,-0.271772593259811,-1.77454090118408,-1.64334607124329,0.224903091788292,-0.418226331472397,-7.96772241592407,-0.612417280673981,1.68181872367859,-0.557753920555115,0.105942137539387,34.4816465545,-10.4457358475,-0.860686173499999,-0.452928796853858,-0.11738554133773,0.877679104904253
-35.5911254882813,-21.2478637695313,-308.685302734375,-36.31591796875,26.3214111328125,-301.132202148438,2.22416019439697,-9.45951366424561,0.0615666843950748,0.882947742938995,-0.768032491207123,0.0559757016599178,-1.70106840133667,-4.98512697219849,7.68325853347778,0.0669754445552826,-0.126531109213829,-0.0617648400366306,3.35792756080627,-9.70710468292236,-0.311706691980362,-1.77332544326782,-1.62772083282471,0.225264683365822,-0.42522257566452,-7.97544527053833,-0.59304940700531,1.68228089809418,-0.558506846427917,0.104974456131458,34.409080951,-10.451454475,-0.850698462999999,-0.451652094276728,-0.117346835518279,0.874652896822196
-35.552978515625,-21.209716796875,-308.53271484375,-36.31591796875,26.397705078125,-301.055908203125,2.21971249580383,-9.44647026062012,0.0521580763161182,0.878620028495789,-0.768355786800385,0.0570005103945732,-1.70173096656799,-4.9663553237915,7.67758560180664,0.0672478154301643,-0.127731516957283,-0.0626390725374222,3.37316656112671,-9.7152624130249,-0.351640790700912,-1.77210998535156,-1.61209571361542,0.225626289844513,-0.432218819856644,-7.98316764831543,-0.573681533336639,1.68274307250977,-0.559259712696075,0.10400677472353,34.3365153475,-10.4571731025,-0.8407107525,-0.450375391699598,-0.117308129698827,0.871626688740139
-35.6674194335938,-21.1334228515625,-308.685302734375,-36.2777709960938,26.2451171875,-300.9033203125,2.21443367004395,-9.43941497802734,0.0479773133993149,0.874481618404388,-0.767346084117889,0.0579339675605297,-1.70061159133911,-4.9486722946167,7.67294263839722,0.067228227853775,-0.128892496228218,-0.0636709481477737,3.38329458236694,-9.72328281402588,-0.377932697534561,-1.77177441120148,-1.59613132476807,0.226305082440376,-0.438659578561783,-7.98367023468018,-0.560755491256714,1.68343269824982,-0.559680998325348,0.10343325138092,34.263949744,-10.46289173,-0.830723042000001,-0.449098689122467,-0.117269423879376,0.868600480658082
-35.7818603515625,-21.05712890625,-308.837890625,-36.2396240234375,26.092529296875,-300.750732421875,2.20832324028015,-9.43834686279297,0.0490243919193745,0.870532631874084,-0.765003383159637,0.0587760731577873,-1.69771039485931,-4.93207836151123,7.66932964324951,0.0669166818261147,-0.130014047026634,-0.0648604705929756,3.38831114768982,-9.73116683959961,-0.390582412481308,-1.77231860160828,-1.57982778549194,0.227301076054573,-0.444544851779938,-7.97695207595825,-0.554271340370178,1.68434989452362,-0.559770703315735,0.103253878653049,34.1913841405,-10.4686103575,-0.820735331500001,-0.447821986545337,-0.117230718059924,0.865574272576025
-35.6674194335938,-20.9808349609375,-308.685302734375,-36.3922119140625,26.0162353515625,-300.521850585938,2.20221281051636,-9.43727874755859,0.0500714741647243,0.866583585739136,-0.762660682201385,0.0596181787550449,-1.69480919837952,-4.91548490524292,7.66571712493896,0.0666051357984543,-0.13113559782505,-0.0660499930381775,3.3933277130127,-9.73905086517334,-0.403232097625732,-1.77286291122437,-1.56352424621582,0.228297054767609,-0.45043009519577,-7.97023439407349,-0.547787189483643,1.68526697158813,-0.559860408306122,0.103074505925179,34.118818537,-10.474328985,-0.810747620999999,-0.446545283968207,-0.117192012240472,0.862548064493967
-35.552978515625,-20.904541015625,-308.53271484375,-36.5447998046875,25.93994140625,-300.29296875,2.19610238075256,-9.4362096786499,0.0511185526847839,0.862634539604187,-0.760317921638489,0.0604602843523026,-1.69190800189972,-4.89889097213745,7.66210460662842,0.0662935897707939,-0.132257148623466,-0.0672395154833794,3.39834427833557,-9.74693489074707,-0.415881812572479,-1.77340710163116,-1.5472207069397,0.229293048381805,-0.456315338611603,-7.96351671218872,-0.541302978992462,1.68618416786194,-0.559950053691864,0.102895140647888,34.0462529335,-10.4800476125,-0.800759910499999,-0.445268581391077,-0.117153306421021,0.85952185641191
-35.400390625,-20.751953125,-308.761596679688,-36.468505859375,25.9017944335938,-300.445556640625,2.18999195098877,-9.43514156341553,0.0521656312048435,0.858685553073883,-0.757975220680237,0.0613023899495602,-1.68900668621063,-4.88229703903198,7.65849161148071,0.0659820511937141,-0.133378699421883,-0.0684290453791618,3.40336084365845,-9.7548189163208,-0.428531527519226,-1.77395141124725,-1.53091716766357,0.230289041996002,-0.462200611829758,-7.9567985534668,-0.534818828105927,1.68710136413574,-0.560039758682251,0.102715767920017,33.97368733,-10.48576624,-0.7907722,-0.443991878813947,-0.117114600601569,0.856495648329853
-35.247802734375,-20.599365234375,-308.990478515625,-36.3922119140625,25.8636474609375,-300.59814453125,2.18388175964355,-9.43407344818115,0.0532127134501934,0.854736506938934,-0.755632519721985,0.0621444955468178,-1.68610548973083,-4.86570358276367,7.65487909317017,0.0656705051660538,-0.134500250220299,-0.0696185678243637,3.40837740898132,-9.76270198822021,-0.441181242465973,-1.77449572086334,-1.51461362838745,0.231285035610199,-0.46808585524559,-7.95008087158203,-0.528334677219391,1.68801844120026,-0.560129463672638,0.102536395192146,33.973112364,-10.485794419,-0.790650367,-0.443291386036363,-0.117070104147065,0.852822341483193
-35.2859497070313,-20.5612182617188,-309.066772460938,-36.2777709960938,25.7110595703125,-300.521850585938,2.17777132987976,-9.43300533294678,0.054259791970253,0.850787460803986,-0.753289818763733,0.0629865974187851,-1.68320429325104,-4.8491096496582,7.65126657485962,0.0653589591383934,-0.135621801018715,-0.0708080902695656,3.4133939743042,-9.77058601379395,-0.45383095741272,-1.77503991127014,-1.49831008911133,0.232281029224396,-0.473971098661423,-7.94336318969727,-0.521850526332855,1.68893563747406,-0.56021910905838,0.102357029914856,33.972537398,-10.485822598,-0.790528534,-0.442590893258779,-0.11702560769256,0.849149034636535
-35.3240966796875,-20.5230712890625,-309.14306640625,-36.163330078125,25.5584716796875,-300.445556640625,2.17166090011597,-9.4319372177124,0.0553068742156029,0.846838474273682,-0.750947117805481,0.063828706741333,-1.68030309677124,-4.83251571655273,7.64765357971191,0.065047413110733,-0.136743351817131,-0.0719976127147675,3.41841053962708,-9.77847003936768,-0.466480642557144,-1.77558422088623,-1.48200654983521,0.233277007937431,-0.479856371879578,-7.93664503097534,-0.51536637544632,1.68985283374786,-0.560308814048767,0.102177657186985,33.971962432,-10.485850777,-0.790406701,-0.441890400481196,-0.116981111238056,0.845475727789874
-35.4385375976563,-20.6375122070313,-308.990478515625,-36.3922119140625,25.5584716796875,-300.369262695313,2.16555047035217,-9.43086910247803,0.0563539527356625,0.842889428138733,-0.748604416847229,0.0646708086133003,-1.67740178108215,-4.81592226028442,7.64404106140137,0.0647358745336533,-0.137864902615547,-0.0731871426105499,3.42342710494995,-9.78635406494141,-0.479130357503891,-1.77612841129303,-1.46570301055908,0.234273001551628,-0.48574161529541,-7.92992734909058,-0.508882164955139,1.69076991081238,-0.560398519039154,0.101998284459114,33.971387466,-10.485878956,-0.790284868,-0.441189907703612,-0.116936614783552,0.841802420943216
-35.552978515625,-20.751953125,-308.837890625,-36.62109375,25.5584716796875,-300.29296875,2.15944004058838,-9.42980098724365,0.057401031255722,0.838940441608429,-0.746261715888977,0.0655129179358482,-1.67450058460236,-4.79932832717896,7.64042806625366,0.0644243285059929,-0.138986453413963,-0.0743766650557518,3.42844367027283,-9.79423809051514,-0.491780072450638,-1.77667272090912,-1.44939947128296,0.235268995165825,-0.491626888513565,-7.92320919036865,-0.502398014068604,1.69168710708618,-0.560488164424896,0.101818919181824,33.9708125,-10.485907135,-0.790163035,-0.440489414926028,-0.116892118329047,0.838129114096556
-35.858154296875,-20.599365234375,-308.914184570313,-36.5447998046875,25.7110595703125,-300.140380859375,2.15332961082458,-9.42873191833496,0.0584481135010719,0.83499139547348,-0.74391895532608,0.0663550198078156,-1.67159938812256,-4.78273439407349,7.63681554794312,0.0641127824783325,-0.140108004212379,-0.0755661875009537,3.4334602355957,-9.80212211608887,-0.504429757595062,-1.77721691131592,-1.43309593200684,0.236264988780022,-0.497512131929398,-7.91649150848389,-0.495913863182068,1.69260430335999,-0.560577869415283,0.101639546453953,33.970237534,-10.485935314,-0.790041202,-0.439788922148445,-0.116847621874543,0.834455807249895
-36.163330078125,-20.44677734375,-308.990478515625,-36.468505859375,25.8636474609375,-299.98779296875,2.14721941947937,-9.42766380310059,0.0594951920211315,0.831042349338531,-0.741576254367828,0.0671971291303635,-1.66869819164276,-4.76614046096802,7.63320302963257,0.0638012364506721,-0.141229555010796,-0.0767557099461555,3.43847680091858,-9.81000518798828,-0.517079472541809,-1.77776122093201,-1.41679239273071,0.237260967493057,-0.503397405147552,-7.90977382659912,-0.489429712295532,1.69352149963379,-0.56066757440567,0.101460173726082,33.969662568,-10.485963493,-0.789919369,-0.439088429370861,-0.116803125420038,0.830782500403237
-36.1251831054688,-20.294189453125,-309.524536132813,-36.3540649414063,25.7110595703125,-300.064086914063,2.14110898971558,-9.42659568786621,0.0605422742664814,0.827093362808228,-0.739233553409576,0.0680392310023308,-1.66579687595367,-4.74954700469971,7.62959003448486,0.0634896978735924,-0.142351105809212,-0.077945239841938,3.44349336624146,-9.81788921356201,-0.529729187488556,-1.77830541133881,-1.40048885345459,0.238256961107254,-0.509282648563385,-7.9030556678772,-0.482945531606674,1.6944385766983,-0.560757219791412,0.101280808448792,33.969087602,-10.485991672,-0.789797536,-0.438387936593278,-0.116758628965534,0.827109193556577
-36.0870361328125,-20.1416015625,-310.05859375,-36.2396240234375,25.5584716796875,-300.140380859375,2.13499855995178,-9.42552757263184,0.061589352786541,0.823144316673279,-0.736890852451324,0.0688813403248787,-1.66289567947388,-4.73295307159424,7.62597751617432,0.063178151845932,-0.143472656607628,-0.0791347622871399,3.44850993156433,-9.82577323913574,-0.542378902435303,-1.7788497209549,-1.38418531417847,0.239252954721451,-0.515167891979218,-7.89633798599243,-0.476461380720139,1.69535577297211,-0.560846924781799,0.101101435720921,33.968512636,-10.486019851,-0.789675703,-0.437687443815694,-0.116714132511029,0.823435886709918
-36.0107421875,-20.0653076171875,-309.829711914063,-36.31591796875,25.634765625,-300.216674804688,2.13444828987122,-9.43376445770264,0.0551432557404041,0.821162164211273,-0.73324328660965,0.0697305649518967,-1.66784226894379,-4.73955631256104,7.6295223236084,0.062766045331955,-0.144819885492325,-0.0808223411440849,3.45025157928467,-9.84179592132568,-0.526360273361206,-1.776611328125,-1.37228715419769,0.240356609225273,-0.511172890663147,-7.87301254272461,-0.47913533449173,1.69583261013031,-0.558350265026093,0.101893052458763,33.96793767,-10.48604803,-0.78955387,-0.43698695103811,-0.116669636056525,0.819762579863258
-35.9344482421875,-19.989013671875,-309.600830078125,-36.3922119140625,25.7110595703125,-300.29296875,2.13389825820923,-9.44200038909912,0.0486971586942673,0.819179952144623,-0.72959578037262,0.070579782128334,-1.6727888584137,-4.74615907669067,7.63306713104248,0.0623539462685585,-0.146167129278183,-0.0825099274516106,3.451993227005,-9.85781955718994,-0.510341703891754,-1.77437281608582,-1.36038899421692,0.241460278630257,-0.507177829742432,-7.84968757629395,-0.481809318065643,1.69630932807922,-0.555853605270386,0.102684676647186,33.967362704,-10.486076209,-0.789432037,-0.436286458260527,-0.11662513960202,0.816089273016598
-36.0107421875,-19.9508666992188,-309.829711914063,-36.2777709960938,25.634765625,-299.911499023438,2.13334798812866,-9.45023727416992,0.0422510616481304,0.817197799682617,-0.725948214530945,0.071429006755352,-1.67773544788361,-4.75276231765747,7.63661193847656,0.0619418397545815,-0.14751435816288,-0.0841975063085556,3.45373487472534,-9.87384223937988,-0.494323074817657,-1.77213442325592,-1.34849083423615,0.242563933134079,-0.503182828426361,-7.82636213302612,-0.484483271837234,1.69678616523743,-0.553357005119324,0.103476293385029,33.966787738,-10.486104388,-0.789310204,-0.435585965482943,-0.116580643147516,0.812415966169939
-36.0870361328125,-19.9127197265625,-310.05859375,-36.163330078125,25.5584716796875,-299.530029296875,2.1327977180481,-9.45847415924072,0.0358049646019936,0.815215587615967,-0.722300708293915,0.07227823138237,-1.68268203735352,-4.75936555862427,7.64015674591064,0.0615297369658947,-0.148861601948738,-0.0858850926160812,3.45547652244568,-9.88986587524414,-0.478304475545883,-1.76989603042603,-1.33659267425537,0.243667602539063,-0.499187797307968,-7.80303716659546,-0.487157225608826,1.69726288318634,-0.550860345363617,0.104267910122871,33.966212772,-10.486132567,-0.789188371,-0.434885472705359,-0.116536146693011,0.808742659323279
-36.163330078125,-19.9127197265625,-310.134887695313,-36.163330078125,25.634765625,-299.453735351563,2.13224744796753,-9.46671104431152,0.0293588694185019,0.813233435153961,-0.71865314245224,0.0731274485588074,-1.68762850761414,-4.76596832275391,7.64370155334473,0.0611176341772079,-0.150208830833435,-0.0875726714730263,3.45721840858459,-9.90588855743408,-0.462285876274109,-1.76765763759613,-1.3246945142746,0.244771257042885,-0.495192795991898,-7.77971172332764,-0.489831209182739,1.69773972034454,-0.54836368560791,0.105059526860714,33.965637806,-10.486160746,-0.789066538,-0.434184979927776,-0.116491650238507,0.80506935247662
-36.2396240234375,-19.9127197265625,-310.211181640625,-36.163330078125,25.7110595703125,-299.37744140625,2.13169741630554,-9.47494697570801,0.022912772372365,0.811251282691956,-0.71500563621521,0.0739766731858253,-1.69257509708405,-4.7725715637207,7.64724636077881,0.0607055313885212,-0.151556059718132,-0.0892602503299713,3.45896005630493,-9.92191123962402,-0.446267247200012,-1.76541912555695,-1.31279635429382,0.245874926447868,-0.491197764873505,-7.75638675689697,-0.49250516295433,1.69821643829346,-0.545867025852203,0.105851151049137,33.96506284,-10.486188925,-0.788944705,-0.433484487150192,-0.116447153784003,0.80139604562996
-36.2396240234375,-19.683837890625,-309.677124023438,-36.0107421875,25.7492065429688,-299.148559570313,2.13114714622498,-9.48318386077881,0.0164666771888733,0.809269070625305,-0.711358070373535,0.0748258978128433,-1.69752168655396,-4.77917432785034,7.65079116821289,0.0602934285998344,-0.15290330350399,-0.0909478366374969,3.46070170402527,-9.93793487548828,-0.430248647928238,-1.76318073272705,-1.30089819431305,0.246978580951691,-0.487202733755112,-7.73306131362915,-0.495179116725922,1.69869327545166,-0.543370366096497,0.10664276778698,33.964487874,-10.486217104,-0.788822872,-0.432783994372608,-0.116402657329498,0.7977227387833
-36.2396240234375,-19.4549560546875,-309.14306640625,-35.858154296875,25.787353515625,-298.919677734375,2.13059687614441,-9.49142074584961,0.0100205801427364,0.8072869181633,-0.707710564136505,0.0756751149892807,-1.70246827602386,-4.78577756881714,7.65433597564697,0.0598813258111477,-0.154250532388687,-0.092635415494442,3.46244335174561,-9.95395755767822,-0.414230048656464,-1.76094233989716,-1.28900003433228,0.248082250356674,-0.483207732439041,-7.70973634719849,-0.497853100299835,1.69916999340057,-0.54087370634079,0.107434384524822,33.963912908,-10.486245283,-0.788701039,-0.432083501595025,-0.116358160874994,0.794049431936641
-36.3540649414063,-19.378662109375,-309.600830078125,-35.9344482421875,25.7492065429688,-298.843383789063,2.13004684448242,-9.49965763092041,0.00357448309659958,0.805304706096649,-0.70406299829483,0.0765243396162987,-1.70741486549377,-4.79238080978394,7.65788078308105,0.0594692192971706,-0.155597776174545,-0.0943230018019676,3.46418499946594,-9.96998119354248,-0.398211449384689,-1.75870394706726,-1.2771018743515,0.249185904860497,-0.479212701320648,-7.68641090393066,-0.500527024269104,1.69964683055878,-0.538377106189728,0.108226001262665,33.963337942,-10.486273462,-0.788579206,-0.431383008817441,-0.116313664420489,0.790376125089981
-36.468505859375,-19.3023681640625,-310.05859375,-36.0107421875,25.7110595703125,-298.76708984375,2.12949657440186,-9.50789356231689,-0.00287161348387599,0.803322553634644,-0.700415432453156,0.0773735642433167,-1.71236145496368,-4.79898357391357,7.66142559051514,0.0590571165084839,-0.156945005059242,-0.0960105806589127,3.46592664718628,-9.98600387573242,-0.382192820310593,-1.75646543502808,-1.26520371437073,0.250289559364319,-0.475217670202255,-7.6630859375,-0.503201007843018,1.70012366771698,-0.535880446434021,0.109017625451088,33.962762976,-10.486301641,-0.788457373,-0.430682516039858,-0.116269167965985,0.786702818243323
-36.6592407226563,-19.1879272460938,-310.440063476563,-35.858154296875,25.634765625,-298.690795898438,2.12894630432129,-9.5161304473877,-0.00931771006435156,0.801340401172638,-0.696767926216125,0.078222781419754,-1.71730804443359,-4.80558681488037,7.66497039794922,0.0586450137197971,-0.158292233943939,-0.0976981595158577,3.46766829490662,-10.0020265579224,-0.366174221038818,-1.75422704219818,-1.25330555438995,0.251393228769302,-0.471222668886185,-7.63976049423218,-0.505874991416931,1.70060038566589,-0.533383786678314,0.109809242188931,33.96218801,-10.48632982,-0.78833554,-0.429982023262274,-0.11622467151148,0.783029511396662
-36.8499755859375,-19.073486328125,-310.821533203125,-35.70556640625,25.5584716796875,-298.614501953125,2.1283962726593,-9.5243673324585,-0.0157638061791658,0.799358189105988,-0.693120360374451,0.079072006046772,-1.7222546339035,-4.81219005584717,7.6685152053833,0.0582329109311104,-0.159639477729797,-0.0993857458233833,3.46940994262695,-10.0180501937866,-0.350155621767044,-1.75198864936829,-1.24140739440918,0.252496898174286,-0.467227637767792,-7.61643552780151,-0.508548974990845,1.7010772228241,-0.530887126922607,0.110600858926773,33.898981131,-10.4859322035,-0.778722849999998,-0.429275918371461,-0.115945450721495,0.77867531816118
-36.8499755859375,-19.0353393554688,-310.821533203125,-35.6292724609375,25.5203247070313,-298.538208007813,2.12784600257874,-9.5326042175293,-0.0222099032253027,0.797376036643982,-0.689472854137421,0.07992123067379,-1.72720122337341,-4.81879281997681,7.67206001281738,0.0578208081424236,-0.160986706614494,-0.101073324680328,3.47115159034729,-10.0340728759766,-0.33413702249527,-1.74975025653839,-1.22950923442841,0.253600567579269,-0.463232606649399,-7.59311008453369,-0.511222898960114,1.70155394077301,-0.528390467166901,0.111392475664616,33.835774252,-10.485534587,-0.769110160000001,-0.428569813480649,-0.11566622993151,0.7743211249257
-36.8499755859375,-18.9971923828125,-310.821533203125,-35.552978515625,25.482177734375,-298.4619140625,2.13043165206909,-9.53908538818359,-0.0272637605667114,0.796153604984283,-0.686235308647156,0.0812360942363739,-1.7310699224472,-4.83035612106323,7.67443752288818,0.0575090199708939,-0.162369802594185,-0.102549649775028,3.46601939201355,-10.0437717437744,-0.311570584774017,-1.74580609798431,-1.22006583213806,0.254917323589325,-0.456906616687775,-7.56879138946533,-0.510755658149719,1.70176732540131,-0.525252163410187,0.112483359873295,33.772567373,-10.4851369705,-0.759497469999999,-0.427863708589837,-0.115387009141524,0.769966931690218
-36.773681640625,-18.768310546875,-310.897827148438,-35.552978515625,25.4058837890625,-298.233032226563,2.13615345954895,-9.54381084442139,-0.0309253800660372,0.795691013336182,-0.683407843112946,0.0830166041851044,-1.73386073112488,-4.84687995910645,7.67564821243286,0.0572975464165211,-0.163788735866547,-0.103814706206322,3.45401310920715,-10.0471467971802,-0.282456368207932,-1.74015629291534,-1.21307730674744,0.256447166204453,-0.448249667882919,-7.54347896575928,-0.507147252559662,1.70171725749969,-0.521472096443176,0.11387350410223,33.709360494,-10.484739354,-0.749884780000002,-0.427157603699024,-0.115107788351539,0.765612738454738
-36.6973876953125,-18.5394287109375,-310.97412109375,-35.552978515625,25.32958984375,-298.004150390625,2.14187502861023,-9.54853630065918,-0.0345869995653629,0.79522842168808,-0.680580317974091,0.0847971215844154,-1.73665153980255,-4.86340379714966,7.67685890197754,0.0570860728621483,-0.165207669138908,-0.105079762637615,3.44200682640076,-10.0505218505859,-0.253342151641846,-1.73450660705566,-1.20608878135681,0.257977038621902,-0.439592719078064,-7.51816654205322,-0.50353878736496,1.70166730880737,-0.517692029476166,0.115263640880585,33.646153615,-10.4843417375,-0.74027209,-0.426451498808212,-0.114828567561553,0.761258545219256
-36.62109375,-18.5775756835938,-311.126708984375,-35.3240966796875,25.32958984375,-297.54638671875,2.14759683609009,-9.55326175689697,-0.0382486172020435,0.794765830039978,-0.67775285243988,0.0865776315331459,-1.73944234848022,-4.87992763519287,7.67806959152222,0.0568745993077755,-0.166626617312431,-0.106344819068909,3.43000054359436,-10.0538969039917,-0.22422793507576,-1.72885680198669,-1.19910025596619,0.259506911039352,-0.430935770273209,-7.49285364151001,-0.499930381774902,1.70161724090576,-0.513911962509155,0.11665378510952,33.582946736,-10.483944121,-0.730659399999998,-0.425745393917399,-0.114549346771568,0.756904351983774
-36.5447998046875,-18.61572265625,-311.279296875,-35.09521484375,25.32958984375,-297.088623046875,2.15331864356995,-9.55798816680908,-0.0419102348387241,0.794303238391876,-0.674925327301025,0.0883581414818764,-1.7422331571579,-4.89645147323608,7.67928028106689,0.0566631257534027,-0.168045550584793,-0.107609882950783,3.41799426078796,-10.0572719573975,-0.195113718509674,-1.72320699691772,-1.19211173057556,0.26103675365448,-0.422278791666031,-7.46754121780396,-0.496321946382523,1.70156717300415,-0.510131895542145,0.118043929338455,33.519739857,-10.4835465045,-0.721046710000001,-0.425039289026587,-0.114270125981583,0.752550158748294
-36.6973876953125,-18.3486938476563,-311.431884765625,-35.0570678710938,25.4058837890625,-297.2412109375,2.15904021263123,-9.56271362304688,-0.045571856200695,0.79384058713913,-0.672097861766815,0.0901386588811874,-1.74502396583557,-4.9129753112793,7.68049097061157,0.0564516559243202,-0.169464483857155,-0.108874939382076,3.40598797798157,-10.0606470108032,-0.165999501943588,-1.71755731105804,-1.18512320518494,0.26256662607193,-0.413621842861176,-7.4422287940979,-0.492713510990143,1.70151722431183,-0.506351888179779,0.11943407356739,33.456532978,-10.483148888,-0.711434019999999,-0.424333184135774,-0.113990905191597,0.748195965512812
-36.8499755859375,-18.0816650390625,-311.58447265625,-35.0189208984375,25.482177734375,-297.393798828125,2.16476202011108,-9.56743907928467,-0.0492334738373756,0.793377995491028,-0.66927033662796,0.0919191688299179,-1.74781477451324,-4.92949914932251,7.68170166015625,0.0562401823699474,-0.170883432030678,-0.11013999581337,3.39398169517517,-10.064022064209,-0.136885285377502,-1.71190750598907,-1.17813467979431,0.26409649848938,-0.40496489405632,-7.41691637039185,-0.489105075597763,1.70146715641022,-0.502571821212769,0.120824217796326,33.393326099,-10.4827512715,-0.701821330000002,-0.423627079244962,-0.113711684401612,0.743841772277332
-36.8499755859375,-18.2342529296875,-311.508178710938,-35.09521484375,25.634765625,-297.470092773438,2.17048358917236,-9.57216453552246,-0.0528950914740562,0.792915403842926,-0.66644287109375,0.0936996787786484,-1.75060558319092,-4.94602298736572,7.68291234970093,0.0560287088155746,-0.17230236530304,-0.111405052244663,3.38197565078735,-10.0673971176147,-0.107771061360836,-1.7062577009201,-1.17114627361298,0.265626341104507,-0.396307945251465,-7.39160394668579,-0.485496640205383,1.70141708850861,-0.498791754245758,0.12221435457468,33.33011922,-10.482353655,-0.69220864,-0.422920974354149,-0.113432463611626,0.73948757904185
-36.8499755859375,-18.3868408203125,-311.431884765625,-35.1715087890625,25.787353515625,-297.54638671875,2.17620539665222,-9.57689094543457,-0.0565567128360271,0.792452812194824,-0.663615345954895,0.0954801961779594,-1.75339639186859,-4.96254682540894,7.68412303924561,0.0558172352612019,-0.173721298575401,-0.112670116126537,3.36996936798096,-10.0707721710205,-0.0786568373441696,-1.70060801506042,-1.16415774822235,0.267156213521957,-0.387650966644287,-7.36629152297974,-0.481888204813004,1.70136713981628,-0.495011687278748,0.123604498803616,33.266912341,-10.4819560385,-0.682595949999998,-0.422214869463337,-0.113153242821641,0.735133385806368
-36.92626953125,-18.2342529296875,-311.660766601563,-35.0570678710938,25.787353515625,-297.088623046875,2.18192720413208,-9.58161640167236,-0.0602183304727077,0.791990220546722,-0.660787880420685,0.0972607061266899,-1.75618731975555,-4.97907018661499,7.68533325195313,0.0556057617068291,-0.175140246748924,-0.113935172557831,3.35796308517456,-10.074146270752,-0.0495426207780838,-1.69495820999146,-1.15716922283173,0.268686056137085,-0.378994017839432,-7.34097909927368,-0.478279769420624,1.70131707191467,-0.491231650114059,0.124994643032551,33.203705462,-10.481558422,-0.672983260000001,-0.421508764572524,-0.112874022031656,0.730779192570888
-37.0025634765625,-18.0816650390625,-311.8896484375,-34.942626953125,25.787353515625,-296.630859375,2.18764877319336,-9.58634185791016,-0.0638799518346786,0.791527628898621,-0.65796035528183,0.0990412160754204,-1.75897812843323,-4.9955940246582,7.6865439414978,0.0553942881524563,-0.176559180021286,-0.115200228989124,3.34595680236816,-10.0775213241577,-0.0204283986240625,-1.68930840492249,-1.1501806974411,0.270215928554535,-0.370337069034576,-7.31566619873047,-0.474671334028244,1.70126700401306,-0.487451583147049,0.126384779810905,33.140498583,-10.4811608055,-0.663370569999999,-0.420802659681712,-0.11259480124167,0.726424999335406
-37.078857421875,-17.9672241210938,-312.118530273438,-35.1715087890625,25.7492065429688,-296.783447265625,2.19337058067322,-9.59106731414795,-0.0675415694713593,0.791064977645874,-0.65513288974762,0.100821726024151,-1.7617689371109,-5.01211786270142,7.68775463104248,0.0551828183233738,-0.177978113293648,-0.116465285420418,3.33395051956177,-10.0808963775635,0.008685820735991,-1.68365859985352,-1.14319217205048,0.271745800971985,-0.361680120229721,-7.29035377502441,-0.471062898635864,1.70121693611145,-0.483671516180038,0.127774924039841,33.077291704,-10.480763189,-0.653757880000002,-0.420096554790899,-0.112315580451685,0.722070806099926
-37.1551513671875,-17.852783203125,-312.347412109375,-35.400390625,25.7110595703125,-296.93603515625,2.1990921497345,-9.59579372406006,-0.0712031871080399,0.790602385997772,-0.652305364608765,0.102602243423462,-1.76455974578857,-5.02864170074463,7.68896532058716,0.054971344769001,-0.179397061467171,-0.117730349302292,3.32194423675537,-10.0842714309692,0.0378000400960445,-1.67800891399384,-1.13620364665985,0.273275643587112,-0.353023141622543,-7.26504135131836,-0.467454463243484,1.70116698741913,-0.47989147901535,0.129165068268776,33.014084825,-10.4803655725,-0.64414519,-0.419390449900087,-0.112036359661699,0.717716612864444
-37.2695922851563,-17.5857543945313,-312.19482421875,-35.2096557617188,25.634765625,-296.630859375,2.20481395721436,-9.60051918029785,-0.0748648047447205,0.79013979434967,-0.649477899074554,0.104382753372192,-1.76735055446625,-5.04516553878784,7.69017601013184,0.0547598712146282,-0.180815994739532,-0.118995405733585,3.30993795394897,-10.087646484375,0.0669142603874207,-1.67235910892487,-1.12921512126923,0.274805516004562,-0.344366192817688,-7.2397289276123,-0.463846027851105,1.70111691951752,-0.47611141204834,0.130555212497711,32.950877946,-10.479967956,-0.634532499999998,-0.418684345009274,-0.111757138871714,0.713362419628961
-37.384033203125,-17.3187255859375,-312.042236328125,-35.0189208984375,25.5584716796875,-296.32568359375,2.21574354171753,-9.59110832214355,-0.0630200579762459,0.789616763591766,-0.648051381111145,0.105884343385696,-1.75808417797089,-5.04646158218384,7.68579244613647,0.0544804260134697,-0.181626036763191,-0.119672797620296,3.29096293449402,-10.0739793777466,0.0800448656082153,-1.66792225837708,-1.12312006950378,0.276765435934067,-0.329938501119614,-7.22010564804077,-0.449870824813843,1.70120286941528,-0.471743613481522,0.131870329380035,32.887671067,-10.4795703395,-0.624919810000001,-0.417978240118462,-0.111477918081729,0.709008226393482
-37.4603271484375,-17.242431640625,-312.576293945313,-34.9807739257813,25.634765625,-296.249389648438,2.2266731262207,-9.58169746398926,-0.051175307482481,0.789093792438507,-0.646624803543091,0.10738592594862,-1.74881780147552,-5.04775762557983,7.68140888214111,0.0542009770870209,-0.18243607878685,-0.120350196957588,3.27198791503906,-10.0603122711182,0.0931754782795906,-1.66348552703857,-1.11702513694763,0.278725355863571,-0.315510809421539,-7.2004828453064,-0.435895591974258,1.70128870010376,-0.467375785112381,0.13318544626236,32.824464188,-10.479172723,-0.615307119999999,-0.417272135227649,-0.111198697291743,0.704654033157999
-37.53662109375,-17.1661376953125,-313.1103515625,-34.942626953125,25.7110595703125,-296.173095703125,2.23760271072388,-9.57228660583496,-0.0393305569887161,0.788570761680603,-0.645198285579681,0.108887515962124,-1.73955142498016,-5.04905366897583,7.67702484130859,0.0539215318858624,-0.183246120810509,-0.121027588844299,3.25301265716553,-10.0466451644897,0.106306083500385,-1.65904867649078,-1.11093008518219,0.280685275793076,-0.301083147525787,-7.18085956573486,-0.421920388936996,1.70137465000153,-0.463007986545563,0.134500563144684,32.761257309,-10.4787751065,-0.605694430000002,-0.416566030336837,-0.110919476501758,0.70029983992252
-37.4984741210938,-17.08984375,-313.034057617188,-35.0189208984375,25.5966186523438,-295.867919921875,2.24853253364563,-9.56287574768066,-0.0274858083575964,0.788047730922699,-0.643771708011627,0.110389098525047,-1.73028492927551,-5.05034971237183,7.67264127731323,0.0536420829594135,-0.184056162834167,-0.121704988181591,3.23403763771057,-10.0329780578613,0.11943668872118,-1.65461194515228,-1.10483503341675,0.28264519572258,-0.286655455827713,-7.16123628616333,-0.407945185899734,1.70146048069,-0.458640187978745,0.135815694928169,32.69805043,-10.47837749,-0.59608174,-0.415859925446025,-0.110640255711772,0.695945646687038
-37.4603271484375,-17.0135498046875,-312.957763671875,-35.09521484375,25.482177734375,-295.562744140625,2.2594621181488,-9.55346488952637,-0.0156410578638315,0.787524700164795,-0.642345190048218,0.111890688538551,-1.72101855278015,-5.05164575576782,7.66825771331787,0.053362637758255,-0.184866219758987,-0.122382380068302,3.21506261825562,-10.0193109512329,0.132567301392555,-1.65017509460449,-1.09873998165131,0.284605115652084,-0.272227764129639,-7.14161348342896,-0.39396995306015,1.70154643058777,-0.454272359609604,0.137130811810493,32.6978703365,-10.478280669,-0.595964235,-0.415841134103067,-0.110523603240529,0.691099312518854
-37.5747680664063,-16.937255859375,-313.034057617188,-35.09521484375,25.5584716796875,-295.257568359375,2.27039170265198,-9.54405403137207,-0.00379630923271179,0.787001729011536,-0.640918612480164,0.113392271101475,-1.71175217628479,-5.05294179916382,7.66387414932251,0.0530831925570965,-0.185676261782646,-0.123059779405594,3.19608759880066,-10.0056438446045,0.14569790661335,-1.64573836326599,-1.09264504909515,0.286565035581589,-0.257800072431564,-7.12199020385742,-0.379994750022888,1.70163238048553,-0.449904561042786,0.138445928692818,32.697690243,-10.478183848,-0.59584673,-0.41582234276011,-0.110406950769286,0.686252978350673
-37.689208984375,-16.8609619140625,-313.1103515625,-35.09521484375,25.634765625,-294.952392578125,2.28132128715515,-9.53464412689209,0.00804844032973051,0.786478698253632,-0.639492094516754,0.114893861114979,-1.70248579978943,-5.05423784255981,7.65949058532715,0.0528037436306477,-0.186486303806305,-0.123737171292305,3.1771125793457,-9.99197673797607,0.158828511834145,-1.6413015127182,-1.08654999732971,0.288524955511093,-0.243372395634651,-7.10236692428589,-0.366019517183304,1.70171821117401,-0.445536762475967,0.139761045575142,32.6975101495,-10.478087027,-0.595729225,-0.415803551417153,-0.110290298298043,0.681406644182489
-37.7273559570313,-16.78466796875,-313.186645507813,-35.1715087890625,25.5584716796875,-295.181274414063,2.29225087165833,-9.52523326873779,0.0198931898921728,0.785955667495728,-0.6380655169487,0.116395443677902,-1.69321942329407,-5.05553388595581,7.65510702133179,0.0525242984294891,-0.187296345829964,-0.124414570629597,3.15813755989075,-9.97830963134766,0.171959117054939,-1.6368647813797,-1.08045494556427,0.290484875440598,-0.228944718837738,-7.08274412155151,-0.352044314146042,1.70180416107178,-0.441168934106827,0.141076162457466,32.697330056,-10.477990206,-0.59561172,-0.415784760074196,-0.110173645826799,0.676560310014308
-37.7655029296875,-16.7083740234375,-313.262939453125,-35.247802734375,25.482177734375,-295.41015625,2.3031804561615,-9.5158224105835,0.0317379385232925,0.785432636737823,-0.636638998985291,0.117897033691406,-1.68395304679871,-5.05682992935181,7.65072298049927,0.0522448495030403,-0.188106387853622,-0.125091969966888,3.13916230201721,-9.96464252471924,0.185089722275734,-1.63242793083191,-1.07435989379883,0.292444795370102,-0.214517027139664,-7.06312084197998,-0.33806911110878,1.70188999176025,-0.436801135540009,0.14239127933979,32.6971499625,-10.477893385,-0.595494215,-0.415765968731238,-0.110056993355556,0.671713975846125
-37.6129150390625,-16.4031982421875,-313.262939453125,-35.09521484375,25.5584716796875,-295.257568359375,2.31411004066467,-9.5064115524292,0.0435826890170574,0.784909665584564,-0.635212421417236,0.11939862370491,-1.67468667030334,-5.0581259727478,7.64633941650391,0.0519654043018818,-0.188916429877281,-0.1257693618536,3.12018728256226,-9.95097541809082,0.198220327496529,-1.62799119949341,-1.06826496124268,0.294404715299606,-0.200089335441589,-7.04349756240845,-0.324093878269196,1.70197594165802,-0.43243333697319,0.143706396222115,32.696969869,-10.477796564,-0.59537671,-0.415747177388281,-0.109940340884313,0.666867641677941
-37.4603271484375,-16.0980224609375,-313.262939453125,-34.942626953125,25.634765625,-295.10498046875,2.32503986358643,-9.4970006942749,0.055427435785532,0.78438663482666,-0.633785903453827,0.120900206267834,-1.66542017459869,-5.0594220161438,7.64195585250854,0.0516859591007233,-0.18972647190094,-0.126446753740311,3.1012122631073,-9.9373083114624,0.211350947618484,-1.62355434894562,-1.06216990947723,0.296364635229111,-0.185661658644676,-7.02387475967407,-0.310118675231934,1.70206189155579,-0.42806550860405,0.1450215280056,32.6967897755,-10.477699743,-0.595259205,-0.415728386045324,-0.10982368841307,0.66202130750976
-37.6129150390625,-16.2887573242188,-313.720703125,-34.7518920898438,25.8636474609375,-295.028686523438,2.3359694480896,-9.48758983612061,0.0672721862792969,0.783863604068756,-0.632359325885773,0.122401796281338,-1.65615379810333,-5.06071805953979,7.63757228851318,0.0514065101742744,-0.190536513924599,-0.127124145627022,3.08223724365234,-9.92364120483398,0.224481552839279,-1.61911761760712,-1.05607485771179,0.298324555158615,-0.171233966946602,-7.00425148010254,-0.296143472194672,1.70214772224426,-0.423697710037231,0.146336644887924,32.696609682,-10.477602922,-0.5951417,-0.415709594702367,-0.109707035941826,0.657174973341577
-37.7655029296875,-16.4794921875,-314.178466796875,-34.5611572265625,26.092529296875,-294.952392578125,2.34689903259277,-9.47817897796631,0.0791169330477715,0.783340573310852,-0.630932807922363,0.123903378844261,-1.64688742160797,-5.06201410293579,7.63318872451782,0.0511270649731159,-0.191346555948257,-0.127801537513733,3.06326222419739,-9.90997409820557,0.237612158060074,-1.61468076705933,-1.04997980594635,0.30028447508812,-0.156806290149689,-6.98462820053101,-0.282168239355087,1.70223367214203,-0.419329911470413,0.147651761770248,32.6964295885,-10.477506101,-0.595024195,-0.415690803359409,-0.109590383470583,0.652328639173396
-37.841796875,-16.326904296875,-314.02587890625,-34.5230102539063,25.9780883789063,-294.952392578125,2.36154413223267,-9.46595287322998,0.0968553498387337,0.781698167324066,-0.628297686576843,0.125659123063087,-1.63467741012573,-5.05691623687744,7.6313099861145,0.0508601255714893,-0.192188680171967,-0.128355249762535,3.04466533660889,-9.89650535583496,0.238216117024422,-1.61187064647675,-1.04245746135712,0.302015215158463,-0.142707854509354,-6.97179937362671,-0.267707765102386,1.70241630077362,-0.415142923593521,0.148270159959793,32.696249495,-10.47740928,-0.59490669,-0.415672012016452,-0.10947373099934,0.647482305005212
-37.9180908203125,-16.17431640625,-313.873291015625,-34.48486328125,25.8636474609375,-294.952392578125,2.37990474700928,-9.45091152191162,0.120487436652184,0.778936386108398,-0.624454021453857,0.127669006586075,-1.61952364444733,-5.04542398452759,7.63193607330322,0.0506056994199753,-0.193062886595726,-0.128785282373428,3.02644658088684,-9.88323497772217,0.226293414831161,-1.61068713665009,-1.03350782394409,0.303516775369644,-0.128938674926758,-6.96576499938965,-0.252761989831924,1.70269572734833,-0.411136746406555,0.148191854357719,32.6960694015,-10.477312459,-0.594789185,-0.415653220673495,-0.109357078528097,0.642635970837029
-37.9562377929688,-16.2124633789063,-313.568115234375,-34.637451171875,25.634765625,-294.952392578125,2.39826560020447,-9.43587017059326,0.144119530916214,0.776174604892731,-0.620610356330872,0.129678905010223,-1.60436987876892,-5.03393220901489,7.6325626373291,0.0503512695431709,-0.193937078118324,-0.12921530008316,3.00822782516479,-9.86996459960938,0.214370712637901,-1.60950362682343,-1.02455818653107,0.305018335580826,-0.115169510245323,-6.95973062515259,-0.237816214561462,1.70297515392303,-0.407130599021912,0.148113548755646,32.695889308,-10.477215638,-0.59467168,-0.415634429330538,-0.109240426056853,0.637789636668848
-37.994384765625,-16.2506103515625,-313.262939453125,-34.7900390625,25.4058837890625,-294.952392578125,2.41662621498108,-9.4208288192749,0.167751610279083,0.773412823677063,-0.616766691207886,0.131688788533211,-1.58921611309052,-5.02243995666504,7.63318872451782,0.0500968433916569,-0.194811269640923,-0.129645332694054,2.99000930786133,-9.85669422149658,0.202448010444641,-1.60832023620605,-1.01560854911804,0.306519895792007,-0.101400330662727,-6.95369625091553,-0.222870439291,1.70325469970703,-0.403124421834946,0.148035243153572,32.6957092145,-10.477118817,-0.594554175,-0.41561563798758,-0.10912377358561,0.632943302500664
-37.8799438476563,-16.1361694335938,-313.491821289063,-34.7518920898438,25.5203247070313,-294.876098632813,2.43498682975769,-9.40578746795654,0.191383689641953,0.770651042461395,-0.6129230260849,0.133698686957359,-1.57406234741211,-5.01094818115234,7.6338152885437,0.0498424135148525,-0.195685476064682,-0.130075365304947,2.97179055213928,-9.84342479705811,0.190525308251381,-1.60713672637939,-1.00665891170502,0.308021456003189,-0.0876311585307121,-6.94766187667847,-0.207924664020538,1.70353412628174,-0.399118274450302,0.147956937551498,32.695529121,-10.477021996,-0.59443667,-0.415596846644623,-0.109007121114367,0.628096968332483
-37.7655029296875,-16.021728515625,-313.720703125,-34.7137451171875,25.634765625,-294.7998046875,2.45334768295288,-9.39074611663818,0.215015783905983,0.767889261245728,-0.609079360961914,0.135708570480347,-1.5589085817337,-4.99945640563965,7.63444137573242,0.0495879836380482,-0.19655966758728,-0.130505383014679,2.95357179641724,-9.83015441894531,0.178602620959282,-1.60595321655273,-0.997709333896637,0.309523016214371,-0.0738619863986969,-6.94162750244141,-0.192978888750076,1.70381355285645,-0.395112127065659,0.147878631949425,32.6953490275,-10.476925175,-0.594319165,-0.415578055301666,-0.108890468643124,0.623250634164299
-37.9180908203125,-16.0598754882813,-313.796997070313,-34.7137451171875,25.4058837890625,-294.647216796875,2.47170829772949,-9.37570476531982,0.238647863268852,0.76512748003006,-0.605235695838928,0.137718468904495,-1.5437548160553,-4.98796415328979,7.6350679397583,0.0493335574865341,-0.197433859109879,-0.130935415625572,2.93535327911377,-9.81688404083252,0.166679918766022,-1.60476970672607,-0.988759696483612,0.311024576425552,-0.0600928105413914,-6.93559312820435,-0.178033113479614,1.70409297943115,-0.391105949878693,0.147800326347351,32.695168934,-10.476828354,-0.59420166,-0.415559263958709,-0.10877381617188,0.618404299996116
-38.0706787109375,-16.0980224609375,-313.873291015625,-34.7137451171875,25.177001953125,-294.49462890625,2.4900689125061,-9.36066436767578,0.262279957532883,0.762365698814392,-0.601392030715942,0.139728352427483,-1.52860105037689,-4.9764723777771,7.63569402694702,0.0490791276097298,-0.198308065533638,-0.131365433335304,2.91713452339172,-9.80361366271973,0.154757216572762,-1.60358619689941,-0.979809999465942,0.312526106834412,-0.0463236346840858,-6.92955875396729,-0.163087353110313,1.70437240600586,-0.387099802494049,0.147722020745277,32.6949888405,-10.476731533,-0.594084155,-0.415540472615751,-0.108657163700637,0.613557965827935
-37.9180908203125,-15.9835815429688,-314.02587890625,-34.6755981445313,25.2532958984375,-294.49462890625,2.50842976570129,-9.34562301635742,0.285912036895752,0.759603917598724,-0.597548365592957,0.141738250851631,-1.51344728469849,-4.96498012542725,7.6363205909729,0.0488247014582157,-0.199182257056236,-0.131795465946198,2.89891576766968,-9.79034423828125,0.142834514379501,-1.60240268707275,-0.970860362052917,0.314027667045593,-0.0325544588267803,-6.92352437973022,-0.148141577839851,1.70465183258057,-0.383093625307083,0.147643715143204,32.694808747,-10.476634712,-0.59396665,-0.415521681272794,-0.108540511229394,0.608711631659751
-37.7655029296875,-15.869140625,-314.178466796875,-34.637451171875,25.32958984375,-294.49462890625,2.52679038047791,-9.33058166503906,0.309544116258621,0.756842136383057,-0.593704700469971,0.143748134374619,-1.49829351902008,-4.95348834991455,7.63694667816162,0.0485702715814114,-0.200056463479996,-0.132225498557091,2.88069725036621,-9.77707386016846,0.130911812186241,-1.60121917724609,-0.961910724639893,0.315529227256775,-0.0187852848321199,-6.91749000549316,-0.133195802569389,1.70493125915527,-0.37908747792244,0.147565394639969,32.6946286535,-10.476537891,-0.593849145,-0.415502889929837,-0.108423858758151,0.60386529749157
-37.841796875,-15.7546997070313,-314.407348632813,-34.7137451171875,25.4058837890625,-294.113159179688,2.54515099525452,-9.3155403137207,0.33317619562149,0.754080355167389,-0.589861035346985,0.145758032798767,-1.48313975334167,-4.9419960975647,7.6375732421875,0.0483158454298973,-0.200930655002594,-0.132655516266823,2.86247849464417,-9.76380348205566,0.118989117443562,-1.60003578662872,-0.952961087226868,0.317030787467957,-0.00501611083745956,-6.9114556312561,-0.118250034749508,1.70521080493927,-0.375081300735474,0.147487089037895,32.69444856,-10.47644107,-0.59373164,-0.41548409858688,-0.108307206286907,0.599018963323387
-37.9180908203125,-15.6402587890625,-314.63623046875,-34.7900390625,25.482177734375,-293.731689453125,2.56351161003113,-9.30049896240234,0.356808304786682,0.751318573951721,-0.586017370223999,0.147767916321754,-1.46798598766327,-4.930504322052,7.63819932937622,0.048061415553093,-0.201804846525192,-0.133085548877716,2.84425973892212,-9.75053310394287,0.107066415250301,-1.59885227680206,-0.944011449813843,0.318532347679138,0.00875306408852339,-6.90542125701904,-0.103304259479046,1.70549023151398,-0.37107515335083,0.147408783435822,32.581492486,-10.446012202,-0.585067687499998,-0.416009682757302,-0.108353806307517,0.594074068149979
-37.8036499023438,-15.56396484375,-314.559936523438,-34.7518920898438,25.5203247070313,-293.731689453125,2.58187246322632,-9.28545761108398,0.380440384149551,0.748556792736053,-0.582173705101013,0.149777814745903,-1.45283222198486,-4.91901206970215,7.6388258934021,0.0478069894015789,-0.202679052948952,-0.133515566587448,2.82604122161865,-9.73726367950439,0.0951437205076218,-1.5976687669754,-0.935061812400818,0.32003390789032,0.0225222390145063,-6.89938688278198,-0.0883584916591644,1.70576965808868,-0.367068976163864,0.147330477833748,32.468536412,-10.415583334,-0.576403735000001,-0.416535266927725,-0.108400406328127,0.589129172976574
-37.689208984375,-15.4876708984375,-314.483642578125,-34.7137451171875,25.5584716796875,-293.731689453125,2.60023307800293,-9.27041625976563,0.404072463512421,0.745795011520386,-0.578330039978027,0.15178769826889,-1.43767845630646,-4.90752029418945,7.63945198059082,0.0475525595247746,-0.20355324447155,-0.133945599198341,2.80782246589661,-9.7239933013916,0.0832210183143616,-1.59648525714874,-0.926112174987793,0.321535468101501,0.0362914130091667,-6.89335250854492,-0.0734127163887024,1.70604908466339,-0.363062828779221,0.147252172231674,32.355580338,-10.385154466,-0.567739782499999,-0.417060851098148,-0.108447006348737,0.584184277803166
-37.689208984375,-15.4876708984375,-314.788818359375,-34.7518920898438,25.5203247070313,-293.502807617188,2.62072467803955,-9.26631641387939,0.418458551168442,0.741552829742432,-0.573313653469086,0.154177650809288,-1.42774450778961,-4.90437173843384,7.64138698577881,0.0474987365305424,-0.203829437494278,-0.134522423148155,2.79227948188782,-9.7174129486084,0.0619246363639832,-1.59669995307922,-0.916154444217682,0.321109801530838,0.041744027286768,-6.89251327514648,-0.0665413215756416,1.70636439323425,-0.360235214233398,0.146292060613632,32.242624264,-10.354725598,-0.559075830000002,-0.41758643526857,-0.108493606369347,0.579239382629761
-37.689208984375,-15.4876708984375,-315.093994140625,-34.7900390625,25.482177734375,-293.27392578125,2.64121627807617,-9.26221656799316,0.432844638824463,0.737310588359833,-0.568297266960144,0.156567588448524,-1.41781044006348,-4.90122365951538,7.6433219909668,0.0474449098110199,-0.204105615615845,-0.135099247097969,2.77673649787903,-9.7108325958252,0.0406282506883144,-1.59691476821899,-0.906196653842926,0.320684134960175,0.0471966378390789,-6.89167451858521,-0.0596699230372906,1.70667970180511,-0.357407599687576,0.145331963896751,32.12966819,-10.32429673,-0.5504118775,-0.418112019438993,-0.108540206389957,0.574294487456353
-37.7655029296875,-15.411376953125,-315.322875976563,-34.8663330078125,25.2532958984375,-293.121337890625,2.66170787811279,-9.25811672210693,0.447230756282806,0.733068406581879,-0.563280880451202,0.158957540988922,-1.40787649154663,-4.89807510375977,7.64525651931763,0.0473910868167877,-0.204381808638573,-0.135676071047783,2.76119327545166,-9.70425224304199,0.019331868737936,-1.59712946414948,-0.896238923072815,0.320258438587189,0.0526492521166801,-6.89083528518677,-0.0527985282242298,1.70699501037598,-0.354579985141754,0.144371852278709,32.016712116,-10.293867862,-0.541747924999998,-0.418637603609416,-0.108586806410567,0.569349592282946
-37.841796875,-15.3350830078125,-315.5517578125,-34.942626953125,25.0244140625,-292.96875,2.68219947814941,-9.2540168762207,0.461616843938828,0.728826224803925,-0.558264493942261,0.16134749352932,-1.39794254302979,-4.89492702484131,7.64719152450562,0.0473372600972652,-0.204658001661301,-0.136252909898758,2.74565029144287,-9.69767284393311,-0.00196451391093433,-1.59734427928925,-0.886281132698059,0.319832772016525,0.0581018626689911,-6.88999652862549,-0.0459271334111691,1.70731031894684,-0.351752370595932,0.143411740660667,31.903756042,-10.263438994,-0.533083972500001,-0.419163187779839,-0.108633406431176,0.56440469710954
-37.8799438476563,-15.2587890625,-315.85693359375,-34.7900390625,25.1388549804688,-292.96875,2.70269107818604,-9.24991703033447,0.476002931594849,0.724583983421326,-0.553248107433319,0.163737431168556,-1.38800847530365,-4.89177846908569,7.6491265296936,0.0472834371030331,-0.204934179782867,-0.136829733848572,2.73010730743408,-9.6910924911499,-0.023260897025466,-1.59755897521973,-0.876323401927948,0.319407105445862,0.063554473221302,-6.88915729522705,-0.0390557385981083,1.70762574672699,-0.348924785852432,0.142451643943787,31.790799968,-10.233010126,-0.524420019999999,-0.419688771950262,-0.108680006451786,0.559459801936133
-37.9180908203125,-15.1824951171875,-316.162109375,-34.637451171875,25.2532958984375,-292.96875,2.72318267822266,-9.24581718444824,0.49038901925087,0.720341801643372,-0.548231720924377,0.166127383708954,-1.3780745267868,-4.88863039016724,7.65106153488159,0.0472296103835106,-0.205210372805595,-0.137406557798386,2.71456432342529,-9.6845121383667,-0.0445572808384895,-1.59777367115021,-0.866365671157837,0.318981438875198,0.0690070912241936,-6.88831853866577,-0.0321843400597572,1.70794105529785,-0.34609717130661,0.141491532325745,31.677843894,-10.202581258,-0.515756067500002,-0.420214356120684,-0.108726606472396,0.554514906762728
-37.7655029296875,-15.2206420898438,-316.085815429688,-34.7137451171875,25.3677368164063,-293.121337890625,2.74367451667786,-9.24171733856201,0.504775106906891,0.716099560260773,-0.543215334415436,0.168517336249352,-1.36814045906067,-4.88548183441162,7.65299606323242,0.0471757873892784,-0.205486565828323,-0.137983381748199,2.69902110099792,-9.6779317855835,-0.065853662788868,-1.59798848628998,-0.856407880783081,0.318555772304535,0.0744597017765045,-6.88747930526733,-0.0253129452466965,1.70825636386871,-0.343269556760788,0.140531435608864,31.56488782,-10.17215239,-0.507092115,-0.420739940291107,-0.108773206493006,0.54957001158932
-37.6129150390625,-15.2587890625,-316.009521484375,-34.7900390625,25.482177734375,-293.27392578125,2.76416611671448,-9.23761749267578,0.519161224365234,0.711857378482819,-0.538198947906494,0.170907273888588,-1.35820651054382,-4.88233375549316,7.65493106842041,0.0471219606697559,-0.20576274394989,-0.138560205698013,2.68347811698914,-9.67135143280029,-0.0871500447392464,-1.59820318222046,-0.84645015001297,0.318130105733871,0.0799123123288155,-6.88664054870605,-0.0184415504336357,1.70857167243958,-0.340441942214966,0.139571323990822,31.451931746,-10.141723522,-0.498428162499998,-0.42126552446153,-0.108819806513616,0.544625116415912
-37.7273559570313,-15.1443481445313,-316.238403320313,-34.637451171875,25.4058837890625,-293.121337890625,2.7846577167511,-9.23351764678955,0.533547282218933,0.707615196704865,-0.533182561397552,0.173297226428986,-1.34827256202698,-4.87918519973755,7.6568660736084,0.0470681376755238,-0.206038936972618,-0.139137029647827,2.66793513298035,-9.66477108001709,-0.108446426689625,-1.59841799736023,-0.836492359638214,0.317704409360886,0.0853649228811264,-6.88580131530762,-0.0115701546892524,1.70888698101044,-0.337614327669144,0.13861121237278,31.338975672,-10.111294654,-0.489764210000001,-0.421791108631952,-0.108866406534226,0.539680221242507
-37.841796875,-15.0299072265625,-316.46728515625,-34.48486328125,25.32958984375,-292.96875,2.80514931678772,-9.22941780090332,0.547933399677277,0.703372955322266,-0.528166174888611,0.175687178969383,-1.33833849430084,-4.87603712081909,7.65880107879639,0.0470143146812916,-0.206315129995346,-0.139713853597641,2.65239214897156,-9.65819072723389,-0.129742816090584,-1.59863269329071,-0.826534628868103,0.317278742790222,0.0908175408840179,-6.88496208190918,-0.00469875847920775,1.7092022895813,-0.334786713123322,0.137651115655899,31.226019598,-10.080865786,-0.481100257499999,-0.422316692802375,-0.108913006554836,0.534735326069099
-37.7273559570313,-15.106201171875,-316.543579101563,-34.5611572265625,25.177001953125,-292.892456054688,2.82564091682434,-9.22531795501709,0.56231951713562,0.699130773544312,-0.523149788379669,0.17807711660862,-1.328404545784,-4.87288856506348,7.66073608398438,0.0469604879617691,-0.206591308116913,-0.140290692448616,2.63684916496277,-9.651611328125,-0.151039198040962,-1.59884738922119,-0.816576898097992,0.316853076219559,0.0962701514363289,-6.8841233253479,0.00217263726517558,1.70951759815216,-0.331959098577499,0.136691004037857,31.113063524,-10.050436918,-0.472436305000002,-0.422842276972798,-0.108959606575446,0.529790430895694
-37.6129150390625,-15.1824951171875,-316.619873046875,-34.637451171875,25.0244140625,-292.816162109375,2.84613251686096,-9.22121810913086,0.576705574989319,0.694888591766357,-0.518133401870728,0.180467069149017,-1.31847059726715,-4.86974048614502,7.66267061233521,0.0469066649675369,-0.206867501139641,-0.14086751639843,2.6213059425354,-9.6450309753418,-0.172335579991341,-1.59906220436096,-0.806619107723236,0.316427409648895,0.10172276198864,-6.88328409194946,0.00904403254389763,1.70983290672302,-0.329131484031677,0.135730892419815,31.00010745,-10.02000805,-0.4637723525,-0.423367861143221,-0.109006206596055,0.524845535722286
-37.689208984375,-15.0680541992188,-316.619873046875,-34.5993041992188,25.2151489257813,-292.66357421875,2.86662411689758,-9.21711826324463,0.591091692447662,0.690646350383759,-0.513117015361786,0.182857021689415,-1.30853652954102,-4.8665919303894,7.66460561752319,0.0468528382480145,-0.207143694162369,-0.141444340348244,2.60576295852661,-9.63845062255859,-0.193631961941719,-1.59927690029144,-0.796661376953125,0.316001743078232,0.107175372540951,-6.88244533538818,0.0159154292196035,1.71014821529388,-0.326303869485855,0.134770795702934,30.887151376,-9.98957918199999,-0.455108399999998,-0.423893445313644,-0.109052806616665,0.519900640548879
-37.7655029296875,-14.95361328125,-316.619873046875,-34.5611572265625,25.4058837890625,-292.510986328125,2.88277244567871,-9.21539783477783,0.598851084709167,0.686674416065216,-0.50676816701889,0.184938967227936,-1.30044949054718,-4.87241458892822,7.66933631896973,0.0467650406062603,-0.206864535808563,-0.141682744026184,2.59588527679443,-9.63377380371094,-0.214630931615829,-1.59979450702667,-0.786220133304596,0.314524382352829,0.114374354481697,-6.88143730163574,0.0241222325712442,1.70973289012909,-0.323598355054855,0.133525833487511,30.774195302,-9.959150314,-0.446444447500001,-0.424419029484066,-0.109099406637275,0.514955745375474
-37.6510620117188,-14.8391723632813,-317.3828125,-34.637451171875,25.32958984375,-292.510986328125,2.89457774162292,-9.2160587310791,0.599983870983124,0.68297266960144,-0.499086976051331,0.186712920665741,-1.29420948028564,-4.88720846176147,7.67686319351196,0.0466432645916939,-0.206030055880547,-0.141582727432251,2.59167289733887,-9.63099956512451,-0.235332474112511,-1.60061478614807,-0.775295495986938,0.311995357275009,0.123319700360298,-6.88026094436646,0.03366444632411,1.70858693122864,-0.321014940738678,0.131996005773544,30.661239228,-9.928721446,-0.437780494999999,-0.424944613654489,-0.109146006657885,0.510010850202066
-37.53662109375,-14.7247314453125,-318.145751953125,-34.7137451171875,25.2532958984375,-292.510986328125,2.90638279914856,-9.21671867370605,0.601116597652435,0.679270923137665,-0.491405785083771,0.188486859202385,-1.28796935081482,-4.90200233459473,7.68438959121704,0.0465214885771275,-0.205195561051369,-0.141482710838318,2.58746027946472,-9.62822532653809,-0.256034016609192,-1.60143518447876,-0.764370799064636,0.309466302394867,0.132265046238899,-6.87908411026001,0.043206661939621,1.70744097232819,-0.318431496620178,0.130466178059578,30.548283154,-9.89829257800001,-0.429116542500002,-0.425470197824912,-0.109192606678495,0.505065955028661
-37.6510620117188,-14.7628784179688,-318.29833984375,-34.8281860351563,25.1388549804688,-292.510986328125,2.91818785667419,-9.21737957000732,0.602249383926392,0.675569176673889,-0.483724594116211,0.19026081264019,-1.28172922134399,-4.91679620742798,7.69191646575928,0.046399712562561,-0.204361081123352,-0.141382694244385,2.58324790000916,-9.62545108795166,-0.276735574007034,-1.60225558280945,-0.753446161746979,0.306937277317047,0.141210377216339,-6.87790775299072,0.0527488738298416,1.70629501342773,-0.315848082304001,0.128936350345612,30.43532708,-9.86786371,-0.42045259,-0.425995781995334,-0.109239206699105,0.500121059855253
-37.7655029296875,-14.801025390625,-318.450927734375,-34.942626953125,25.0244140625,-292.510986328125,2.92999315261841,-9.21803951263428,0.603382110595703,0.671867430210114,-0.476043373346329,0.192034766077995,-1.27548921108246,-4.93159008026123,7.69944286346436,0.0462779365479946,-0.203526601195335,-0.141282677650452,2.57903552055359,-9.62267780303955,-0.297437131404877,-1.60307586193085,-0.742521524429321,0.304408252239227,0.15015572309494,-6.87673091888428,0.0622910857200623,1.70514893531799,-0.313264638185501,0.127406522631645,30.3805258715,-9.81225584799999,-0.4202710725,-0.426528054077021,-0.10924981297287,0.49566143417087
-37.6129150390625,-14.7247314453125,-318.374633789063,-34.942626953125,24.8336791992188,-292.05322265625,2.94179821014404,-9.21869945526123,0.604514896869659,0.668165683746338,-0.468362182378769,0.193808704614639,-1.26924908161163,-4.94638395309448,7.70696926116943,0.0461561605334282,-0.202692106366158,-0.141182661056519,2.57482314109802,-9.61990356445313,-0.318138659000397,-1.60389626026154,-0.731596827507019,0.301879197359085,0.159101068973541,-6.87555456161499,0.0718332976102829,1.70400297641754,-0.310681194067001,0.125876694917679,30.325724663,-9.75664798600001,-0.420089555,-0.427060326158708,-0.109260419246634,0.491201808486489
-37.4603271484375,-14.6484375,-318.29833984375,-34.942626953125,24.6429443359375,-291.595458984375,2.95360326766968,-9.2193603515625,0.605647623538971,0.664463937282562,-0.460680991411209,0.195582658052444,-1.26300895214081,-4.96117782592773,7.71449613571167,0.0460343845188618,-0.201857626438141,-0.141082644462585,2.57061076164246,-9.6171293258667,-0.338840216398239,-1.60471665859222,-0.720672190189362,0.299350172281265,0.168046414852142,-6.87437772750854,0.0813755169510841,1.70285701751709,-0.308097779750824,0.124346867203712,30.2709234545,-9.70104012399999,-0.4199080375,-0.427592598240395,-0.109271025520399,0.486742182802106
-37.7273559570313,-14.6102905273438,-318.527221679688,-34.7518920898438,24.6810913085938,-291.671752929688,2.96540856361389,-9.22002029418945,0.606780409812927,0.660762190818787,-0.452999770641327,0.19735661149025,-1.25676894187927,-4.97597169876099,7.72202253341675,0.0459126085042953,-0.201023131608963,-0.140982612967491,2.56639814376831,-9.61435508728027,-0.359541773796082,-1.60553693771362,-0.709747493267059,0.296821147203445,0.176991760730743,-6.87320137023926,0.0909177288413048,1.70171105861664,-0.305514335632324,0.122817039489746,30.216122246,-9.64543226200001,-0.41972652,-0.428124870322081,-0.109281631794164,0.482282557117725
-37.994384765625,-14.5721435546875,-318.756103515625,-34.5611572265625,24.71923828125,-291.748046875,2.97721362113953,-9.22068119049072,0.607913136482239,0.657060444355011,-0.445318579673767,0.199130550026894,-1.25052881240845,-4.99076557159424,7.72954940795898,0.0457908324897289,-0.200188651680946,-0.140882596373558,2.56218576431274,-9.61158180236816,-0.380243301391602,-1.60635733604431,-0.698822855949402,0.294292092323303,0.185937106609344,-6.87202453613281,0.100459940731525,1.7005649805069,-0.302930921316147,0.12128721177578,30.1613210375,-9.5898244,-0.4195450025,-0.428657142403768,-0.109292238067929,0.477822931433342
-38.0706787109375,-14.5339965820313,-319.137573242188,-34.6755981445313,24.566650390625,-291.900634765625,2.98901891708374,-9.22134113311768,0.609045922756195,0.653358697891235,-0.437637358903885,0.200904503464699,-1.24428880214691,-5.00555896759033,7.73707580566406,0.0456690602004528,-0.19935417175293,-0.140782579779625,2.55797338485718,-9.60880756378174,-0.400944858789444,-1.60717761516571,-0.687898218631744,0.291763067245483,0.194882452487946,-6.87084817886353,0.110002152621746,1.69941902160645,-0.300347477197647,0.119757384061813,30.106519829,-9.53421653799999,-0.419363485,-0.429189414485455,-0.109302844341694,0.473363305748959
-38.14697265625,-14.495849609375,-319.51904296875,-34.7900390625,24.4140625,-292.05322265625,3.00082397460938,-9.22200202941895,0.610178649425507,0.64965695142746,-0.429956167936325,0.202678456902504,-1.23804867267609,-5.02035284042358,7.7446026802063,0.0455472841858864,-0.198519676923752,-0.140682563185692,2.55376100540161,-9.60603332519531,-0.421646416187286,-1.6079980134964,-0.676973521709442,0.289234042167664,0.203827783465385,-6.86967134475708,0.119544364511967,1.69827306270599,-0.29776406288147,0.118227563798428,30.0517186205,-9.47860867600001,-0.4191819675,-0.429721686567142,-0.109313450615459,0.468903680064578
-38.0706787109375,-14.4195556640625,-319.82421875,-34.9044799804688,24.3377685546875,-291.748046875,3.01262903213501,-9.2226619720459,0.611311435699463,0.645955204963684,-0.422274976968765,0.204452410340309,-1.23180854320526,-5.03514671325684,7.75212907791138,0.04542550817132,-0.197685196995735,-0.140582546591759,2.54954838752747,-9.60325908660889,-0.442347973585129,-1.60881841182709,-0.666048884391785,0.286705017089844,0.212773129343987,-6.86849498748779,0.129086583852768,1.69712710380554,-0.29518061876297,0.116697736084461,29.996917412,-9.42300081399999,-0.41900045,-0.430253958648829,-0.109324056889223,0.464444054380195
-37.994384765625,-14.34326171875,-320.12939453125,-35.0189208984375,24.261474609375,-291.44287109375,3.02443432807922,-9.22332286834717,0.612444162368774,0.642253458499908,-0.414593756198883,0.206226348876953,-1.22556853294373,-5.04994058609009,7.75965595245361,0.0453037321567535,-0.196850702166557,-0.140482529997826,2.5453360080719,-9.60048580169678,-0.463049501180649,-1.60963869094849,-0.655124187469482,0.284175962209702,0.221718475222588,-6.86731815338135,0.138628795742989,1.6959810256958,-0.292597204446793,0.115167908370495,29.9421162035,-9.36739295200001,-0.4188189325,-0.430786230730515,-0.109334663162988,0.459984428695814
-38.14697265625,-14.2669677734375,-320.510864257813,-34.942626953125,24.4522094726563,-291.213989257813,3.03623938560486,-9.22398281097412,0.613576948642731,0.638551712036133,-0.406912565231323,0.208000302314758,-1.2193284034729,-5.06473445892334,7.76718235015869,0.0451819561421871,-0.196016222238541,-0.140382513403893,2.54112362861633,-9.59771156311035,-0.483751058578491,-1.61045908927917,-0.644199550151825,0.281646937131882,0.230663821101189,-6.86614179611206,0.148171007633209,1.69483506679535,-0.290013760328293,0.113638080656528,29.887314995,-9.31178509,-0.418637415,-0.431318502812202,-0.109345269436753,0.455524803011431
-38.299560546875,-14.190673828125,-320.892333984375,-34.8663330078125,24.6429443359375,-290.985107421875,3.04984521865845,-9.22751235961914,0.609611690044403,0.635570168495178,-0.397259682416916,0.208663627505302,-1.21009159088135,-5.06991624832153,7.77037715911865,0.0454505123198032,-0.19448633491993,-0.139032065868378,2.53814172744751,-9.59092617034912,-0.499859601259232,-1.60915219783783,-0.632031083106995,0.277920633554459,0.237195402383804,-6.86801052093506,0.168481633067131,1.69264948368073,-0.287899374961853,0.111678145825863,29.8325137865,-9.25617722799999,-0.4184558975,-0.431850774893889,-0.109355875710518,0.451065177327048
-38.1851196289063,-14.190673828125,-321.197509765625,-34.7518920898438,24.4903564453125,-291.366577148438,3.06345081329346,-9.23104286193848,0.60564649105072,0.632588624954224,-0.387606769800186,0.209326937794685,-1.20085477828979,-5.07509756088257,7.77357244491577,0.0457190722227097,-0.19295646250248,-0.137681618332863,2.53515982627869,-9.58414077758789,-0.515968143939972,-1.60784530639648,-0.61986255645752,0.274194300174713,0.243726998567581,-6.86987924575806,0.188792243599892,1.69046401977539,-0.285785019397736,0.109718210995197,29.777712578,-9.20056936600001,-0.41827438,-0.432383046975576,-0.109366481984283,0.446605551642667
-38.0706787109375,-14.190673828125,-321.502685546875,-34.637451171875,24.3377685546875,-291.748046875,3.07705664634705,-9.2345724105835,0.601681232452393,0.629607081413269,-0.377953886985779,0.209990262985229,-1.19161796569824,-5.08027935028076,7.77676725387573,0.0459876284003258,-0.191426575183868,-0.136331170797348,2.53217792510986,-9.57735443115234,-0.532076716423035,-1.60653841495514,-0.607694089412689,0.27046799659729,0.250258594751358,-6.87174797058105,0.209102869033813,1.68827843666077,-0.283670634031296,0.107758276164532,29.7229113695,-9.14496150399999,-0.4180928625,-0.432915319057263,-0.109377088258048,0.442145925958284
-38.14697265625,-14.0380859375,-321.578979492188,-34.8663330078125,24.2996215820313,-291.671752929688,3.09066224098206,-9.23810195922852,0.597715973854065,0.626625597476959,-0.368300974369049,0.210653588175774,-1.18238127231598,-5.08546113967896,7.77996253967285,0.0462561883032322,-0.189896687865257,-0.134980738162994,2.52919602394104,-9.57056903839111,-0.548185288906097,-1.60523152351379,-0.595525562763214,0.266741663217545,0.256790161132813,-6.87361669540405,0.229413479566574,1.68609285354614,-0.281556278467178,0.105798333883286,29.668110161,-9.08935364200001,-0.417911345,-0.433447591138949,-0.109387694531812,0.437686300273903
-38.2232666015625,-13.885498046875,-321.6552734375,-35.09521484375,24.261474609375,-291.595458984375,3.10426807403564,-9.24163150787354,0.593750774860382,0.623644053936005,-0.358648091554642,0.211316898465157,-1.17314445972443,-5.09064292907715,7.78315734863281,0.0465247444808483,-0.188366800546646,-0.13363029062748,2.5262143611908,-9.56378364562988,-0.56429386138916,-1.60392463207245,-0.583357095718384,0.263015359640121,0.263321757316589,-6.87548589706421,0.249724105000496,1.68390727043152,-0.279441893100739,0.10383839905262,29.6133089525,-9.03374578,-0.4177298275,-0.433979863220636,-0.109398300805577,0.43322667458952
-38.1088256835938,-13.9236450195313,-321.96044921875,-35.0570678710938,24.261474609375,-291.595458984375,3.11787390708923,-9.24516201019287,0.589785516262054,0.62066251039505,-0.348995178937912,0.211980223655701,-1.16390764713287,-5.09582424163818,7.78635263442993,0.0467933043837547,-0.186836928129196,-0.132279843091965,2.52323246002197,-9.55699825286865,-0.580402374267578,-1.6026177406311,-0.571188569068909,0.259289026260376,0.269853353500366,-6.87735462188721,0.270034730434418,1.68172180652618,-0.277327507734299,0.101878464221954,29.558507744,-8.97813791799999,-0.41754831,-0.434512135302323,-0.109408907079342,0.428767048905137
-37.994384765625,-13.9617919921875,-322.265625,-35.0189208984375,24.261474609375,-291.595458984375,3.13147950172424,-9.24869155883789,0.585820317268372,0.617680966854095,-0.339342296123505,0.212643548846245,-1.15467083454132,-5.10100603103638,7.78954744338989,0.0470618605613708,-0.185307040810585,-0.13092939555645,2.52025055885315,-9.55021286010742,-0.596510946750641,-1.60131084918976,-0.559020102024078,0.255562722682953,0.276384949684143,-6.87922334671021,0.290345340967178,1.67953622341156,-0.275213152170181,0.0999185293912888,29.5037065355,-8.92253005600001,-0.4173667925,-0.43504440738401,-0.109419513353107,0.424307423220756
-38.1851196289063,-13.885498046875,-322.57080078125,-34.8663330078125,24.0707397460938,-291.366577148438,3.14508533477783,-9.25222110748291,0.581855058670044,0.614699423313141,-0.329689383506775,0.213306859135628,-1.14543402194977,-5.10618782043457,7.79274272918701,0.0473304204642773,-0.183777153491974,-0.129578948020935,2.51726865768433,-9.54342746734619,-0.612619519233704,-1.60000395774841,-0.546851575374603,0.251836389303207,0.282916516065598,-6.8810920715332,0.310655951499939,1.67735064029694,-0.273098766803741,0.0979585945606232,29.448905327,-8.86692219399999,-0.417185275,-0.435576679465697,-0.109430119626872,0.419847797536373
-38.3758544921875,-13.8092041015625,-322.8759765625,-34.7137451171875,23.8800048828125,-291.1376953125,3.15869092941284,-9.25575065612793,0.577889800071716,0.611717879772186,-0.320036500692368,0.213970184326172,-1.13619720935822,-5.11136960983276,7.79593753814697,0.0475989766418934,-0.182247266173363,-0.12822850048542,2.5142867565155,-9.53664112091064,-0.628728091716766,-1.59869706630707,-0.534683108329773,0.248110070824623,0.289448112249374,-6.8829607963562,0.3309665620327,1.6751651763916,-0.270984411239624,0.0959986597299576,29.3941041185,-8.81131433200001,-0.4170037575,-0.436108951547383,-0.109440725900636,0.415388171851992
-38.299560546875,-13.8473510742188,-323.333740234375,-34.8663330078125,23.8037109375,-291.213989257813,3.17229676246643,-9.25928115844727,0.573924601078033,0.608736336231232,-0.310383588075638,0.214633509516716,-1.12696039676666,-5.1165509223938,7.79913234710693,0.0478675328195095,-0.180717393755913,-0.126878052949905,2.51130485534668,-9.52985572814941,-0.644836604595184,-1.59739017486572,-0.522514641284943,0.244383752346039,0.295979708433151,-6.8848295211792,0.351277202367783,1.67297959327698,-0.268870025873184,0.094038724899292,29.33930291,-8.75570647,-0.41682224,-0.43664122362907,-0.109451332174401,0.410928546167609
-38.2232666015625,-13.885498046875,-323.79150390625,-35.0189208984375,23.7274169921875,-291.290283203125,3.18590259552002,-9.26281070709229,0.569959342479706,0.605754852294922,-0.30073070526123,0.215296819806099,-1.1177237033844,-5.12173271179199,7.80232763290405,0.0481360927224159,-0.179187506437302,-0.125527620315552,2.50832295417786,-9.52307033538818,-0.660945177078247,-1.59608328342438,-0.510346114635468,0.240657433867455,0.302511304616928,-6.8866982460022,0.371587812900543,1.67079401016235,-0.266755640506744,0.0920787826180458,29.3387734625,-8.755645137,-0.4167578435,-0.437344566662485,-0.109670805472668,0.407549225785639
-38.2232666015625,-13.7710571289063,-324.249267578125,-35.0570678710938,23.6892700195313,-291.44287109375,3.19950819015503,-9.2663402557373,0.565994083881378,0.602773308753967,-0.291077792644501,0.215960144996643,-1.10848689079285,-5.12691450119019,7.80552244186401,0.048404648900032,-0.17765761911869,-0.124177172780037,2.50534105300903,-9.51628494262695,-0.67705374956131,-1.59477639198303,-0.498177617788315,0.23693111538887,0.309042870998383,-6.8885669708252,0.391898423433304,1.66860854625702,-0.264641284942627,0.0901188477873802,29.338244015,-8.755583804,-0.416693447,-0.4380479096959,-0.109890278770935,0.40416990540367
-38.2232666015625,-13.6566162109375,-324.70703125,-35.09521484375,23.651123046875,-291.595458984375,3.21311402320862,-9.26986980438232,0.562028884887695,0.599791765213013,-0.281424909830093,0.216623470187187,-1.09925007820129,-5.13209629058838,7.80871772766113,0.0486732088029385,-0.176127731800079,-0.122826725244522,2.50235915184021,-9.50949954986572,-0.693162322044373,-1.59346950054169,-0.486009120941162,0.233204796910286,0.315574467182159,-6.89043569564819,0.412209033966064,1.6664229631424,-0.262526899576187,0.0881589129567146,29.3377145675,-8.755522471,-0.4166290505,-0.438751252729315,-0.110109752069201,0.4007905850217
-38.4140014648438,-13.580322265625,-324.859619140625,-35.1333618164063,23.3840942382813,-291.519165039063,3.21448922157288,-9.27513313293457,0.56171315908432,0.596760272979736,-0.271410077810287,0.216939091682434,-1.09565269947052,-5.12836980819702,7.81047677993774,0.0485783480107784,-0.174443751573563,-0.121445558965206,2.49840998649597,-9.50627422332764,-0.708802044391632,-1.59155666828156,-0.476224154233932,0.230131983757019,0.317665010690689,-6.89292621612549,0.432111024856567,1.66451299190521,-0.260788798332214,0.085819274187088,29.33718512,-8.755461138,-0.416564654,-0.439454595762729,-0.110329225367468,0.397411264639731
-38.604736328125,-13.5040283203125,-325.01220703125,-35.1715087890625,23.1170654296875,-291.44287109375,3.20363402366638,-9.28212928771973,0.565047025680542,0.593678832054138,-0.261033356189728,0.216907039284706,-1.09769487380981,-5.11573600769043,7.81079959869385,0.0481200739741325,-0.172605663537979,-0.12003368139267,2.49349331855774,-9.5066089630127,-0.723972976207733,-1.58903789520264,-0.468822687864304,0.22771267592907,0.315314501523972,-6.89603757858276,0.45160436630249,1.66287875175476,-0.259426921606064,0.0830999314785004,29.3366556725,-8.755399805,-0.4165002575,-0.440157938796144,-0.110548698665735,0.394031944257761
-38.604736328125,-13.3895874023438,-325.164794921875,-35.0189208984375,23.040771484375,-291.44287109375,3.19277882575989,-9.28912448883057,0.568380832672119,0.590597450733185,-0.250656634569168,0.216874971985817,-1.09973704814911,-5.10310220718384,7.81112241744995,0.0476617999374866,-0.170767560601234,-0.118621803820133,2.48857665061951,-9.50694370269775,-0.739143848419189,-1.58651912212372,-0.461421221494675,0.22529336810112,0.312964022159576,-6.89914894104004,0.471097737550735,1.66124451160431,-0.258065044879913,0.0803805962204933,29.336126225,-8.755338472,-0.416435861,-0.440861281829559,-0.110768171964001,0.39065262387579
-38.604736328125,-13.275146484375,-325.3173828125,-34.8663330078125,22.9644775390625,-291.44287109375,3.18192386627197,-9.29612064361572,0.571714699268341,0.587516009807587,-0.240279898047447,0.216842904686928,-1.1017792224884,-5.09046840667725,7.81144523620605,0.0472035221755505,-0.168929472565651,-0.117209926247597,2.48365998268127,-9.50727844238281,-0.754314780235291,-1.58400046825409,-0.454019755125046,0.22287406027317,0.310613512992859,-6.90226030349731,0.490591078996658,1.65961027145386,-0.256703168153763,0.0776612535119057,29.3355967775,-8.755277139,-0.4163714645,-0.441564624862974,-0.110987645262268,0.387273303493822
-38.604736328125,-13.1988525390625,-325.698852539063,-34.942626953125,22.9263305664063,-291.595458984375,3.17106866836548,-9.30311679840088,0.575048506259918,0.584434568881989,-0.229903176426888,0.2168108522892,-1.10382127761841,-5.07783460617065,7.81176805496216,0.0467452481389046,-0.167091384530067,-0.11579804867506,2.47874331474304,-9.50761318206787,-0.769485712051392,-1.58148169517517,-0.446618288755417,0.220454752445221,0.308263003826141,-6.90537214279175,0.510084450244904,1.65797603130341,-0.255341291427612,0.074941910803318,29.33506733,-8.755215806,-0.416307068,-0.442267967896389,-0.111207118560535,0.383893983111851
-38.604736328125,-13.12255859375,-326.080322265625,-35.0189208984375,22.88818359375,-291.748046875,3.16021347045898,-9.31011295318604,0.57838237285614,0.58135312795639,-0.219526439905167,0.216778784990311,-1.1058634519577,-5.06520080566406,7.81209135055542,0.0462869741022587,-0.165253281593323,-0.114386163651943,2.47382664680481,-9.50794792175293,-0.784656643867493,-1.57896292209625,-0.439216822385788,0.21803542971611,0.305912494659424,-6.90848350524902,0.529577791690826,1.65634179115295,-0.253979414701462,0.0722225680947304,29.3345378825,-8.755154473,-0.4162426715,-0.442971310929804,-0.111426591858801,0.380514662729883
-38.604736328125,-13.0462646484375,-326.461791992188,-35.0570678710938,22.8118896484375,-291.519165039063,3.14935827255249,-9.31710910797119,0.581716179847717,0.578271687030792,-0.209149718284607,0.216746717691422,-1.107905626297,-5.05256700515747,7.81241416931152,0.0458286963403225,-0.163415193557739,-0.112974286079407,2.46890997886658,-9.50828266143799,-0.799827575683594,-1.57644426822662,-0.431815356016159,0.215616121888161,0.303561985492706,-6.9115948677063,0.549071133136749,1.6547075510025,-0.252617537975311,0.0695032253861427,29.334008435,-8.75509314,-0.416178275,-0.443674653963219,-0.111646065157068,0.377135342347913
-38.604736328125,-12.969970703125,-326.84326171875,-35.09521484375,22.735595703125,-291.290283203125,3.138503074646,-9.32410430908203,0.585050046443939,0.575190305709839,-0.198772981762886,0.216714665293694,-1.10994780063629,-5.03993320465088,7.81273698806763,0.0453704223036766,-0.161577105522156,-0.11156240850687,2.46399307250977,-9.50861740112305,-0.81499844789505,-1.57392549514771,-0.424413859844208,0.213196814060211,0.301211506128311,-6.91470623016357,0.568564474582672,1.65307331085205,-0.251255661249161,0.0667838901281357,29.3334789875,-8.755031807,-0.4161138785,-0.444377996996634,-0.111865538455335,0.373756021965942
-38.6428833007813,-13.0462646484375,-327.224731445313,-35.0570678710938,22.5448608398438,-291.519165039063,3.1276478767395,-9.33110046386719,0.588383853435516,0.572108864784241,-0.188396260142326,0.216682597994804,-1.1119898557663,-5.02729940414429,7.81305980682373,0.0449121482670307,-0.159739002585411,-0.110150530934334,2.45907640457153,-9.50895214080811,-0.830169379711151,-1.57140672206879,-0.417012393474579,0.210777506232262,0.298860996961594,-6.91781806945801,0.588057816028595,1.6514390707016,-0.249893799424171,0.064064547419548,29.33294954,-8.754970474,-0.416049482,-0.445081340030049,-0.112085011753601,0.370376701583974
-38.6810302734375,-13.12255859375,-327.606201171875,-35.0189208984375,22.3541259765625,-291.748046875,3.11679267883301,-9.33809661865234,0.591717720031738,0.569027423858643,-0.178019523620605,0.216650545597076,-1.11403203010559,-5.01466512680054,7.81338262557983,0.0444538705050945,-0.157900914549828,-0.108738653361797,2.4541597366333,-9.50928783416748,-0.845340311527252,-1.56888806819916,-0.40961092710495,0.208358198404312,0.296510487794876,-6.92092943191528,0.607551157474518,1.64980483055115,-0.248531922698021,0.0613452047109604,29.3324200925,-8.754909141,-0.4159850855,-0.445784683063464,-0.112304485051868,0.366997381202003
-38.909912109375,-13.2369995117188,-328.06396484375,-35.0189208984375,22.3922729492188,-291.900634765625,3.10593771934509,-9.3450927734375,0.595051527023315,0.565945982933044,-0.167642802000046,0.216618478298187,-1.11607420444489,-5.00203132629395,7.81370544433594,0.0439955964684486,-0.156062826514244,-0.107326775789261,2.44924306869507,-9.50962257385254,-0.860511243343353,-1.56636929512024,-0.402209460735321,0.205938890576363,0.294159978628159,-6.92404079437256,0.627044558525085,1.6481705904007,-0.24717004597187,0.058625865727663,29.331890645,-8.754847808,-0.415920689,-0.446488026096878,-0.112523958350135,0.363618060820035
-39.1387939453125,-13.3514404296875,-328.521728515625,-35.0189208984375,22.430419921875,-292.05322265625,3.0950825214386,-9.35208797454834,0.598385393619537,0.562864601612091,-0.157266065478325,0.216586410999298,-1.11811637878418,-4.98939752578735,7.8140287399292,0.0435373224318027,-0.154224738478661,-0.105914890766144,2.44432640075684,-9.5099573135376,-0.87568211555481,-1.56385052204132,-0.394807994365692,0.203519567847252,0.291809499263763,-6.92715215682983,0.646537899971008,1.64653635025024,-0.245808184146881,0.0559065230190754,29.3313611975,-8.754786475,-0.4158562925,-0.447191369130293,-0.112743431648402,0.360238740438064
-38.9862060546875,-13.3132934570313,-328.521728515625,-35.09521484375,22.27783203125,-292.05322265625,3.0842273235321,-9.3590841293335,0.601719200611115,0.559783160686493,-0.146889343857765,0.21655435860157,-1.12015843391418,-4.97676372528076,7.8143515586853,0.0430790446698666,-0.152386635541916,-0.104503013193607,2.4394097328186,-9.51029205322266,-0.890853047370911,-1.56133186817169,-0.387406527996063,0.201100260019302,0.289458990097046,-6.93026399612427,0.666031241416931,1.64490211009979,-0.244446307420731,0.053187184035778,29.33083175,-8.754725142,-0.415791896,-0.447894712163708,-0.112962904946668,0.356859420056094
-38.8336181640625,-13.275146484375,-328.521728515625,-35.1715087890625,22.125244140625,-292.05322265625,3.07337212562561,-9.36608028411865,0.605053067207336,0.556701719760895,-0.136512607336044,0.216522291302681,-1.12220060825348,-4.96412992477417,7.81467437744141,0.0426207706332207,-0.150548547506332,-0.103091135621071,2.43449306488037,-9.51062679290771,-0.906023979187012,-1.55881309509277,-0.380005061626434,0.198680952191353,0.287108480930328,-6.93337535858154,0.685524582862854,1.64326786994934,-0.24308443069458,0.0504678413271904,29.3303023025,-8.754663809,-0.4157274995,-0.448598055197123,-0.113182378244935,0.353480099674125
-38.8717651367188,-13.427734375,-328.9794921875,-35.2096557617188,22.125244140625,-291.824340820313,3.03739452362061,-9.38347244262695,0.619768798351288,0.553548455238342,-0.126454249024391,0.215938419103622,-1.1385600566864,-4.94225406646729,7.81303071975708,0.0422766134142876,-0.150665879249573,-0.103212296962738,2.42506337165833,-9.52414894104004,-0.91689258813858,-1.55223608016968,-0.369343489408493,0.195431530475616,0.279757857322693,-6.94040298461914,0.697667717933655,1.64130091667175,-0.241536632180214,0.0472466461360455,29.329772855,-8.754602476,-0.415663103,-0.449301398230538,-0.113401851543202,0.350100779292155
-38.909912109375,-13.580322265625,-329.437255859375,-35.247802734375,22.125244140625,-291.595458984375,3.00141716003418,-9.40086364746094,0.634484529495239,0.55039519071579,-0.116395890712738,0.215354546904564,-1.15491962432861,-4.9203782081604,7.81138706207275,0.0419324561953545,-0.150783210992813,-0.103333458304405,2.4156334400177,-9.53767013549805,-0.927761137485504,-1.54565894603729,-0.358681946992874,0.192182123661041,0.272407233715057,-6.94743061065674,0.709810853004456,1.63933396339417,-0.239988848567009,0.0440254472196102,29.3292434075,-8.754541143,-0.4155987065,-0.450004741263953,-0.113621324841468,0.346721458910186
-39.1006469726563,-13.5040283203125,-329.58984375,-35.0570678710938,21.97265625,-291.595458984375,2.96543955802917,-9.41825580596924,0.649200320243835,0.547241985797882,-0.106337532401085,0.214770674705505,-1.17127907276154,-4.89850234985352,7.80974292755127,0.0415882952511311,-0.150900542736053,-0.103454619646072,2.40620374679565,-9.55119228363037,-0.938629746437073,-1.5390819311142,-0.348020374774933,0.188932701945305,0.265056610107422,-6.95445823669434,0.721953988075256,1.63736701011658,-0.238441050052643,0.0408042520284653,29.32871396,-8.75447981,-0.41553431,-0.450708084297368,-0.113840798139735,0.343342138528216
-39.2913818359375,-13.427734375,-329.742431640625,-34.8663330078125,21.820068359375,-291.595458984375,2.92946219444275,-9.43564796447754,0.663916051387787,0.54408872127533,-0.0962791815400124,0.214186802506447,-1.18763852119446,-4.87662649154663,7.80809926986694,0.041244138032198,-0.151017874479294,-0.10357578843832,2.39677381515503,-9.5647144317627,-0.949498355388641,-1.5325049161911,-0.337358802556992,0.185683280229568,0.257705986499786,-6.96148586273193,0.734097182750702,1.63540005683899,-0.236893251538277,0.0375830568373203,29.274064662,-8.74568776,-0.408633239499998,-0.451513204745647,-0.114368973098142,0.341338487399601
-39.2913818359375,-13.4658813476563,-330.047607421875,-34.7518920898438,21.7437744140625,-291.748046875,2.89348459243774,-9.45303916931152,0.678631782531738,0.540935456752777,-0.0862208232283592,0.213602915406227,-1.20399808883667,-4.85475015640259,7.80645561218262,0.0408999808132648,-0.151135206222534,-0.103696949779987,2.38734412193298,-9.57823657989502,-0.96036696434021,-1.52592778205872,-0.326697260141373,0.182433858513832,0.250355362892151,-6.96851348876953,0.746240317821503,1.6334331035614,-0.235345467925072,0.0343618579208851,29.219415364,-8.73689571,-0.401732169000001,-0.452318325193927,-0.114897148056549,0.339334836270987
-39.2913818359375,-13.5040283203125,-330.352783203125,-34.637451171875,21.66748046875,-291.900634765625,2.85750722885132,-9.47043132781982,0.69334751367569,0.537782192230225,-0.0761624649167061,0.213019043207169,-1.22035753726959,-4.8328742980957,7.80481195449829,0.0405558235943317,-0.151252537965775,-0.103818111121655,2.37791419029236,-9.59175777435303,-0.971235513687134,-1.51935076713562,-0.316035687923431,0.179184451699257,0.243004739284515,-6.97554111480713,0.758383452892303,1.63146615028381,-0.233797669410706,0.0311406627297401,29.164766066,-8.72810366,-0.394831098499999,-0.453123445642207,-0.115425323014956,0.337331185142372
-39.4439697265625,-13.6184692382813,-330.734252929688,-34.8663330078125,21.6293334960938,-291.900634765625,2.82152962684631,-9.48782348632813,0.708063244819641,0.534628927707672,-0.0661041066050529,0.21243517100811,-1.23671698570251,-4.81099843978882,7.80316829681396,0.0402116626501083,-0.151369854807854,-0.103939272463322,2.36848449707031,-9.60527992248535,-0.982104122638702,-1.51277363300323,-0.30537411570549,0.175935029983521,0.23565411567688,-6.98256921768188,0.770526587963104,1.62949931621552,-0.232249870896339,0.0279194656759501,29.110116768,-8.71931161,-0.387930028000002,-0.453928566090486,-0.115953497973362,0.335327534013758
-39.5965576171875,-13.73291015625,-331.11572265625,-35.09521484375,21.5911865234375,-291.900634765625,2.78555226325989,-9.50521469116211,0.722778975963593,0.53147566318512,-0.0560457482933998,0.211851298809052,-1.25307655334473,-4.78912258148193,7.80152463912964,0.0398675054311752,-0.151487186551094,-0.104060433804989,2.35905456542969,-9.61880207061768,-0.992972731590271,-1.50619661808014,-0.294712573289871,0.172685608267784,0.228303492069244,-6.98959684371948,0.782669723033905,1.62753236293793,-0.230702087283134,0.0246982704848051,29.05546747,-8.71051956,-0.3810289575,-0.454733686538766,-0.116481672931769,0.333323882885143
-39.4058227539063,-13.7710571289063,-331.268310546875,-35.1715087890625,21.4385986328125,-291.900634765625,2.74957466125488,-9.52260684967041,0.737494766712189,0.528322458267212,-0.045987393707037,0.211267426609993,-1.26943600177765,-4.76724672317505,7.79988050460815,0.0395233482122421,-0.151604518294334,-0.104181595146656,2.34962487220764,-9.63232421875,-1.00384128093719,-1.49961960315704,-0.28405100107193,0.169436186552048,0.220952868461609,-6.99662446975708,0.794812858104706,1.62556540966034,-0.229154288768768,0.021477073431015,29.000818172,-8.70172751,-0.374127886999998,-0.455538806987046,-0.117009847890176,0.331320231756528
-39.215087890625,-13.8092041015625,-331.4208984375,-35.247802734375,21.2860107421875,-291.900634765625,2.71359729766846,-9.53999900817871,0.75221049785614,0.525169193744659,-0.0359290353953838,0.210683554410934,-1.28579545021057,-4.74537086486816,7.79823684692383,0.039179190993309,-0.151721850037575,-0.104302756488323,2.34019494056702,-9.64584541320801,-1.01470994949341,-1.49304246902466,-0.273389428853989,0.166186779737473,0.213602244853973,-7.00365209579468,0.806955993175507,1.62359845638275,-0.227606490254402,0.0182558763772249,28.946168874,-8.69293546,-0.367226816500001,-0.456343927435325,-0.117538022848583,0.329316580627914
-39.520263671875,-13.73291015625,-331.573486328125,-35.247802734375,21.3241577148438,-291.824340820313,2.67761969566345,-9.5573902130127,0.766926229000092,0.522015929222107,-0.0258706789463758,0.210099682211876,-1.30215501785278,-4.72349500656128,7.7965931892395,0.0388350337743759,-0.151839181780815,-0.104423925280571,2.33076524734497,-9.65936756134033,-1.02557849884033,-1.48646545410156,-0.26272788643837,0.162937358021736,0.206251621246338,-7.01067972183228,0.819099187850952,1.62163150310516,-0.226058706641197,0.0150346802547574,28.891519576,-8.68414341,-0.360325745999999,-0.457149047883605,-0.11806619780699,0.327312929499299
-39.825439453125,-13.6566162109375,-331.72607421875,-35.247802734375,21.3623046875,-291.748046875,2.64164233207703,-9.574782371521,0.781641960144043,0.518862664699554,-0.0158123206347227,0.209515810012817,-1.31851446628571,-4.70161914825439,7.79494953155518,0.0384908728301525,-0.151956513524055,-0.104545086622238,2.32133531570435,-9.67288970947266,-1.03644704818726,-1.47988843917847,-0.252066314220428,0.159687936306,0.198900997638702,-7.01770734786987,0.831242322921753,1.61966454982758,-0.224510908126831,0.0118134841322899,28.836870278,-8.67535136,-0.353424675500002,-0.457954168331884,-0.118594372765397,0.325309278370685
-39.7872924804688,-13.6184692382813,-332.183837890625,-35.2096557617188,21.0189819335938,-291.824340820313,2.60566473007202,-9.5921745300293,0.796357691287994,0.515709400177002,-0.00575396372005343,0.208931937813759,-1.33487391471863,-4.67974328994751,7.79330587387085,0.0381467156112194,-0.152073845267296,-0.104666247963905,2.3119056224823,-9.68641185760498,-1.04731571674347,-1.47331130504608,-0.241404756903648,0.156438514590263,0.191550374031067,-7.02473497390747,0.843385457992554,1.61769759654999,-0.222963109612465,0.00859228800982237,28.78222098,-8.66655931,-0.346523605,-0.458759288780164,-0.119122547723804,0.32330562724207
-39.7491455078125,-13.580322265625,-332.6416015625,-35.1715087890625,20.6756591796875,-291.900634765625,2.56655621528625,-9.611252784729,0.808022260665894,0.513317286968231,0.00329775107093155,0.208894118666649,-1.3540403842926,-4.66860628128052,7.79292631149292,0.0376128517091274,-0.153156980872154,-0.105581142008305,2.30228137969971,-9.69835758209229,-1.0556206703186,-1.46530771255493,-0.230591475963593,0.15318338572979,0.182426407933235,-7.02986192703247,0.860763847827911,1.61531507968903,-0.22102664411068,0.005874237511307,28.727571682,-8.65776726,-0.339622534499998,-0.459564409228444,-0.119650722682211,0.321301976113455
-39.9398803710938,-13.6566162109375,-333.023071289063,-35.1333618164063,20.6756591796875,-292.05322265625,2.52431678771973,-9.63201808929443,0.816635549068451,0.511686205863953,0.0113428235054016,0.209402352571487,-1.37601375579834,-4.66820859909058,7.7938117980957,0.0368892811238766,-0.155205920338631,-0.107289768755436,2.29246258735657,-9.70872688293457,-1.06136190891266,-1.45587766170502,-0.219626501202583,0.149922549724579,0.171529114246368,-7.03308868408203,0.883377492427826,1.6125168800354,-0.218701481819153,0.00365933403372765,28.672922384,-8.64897521,-0.332721464000001,-0.460369529676724,-0.120178897640617,0.319298324984842
-40.130615234375,-13.73291015625,-333.404541015625,-35.09521484375,20.6756591796875,-292.205810546875,2.48207712173462,-9.65278244018555,0.825248897075653,0.510055184364319,0.0193878952413797,0.209910601377487,-1.39798712730408,-4.66781091690063,7.79469728469849,0.0361657105386257,-0.157254859805107,-0.108998395502567,2.28264379501343,-9.71909618377686,-1.06710314750671,-1.4464476108551,-0.208661526441574,0.146661698818207,0.160631820559502,-7.03631544113159,0.905991077423096,1.60971879959106,-0.216376319527626,0.00144443043973297,28.618273086,-8.64018316,-0.325820393499999,-0.461174650125003,-0.120707072599025,0.317294673856227
-40.3213500976563,-13.7710571289063,-333.328247070313,-35.1715087890625,20.4849243164063,-292.3583984375,2.43983769416809,-9.67354774475098,0.83386218547821,0.508424162864685,0.027432968840003,0.210418835282326,-1.41996037960052,-4.66741323471069,7.79558229446411,0.0354421399533749,-0.159303799271584,-0.110707022249699,2.27282500267029,-9.72946548461914,-1.07284438610077,-1.43701756000519,-0.197696536779404,0.143400847911835,0.149734511971474,-7.03954219818115,0.92860472202301,1.60692059993744,-0.21405117213726,-0.000770473212469369,28.563623788,-8.63139111,-0.318919323000002,-0.461979770573283,-0.121235247557431,0.315291022727613
-40.5120849609375,-13.8092041015625,-333.251953125,-35.247802734375,20.294189453125,-292.510986328125,2.39759802818298,-9.69431304931641,0.842475533485413,0.506793081760406,0.0354780405759811,0.210927069187164,-1.44193375110626,-4.66701555252075,7.79646778106689,0.034718569368124,-0.16135273873806,-0.11241564899683,2.26300621032715,-9.73983478546143,-1.07858574390411,-1.42758738994598,-0.186731562018394,0.140140011906624,0.138837218284607,-7.04276895523071,0.951218366622925,1.6041225194931,-0.211726009845734,-0.00298537686467171,28.50897449,-8.62259906,-0.3120182525,-0.462784891021563,-0.121763422515838,0.313287371598998
-40.5120849609375,-13.73291015625,-333.480834960938,-35.2096557617188,20.294189453125,-292.66357421875,2.35535860061646,-9.71507740020752,0.851088881492615,0.505162060260773,0.0435231141746044,0.211435317993164,-1.463907122612,-4.66661787033081,7.79735326766968,0.0339949987828732,-0.163401678204536,-0.114124275743961,2.25318741798401,-9.75020503997803,-1.08432698249817,-1.41815733909607,-0.175766587257385,0.136879161000252,0.12793992459774,-7.04599571228027,0.973832011222839,1.60132431983948,-0.209400847554207,-0.00520028034225106,28.454325192,-8.61380701,-0.305117181999998,-0.463590011469843,-0.122291597474245,0.311283720470383
-40.5120849609375,-13.6566162109375,-333.709716796875,-35.1715087890625,20.294189453125,-292.816162109375,2.31311893463135,-9.73584270477295,0.859702169895172,0.503530979156494,0.0515681840479374,0.211943551898003,-1.48588049411774,-4.66622018814087,7.7982382774353,0.0332714281976223,-0.165450617671013,-0.115832902491093,2.24336862564087,-9.76057434082031,-1.09006822109222,-1.40872728824615,-0.164801612496376,0.133618324995041,0.117042623460293,-7.04922246932983,0.996445655822754,1.59852623939514,-0.207075700163841,-0.0074151842854917,28.399675894,-8.60501496,-0.298216111500001,-0.464395131918122,-0.122819772432652,0.309280069341769
-40.740966796875,-13.6184692382813,-334.16748046875,-35.2096557617188,20.1797485351563,-293.121337890625,2.27087950706482,-9.75660800933838,0.868315517902374,0.50189995765686,0.0596132576465607,0.212451800704002,-1.50785386562347,-4.66582298278809,7.79912376403809,0.0325478576123714,-0.167499572038651,-0.117541536688805,2.23354983329773,-9.7709436416626,-1.09580945968628,-1.39929723739624,-0.153836622834206,0.130357474088669,0.106145322322845,-7.05244922637939,1.01905930042267,1.59572803974152,-0.204750537872314,-0.00963008776307106,28.345026596,-8.59622291,-0.291315040999999,-0.465200252366402,-0.123347947391059,0.307276418213154
-40.9698486328125,-13.580322265625,-334.625244140625,-35.247802734375,20.0653076171875,-293.426513671875,2.22863984107971,-9.77737236022949,0.876928806304932,0.500268936157227,0.0676583275198936,0.212960034608841,-1.52982723712921,-4.66542530059814,7.80000925064087,0.0318242870271206,-0.169548511505127,-0.119250163435936,2.22373104095459,-9.78131294250488,-1.10155081748962,-1.38986706733704,-0.142871648073196,0.127096623182297,0.0952480211853981,-7.05567598342896,1.04167294502258,1.59292995929718,-0.202425375580788,-0.0118449917063117,28.290377298,-8.58743086,-0.284413970500002,-0.466005372814681,-0.123876122349466,0.30527276708454
-41.046142578125,-13.580322265625,-335.0830078125,-35.3240966796875,20.1034545898438,-293.807983398438,2.18640041351318,-9.79813766479492,0.885542154312134,0.498637855052948,0.0757034048438072,0.21346826851368,-1.55180060863495,-4.6650276184082,7.80089426040649,0.0311007145792246,-0.171597450971603,-0.120958790183067,2.21391248703003,-9.79168224334717,-1.10729205608368,-1.38043701648712,-0.131906673312187,0.123835787177086,0.0843507274985313,-7.05890274047852,1.06428647041321,1.59013175964355,-0.200100228190422,-0.0140598947182298,28.235728,-8.57863881,-0.2775129,-0.466810493262961,-0.124404297307873,0.303269115955925
-41.1224365234375,-13.580322265625,-335.540771484375,-35.400390625,20.1416015625,-294.189453125,2.14416074752808,-9.81890296936035,0.894155442714691,0.497006803750992,0.0837484747171402,0.213976517319679,-1.5737738609314,-4.66462993621826,7.80177974700928,0.0303771439939737,-0.17364639043808,-0.122667416930199,2.20409369468689,-9.80205154418945,-1.11303329467773,-1.37100696563721,-0.120941691100597,0.120574943721294,0.073453426361084,-7.06212949752808,1.08690011501312,1.58733367919922,-0.197775065898895,-0.0162747986614704,28.2356306755,-8.578457188,-0.2774195315,-0.466247038555397,-0.124585021505954,0.302511314865095
-41.2368774414063,-13.6184692382813,-336.151123046875,-35.4766845703125,20.0271606445313,-294.189453125,2.10192131996155,-9.83966827392578,0.902768790721893,0.495375782251358,0.0917935445904732,0.214484751224518,-1.59574723243713,-4.66423225402832,7.80266523361206,0.0296535734087229,-0.175695329904556,-0.12437604367733,2.19427490234375,-9.81242179870605,-1.11877453327179,-1.36157691478729,-0.109976708889008,0.117314092814922,0.0625561252236366,-7.06535625457764,1.10951375961304,1.58453547954559,-0.195449903607368,-0.0184897016733885,28.235533351,-8.578275566,-0.277326163,-0.465683583847833,-0.124765745704036,0.301753513774265
-41.351318359375,-13.6566162109375,-336.761474609375,-35.552978515625,19.9127197265625,-294.189453125,2.05968165397644,-9.86043262481689,0.911382079124451,0.493744730949402,0.0998386219143867,0.214993000030518,-1.61772060394287,-4.66383457183838,7.80355024337769,0.028930002823472,-0.177744269371033,-0.126084670424461,2.18445611000061,-9.82279109954834,-1.12451589107513,-1.35214674472809,-0.0990117341279984,0.114053249359131,0.0516588278114796,-7.0685830116272,1.13212740421295,1.58173739910126,-0.193124756217003,-0.0207046065479517,28.2354360265,-8.578093944,-0.2772327945,-0.46512012914027,-0.124946469902118,0.300995712683435
-41.5420532226563,-13.7710571289063,-336.837768554688,-35.3622436523438,19.7601318359375,-294.189453125,2.01744222640991,-9.88119792938232,0.919995427131653,0.492113679647446,0.10788369178772,0.215501233935356,-1.63969397544861,-4.66343688964844,7.80443572998047,0.0282064322382212,-0.179793208837509,-0.127793297171593,2.17463731765747,-9.83316040039063,-1.13025712966919,-1.34271669387817,-0.0880467519164085,0.110792405903339,0.0407615303993225,-7.07180976867676,1.15474104881287,1.57893919944763,-0.190799593925476,-0.0229195095598698,28.235338702,-8.577912322,-0.277139426,-0.464556674432706,-0.1251271941002,0.300237911592606
-41.7327880859375,-13.885498046875,-336.9140625,-35.1715087890625,19.6075439453125,-294.189453125,1.96118140220642,-9.89664649963379,0.903287589550018,0.492453336715698,0.11086717247963,0.217342540621758,-1.65171051025391,-4.68406677246094,7.8045654296875,0.0283134486526251,-0.181871667504311,-0.128320783376694,2.15437650680542,-9.84715175628662,-1.13623785972595,-1.33394074440002,-0.0804487764835358,0.108248002827168,0.0328918434679508,-7.07522678375244,1.17852294445038,1.57600450515747,-0.188642308115959,-0.024324381724,28.2352413775,-8.5777307,-0.2770460575,-0.463993219725142,-0.125307918298282,0.299480110501776
-41.80908203125,-13.6184692382813,-337.448120117188,-35.4766845703125,19.22607421875,-294.49462890625,1.90492045879364,-9.91209411621094,0.886579751968384,0.492792993783951,0.113850653171539,0.219183847308159,-1.6637270450592,-4.70469665527344,7.80469512939453,0.028420465067029,-0.183950126171112,-0.128848269581795,2.13411593437195,-9.86114406585693,-1.142218708992,-1.32516479492188,-0.072850801050663,0.105703599750996,0.0250221583992243,-7.07864427566528,1.20230495929718,1.57306981086731,-0.186485007405281,-0.025729252025485,28.235144053,-8.577549078,-0.276952689,-0.463429765017578,-0.125488642496363,0.298722309410946
-41.8853759765625,-13.3514404296875,-337.982177734375,-35.7818603515625,18.8446044921875,-294.7998046875,1.84865963459015,-9.9275426864624,0.869871914386749,0.493132650852203,0.116834133863449,0.22102515399456,-1.6757435798645,-4.72532653808594,7.80482482910156,0.0285274814814329,-0.186028584837914,-0.129375755786896,2.1138551235199,-9.87513542175293,-1.14819943904877,-1.31638896465302,-0.0652528256177902,0.103159196674824,0.0171524733304977,-7.08206129074097,1.22608685493469,1.57013511657715,-0.184327721595764,-0.0271341241896152,28.2350467285,-8.577367456,-0.2768593205,-0.462866310310014,-0.125669366694445,0.297964508320116
-41.9235229492188,-13.580322265625,-337.905883789063,-35.4766845703125,18.9208984375,-294.7998046875,1.79239881038666,-9.94299030303955,0.853164076805115,0.493472307920456,0.119817607104778,0.222866460680962,-1.68776023387909,-4.74595594406128,7.80495500564575,0.028634499758482,-0.188107043504715,-0.129903241991997,2.09359431266785,-9.88912677764893,-1.15418028831482,-1.30761301517487,-0.0576548539102077,0.100614793598652,0.00928278733044863,-7.08547830581665,1.24986886978149,1.56720042228699,-0.182170420885086,-0.0285389944911003,28.234949404,-8.577185834,-0.276765952,-0.46230285560245,-0.125850090892527,0.297206707229286
-41.961669921875,-13.8092041015625,-337.82958984375,-35.1715087890625,18.9971923828125,-294.7998046875,1.73613786697388,-9.95843887329102,0.836456179618835,0.493811964988708,0.122801087796688,0.224707767367363,-1.69977676868439,-4.76658582687378,7.80508470535278,0.0287415161728859,-0.190185517072678,-0.130430743098259,2.0733335018158,-9.90311813354492,-1.16016101837158,-1.29883706569672,-0.050056878477335,0.09807039052248,0.00141310191247612,-7.08889532089233,1.27365076541901,1.56426572799683,-0.180013135075569,-0.0299438666552305,28.2348520795,-8.577004212,-0.2766725835,-0.461739400894887,-0.126030815090609,0.296448906138457
-42.1905517578125,-13.73291015625,-338.211059570313,-35.247802734375,18.7301635742188,-294.876098632813,1.67987704277039,-9.97388648986816,0.819748342037201,0.494151622056961,0.125784575939178,0.226549074053764,-1.71179330348969,-4.78721570968628,7.80521440505981,0.0288485325872898,-0.192263975739479,-0.13095822930336,2.05307292938232,-9.91711044311523,-1.16614186763763,-1.29006111621857,-0.0424589030444622,0.0955259874463081,-0.00645658373832703,-7.09231281280518,1.29743278026581,1.56133103370667,-0.177855834364891,-0.0313487388193607,28.234754755,-8.57682259,-0.276579215,-0.461175946187323,-0.126211539288691,0.295691105047627
-42.41943359375,-13.6566162109375,-338.592529296875,-35.3240966796875,18.463134765625,-294.952392578125,1.6236160993576,-9.98933506011963,0.803040504455566,0.494491279125214,0.128768041729927,0.228390365839005,-1.72380983829498,-4.80784559249878,7.80534410476685,0.0289555490016937,-0.194342434406281,-0.131485715508461,2.03281211853027,-9.93110179901123,-1.1721225976944,-1.28128528594971,-0.0348609313368797,0.0929815918207169,-0.0143262697383761,-7.09572982788086,1.32121467590332,1.55839622020721,-0.175698548555374,-0.0327536091208458,28.2346574305,-8.576640968,-0.2764858465,-0.460612491479759,-0.126392263486772,0.294933303956797
-42.41943359375,-13.3895874023438,-338.897705078125,-35.3622436523438,18.463134765625,-295.333862304688,1.56735527515411,-10.0047826766968,0.786332666873932,0.494830936193466,0.131751522421837,0.230231672525406,-1.73582637310028,-4.82847547531128,7.80547380447388,0.0290625654160976,-0.196420893073082,-0.132013201713562,2.01255130767822,-9.94509315490723,-1.17810344696045,-1.27250933647156,-0.027262955904007,0.090437188744545,-0.0221959557384253,-7.09914684295654,1.34499669075012,1.55546152591705,-0.173541247844696,-0.0341584794223309,28.234560106,-8.576459346,-0.276392478,-0.460049036772195,-0.126572987684854,0.294175502865967
-42.41943359375,-13.12255859375,-339.202880859375,-35.400390625,18.463134765625,-295.71533203125,1.51109445095062,-10.0202312469482,0.769624829292297,0.495170593261719,0.134735003113747,0.232072979211807,-1.74784290790558,-4.84910535812378,7.80560350418091,0.0291695818305016,-0.198499351739883,-0.132540687918663,1.99229061603546,-9.95908451080322,-1.18408417701721,-1.26373338699341,-0.0196649804711342,0.0878927856683731,-0.0300656408071518,-7.10256433486938,1.36877858638763,1.55252683162689,-0.171383962035179,-0.0355633497238159,28.2344627815,-8.576277724,-0.2762991095,-0.459485582064631,-0.126753711882936,0.293417701775137
-42.6101684570313,-13.12255859375,-339.736938476563,-35.3240966796875,18.2723999023438,-295.791625976563,1.45483350753784,-10.0356788635254,0.752916991710663,0.495510250329971,0.137718483805656,0.233914285898209,-1.75985944271088,-4.86973524093628,7.80573320388794,0.0292765982449055,-0.200577810406685,-0.133068174123764,1.97202980518341,-9.97307682037354,-1.19006490707397,-1.25495743751526,-0.012067005969584,0.0853483825922012,-0.0379353277385235,-7.10598134994507,1.39256060123444,1.54959213733673,-0.169226661324501,-0.0369682237505913,28.234365457,-8.576096102,-0.276205741,-0.458922127357068,-0.126934436081018,0.292659900684308
-42.8009033203125,-13.12255859375,-340.27099609375,-35.247802734375,18.0816650390625,-295.867919921875,1.39857268333435,-10.0511274337769,0.736209154129028,0.495849907398224,0.140701964497566,0.23575559258461,-1.77187609672546,-4.89036464691162,7.80586338043213,0.0293836165219545,-0.202656269073486,-0.133595660328865,1.95176911354065,-9.98706817626953,-1.19604575634003,-1.24618148803711,-0.00446903146803379,0.0828039795160294,-0.0458050109446049,-7.10939836502075,1.41634249687195,1.54665744304657,-0.167069375514984,-0.0383730940520763,28.2342681325,-8.57591448,-0.2761123725,-0.458358672649504,-0.127115160279099,0.291902099593478
-42.877197265625,-12.969970703125,-340.805053710938,-35.247802734375,18.00537109375,-296.249389648438,1.34231185913086,-10.066575050354,0.719501316547394,0.496189564466476,0.143685445189476,0.237596899271011,-1.78389263153076,-4.91099452972412,7.80599308013916,0.0294906329363585,-0.204734727740288,-0.134123146533966,1.9315083026886,-10.0010595321655,-1.20202648639679,-1.23740565776825,0.00312894326634705,0.0802595764398575,-0.0536746978759766,-7.11281585693359,1.44012451171875,1.54372274875641,-0.164912074804306,-0.0397779643535614,28.234170808,-8.575732858,-0.276019004,-0.45779521794194,-0.127295884477181,0.291144298502648
-42.9534912109375,-12.8173828125,-341.339111328125,-35.247802734375,17.9290771484375,-296.630859375,1.28605091571808,-10.0820236206055,0.702793478965759,0.496529221534729,0.146668925881386,0.239438205957413,-1.79590916633606,-4.93162441253662,7.80612277984619,0.0295976493507624,-0.206813186407089,-0.134650632739067,1.91124761104584,-10.0150508880615,-1.20800733566284,-1.2286297082901,0.0107269175350666,0.0777151733636856,-0.0615443848073483,-7.11623287200928,1.46390640735626,1.54078805446625,-0.162754788994789,-0.0411828346550465,28.2340734835,-8.575551236,-0.2759256355,-0.457231763234376,-0.127476608675263,0.290386497411818
-42.9916381835938,-12.7410888671875,-341.49169921875,-35.1333618164063,17.8146362304688,-297.088623046875,1.22695028781891,-10.0885829925537,0.686980903148651,0.49721497297287,0.146857470273972,0.241362169384956,-1.80552923679352,-4.94230031967163,7.80792808532715,0.0298482310026884,-0.209416180849075,-0.135532185435295,1.88913857936859,-10.0297136306763,-1.21199834346771,-1.22139418125153,0.0164454076439142,0.0757475942373276,-0.0683008804917336,-7.11687898635864,1.48266780376434,1.53786242008209,-0.160773128271103,-0.0423636995255947,28.233976159,-8.575369614,-0.275832267,-0.456668308526812,-0.127657332873345,0.289628696320988
-43.02978515625,-12.664794921875,-341.644287109375,-35.0189208984375,17.7001953125,-297.54638671875,1.16500973701477,-10.0862531661987,0.672063648700714,0.498246788978577,0.144251078367233,0.243368804454803,-1.81275272369385,-4.94302177429199,7.81140851974487,0.0302423778921366,-0.212543696165085,-0.136767789721489,1.86518132686615,-10.0450458526611,-1.21399974822998,-1.21569919586182,0.0202844105660915,0.0743568390607834,-0.0739441812038422,-7.11475372314453,1.4964085817337,1.53494572639465,-0.158967092633247,-0.0433205552399158,28.2338788345,-8.575187992,-0.2757388985,-0.456104853819249,-0.127838057071427,0.288870895230159
-43.1442260742188,-12.4740600585938,-341.720581054688,-35.0570678710938,17.5094604492188,-297.2412109375,1.10306930541992,-10.0839233398438,0.657146334648132,0.499278634786606,0.141644686460495,0.245375439524651,-1.81997632980347,-4.94374322891235,7.8148889541626,0.0306365266442299,-0.215671211481094,-0.138003408908844,1.84122407436371,-10.060378074646,-1.21600103378296,-1.21000421047211,0.0241234134882689,0.0729660838842392,-0.0795874893665314,-7.11262845993042,1.51014935970306,1.53202903270721,-0.157161056995392,-0.0442774146795273,28.23378151,-8.57500637,-0.27564553,-0.455541399111685,-0.128018781269508,0.288113094139329
-43.2586669921875,-12.2833251953125,-341.796875,-35.09521484375,17.3187255859375,-296.93603515625,1.04112875461578,-10.0815935134888,0.642229080200195,0.500310480594635,0.139038294553757,0.247382059693336,-1.8271998167038,-4.94446468353271,7.81836938858032,0.0310306735336781,-0.218798726797104,-0.139239013195038,1.81726682186127,-10.0757102966309,-1.21800243854523,-1.2043092250824,0.0279624164104462,0.071575328707695,-0.0852307975292206,-7.11050367355347,1.52389001846313,1.52911233901978,-0.155355021357536,-0.0452342703938484,28.195808083,-8.571387521,-0.269019841499999,-0.454744736111484,-0.128565638988205,0.288214777853945
-43.3731079101563,-12.3214721679688,-342.178344726563,-35.0570678710938,17.2042846679688,-297.317504882813,0.979188323020935,-10.0792646408081,0.627311825752258,0.501342296600342,0.136431902647018,0.249388694763184,-1.83442342281342,-4.94518613815308,7.82184982299805,0.0314248204231262,-0.221926242113113,-0.140474617481232,1.79330956935883,-10.0910425186157,-1.2200038433075,-1.1986141204834,0.0318014211952686,0.0701845735311508,-0.0908740982413292,-7.10837841033936,1.5376307964325,1.52619564533234,-0.153548985719681,-0.0461911261081696,28.157834656,-8.567768672,-0.262394153000001,-0.453948073111284,-0.129112496706901,0.288316461568561
-43.487548828125,-12.359619140625,-342.559814453125,-35.0189208984375,17.08984375,-297.698974609375,0.917247831821442,-10.0769348144531,0.612394571304321,0.502374112606049,0.133825495839119,0.25139531493187,-1.84164702892303,-4.94590759277344,7.82533025741577,0.0318189673125744,-0.225053757429123,-0.141710221767426,1.76935231685638,-10.1063747406006,-1.22200512886047,-1.19291913509369,0.0356404222548008,0.0687938183546066,-0.0965174064040184,-7.10625314712524,1.55137157440186,1.5232789516449,-0.151742950081825,-0.0471479818224907,28.119861229,-8.564149823,-0.255768464499999,-0.453151410111084,-0.129659354425597,0.288418145283177
-43.64013671875,-12.1688842773438,-343.093872070313,-34.9807739257813,17.0135498046875,-297.927856445313,0.855307340621948,-10.0746049880981,0.597477316856384,0.503405928611755,0.131219103932381,0.253401964902878,-1.84887051582336,-4.9466290473938,7.8288106918335,0.0322131142020226,-0.228181272745132,-0.142945826053619,1.74539506435394,-10.1217069625854,-1.22400653362274,-1.18722414970398,0.0394794270396233,0.0674030631780624,-0.102160714566708,-7.10412836074829,1.56511235237122,1.52036225795746,-0.14993691444397,-0.0481048375368118,28.081887802,-8.560530974,-0.249142776000002,-0.452354747110884,-0.130206212144293,0.288519828997793
-43.792724609375,-11.9781494140625,-343.6279296875,-34.942626953125,16.937255859375,-298.15673828125,0.793366849422455,-10.0722751617432,0.582560002803802,0.504437744617462,0.128612712025642,0.255408585071564,-1.85609412193298,-4.94735050201416,7.83229112625122,0.0326072610914707,-0.231308788061142,-0.144181445240974,1.7214378118515,-10.1370391845703,-1.22600781917572,-1.18152916431427,0.0433184280991554,0.0660123005509377,-0.107804015278816,-7.10200309753418,1.57885313034058,1.51744556427002,-0.148130878806114,-0.0490616969764233,28.043914375,-8.556912125,-0.2425170875,-0.451558084110684,-0.130753069862989,0.288621512712409
-43.8308715820313,-11.8637084960938,-344.085693359375,-35.0570678710938,16.7465209960938,-298.080444335938,0.731426358222961,-10.0699462890625,0.567642748355865,0.505469560623169,0.126006320118904,0.25741520524025,-1.86331760883331,-4.94807195663452,7.83577156066895,0.0330014079809189,-0.234436303377151,-0.145417049527168,1.69748055934906,-10.1523714065552,-1.22800922393799,-1.17583405971527,0.0471574328839779,0.0646215453743935,-0.113447323441505,-7.09987783432007,1.59259390830994,1.51452887058258,-0.146324843168259,-0.0500185526907444,28.005940948,-8.553293276,-0.235891398999999,-0.450761421110484,-0.131299927581685,0.288723196427025
-43.8690185546875,-11.749267578125,-344.54345703125,-35.1715087890625,16.5557861328125,-298.004150390625,0.669485926628113,-10.0676164627075,0.552725493907928,0.506501376628876,0.123399928212166,0.259421855211258,-1.87054121494293,-4.94879388809204,7.83925199508667,0.0333955585956573,-0.237563818693161,-0.146652653813362,1.67352330684662,-10.1677045822144,-1.23001062870026,-1.17013907432556,0.0509964376688004,0.0632307901978493,-0.119090624153614,-7.09775304794312,1.6063346862793,1.51161217689514,-0.144518807530403,-0.0509754084050655,27.967967521,-8.549674427,-0.229265710500001,-0.449964758110284,-0.131846785300381,0.288824880141641
-43.9834594726563,-11.90185546875,-344.696044921875,-35.1333618164063,16.5176391601563,-298.614501953125,0.607545435428619,-10.0652866363525,0.537808239459991,0.507533252239227,0.120793536305428,0.261428475379944,-1.87776470184326,-4.9495153427124,7.84273242950439,0.0337897054851055,-0.240691334009171,-0.147888258099556,1.64956605434418,-10.1830368041992,-1.23201191425323,-1.16444408893585,0.0548354387283325,0.0618400350213051,-0.124733932316303,-7.095627784729,1.62007534503937,1.5086954832077,-0.142712771892548,-0.0519322641193867,27.929994094,-8.546055578,-0.222640021999999,-0.449168095110083,-0.132393643019078,0.288926563856257
-44.097900390625,-12.054443359375,-344.8486328125,-35.09521484375,16.4794921875,-299.224853515625,0.545604944229126,-10.0629568099976,0.52289092540741,0.508565068244934,0.118187136948109,0.26343509554863,-1.88498830795288,-4.95023679733276,7.84621286392212,0.0341838523745537,-0.24381884932518,-0.149123877286911,1.62560880184174,-10.1983690261841,-1.2340133190155,-1.15874910354614,0.058674443513155,0.0604492798447609,-0.130377233028412,-7.09350252151489,1.63381612300873,1.50577878952026,-0.140906736254692,-0.0528891235589981,27.892020667,-8.542436729,-0.216014333500002,-0.448371432109884,-0.132940500737774,0.289028247570873
-43.9071655273438,-12.0925903320313,-345.001220703125,-35.0570678710938,16.2887573242188,-299.453735351563,0.483664453029633,-10.0606279373169,0.507973670959473,0.509596884250641,0.11558074504137,0.265441745519638,-1.89221179485321,-4.95095825195313,7.84969329833984,0.0345779992640018,-0.24694636464119,-0.150359481573105,1.60165154933929,-10.2137012481689,-1.23601460456848,-1.15305399894714,0.0625134482979774,0.0590585246682167,-0.136020541191101,-7.09137773513794,1.64755690097809,1.50286209583282,-0.139100700616837,-0.0538459792733192,27.85404724,-8.53881788,-0.209388645,-0.447574769109683,-0.13348735845647,0.289129931285489
-43.7164306640625,-12.1307373046875,-345.15380859375,-35.0189208984375,16.0980224609375,-299.6826171875,0.421723961830139,-10.0582981109619,0.493056416511536,0.510628700256348,0.112974353134632,0.267448365688324,-1.89943540096283,-4.95167970657349,7.85317373275757,0.03497214615345,-0.250073879957199,-0.151595085859299,1.57769429683685,-10.2290334701538,-1.23801600933075,-1.14735901355743,0.0663524493575096,0.0576677694916725,-0.14166384935379,-7.08925247192383,1.66129767894745,1.49994540214539,-0.137294664978981,-0.0548028349876404,27.816073813,-8.535199031,-0.202762956499999,-0.446778106109483,-0.134034216175166,0.289231615000105
-43.9453125,-11.9781494140625,-345.230102539063,-34.942626953125,16.0598754882813,-300.29296875,0.375733077526093,-10.0602445602417,0.503653168678284,0.511367082595825,0.108868010342121,0.26862770318985,-1.83494925498962,-4.96036195755005,7.83641719818115,0.0351836569607258,-0.25031566619873,-0.150310173630714,1.54727387428284,-10.2442855834961,-1.24338245391846,-1.14314115047455,0.0677651017904282,0.057172954082489,-0.143423110246658,-7.0820631980896,1.67695045471191,1.49654150009155,-0.134768843650818,-0.0554873421788216,27.778100386,-8.531580182,-0.196137268000001,-0.445981443109283,-0.134581073893862,0.289333298714721
-44.1741943359375,-11.8255615234375,-345.306396484375,-34.8663330078125,16.021728515625,-300.9033203125,0.329742193222046,-10.0621900558472,0.514249861240387,0.512105405330658,0.104761675000191,0.269807010889053,-1.77046322822571,-4.96904420852661,7.81966066360474,0.0353951677680016,-0.250557422637939,-0.149025276303291,1.51685345172882,-10.2595376968384,-1.24874889850616,-1.13892316818237,0.0691777542233467,0.0566781386733055,-0.145182356238365,-7.07487440109253,1.69260334968567,1.49313759803772,-0.132243037223816,-0.0561718493700027,27.740126959,-8.527961333,-0.189511579499999,-0.445184780109083,-0.135127931612558,0.289434982429336
-44.3267822265625,-11.6729736328125,-345.687866210938,-34.8663330078125,15.8309936523438,-300.9033203125,0.283751308917999,-10.064136505127,0.524846613407135,0.512843787670135,0.10065533220768,0.270986348390579,-1.7059770822525,-4.97772645950317,7.80290412902832,0.0356066785752773,-0.250799208879471,-0.147740364074707,1.4864330291748,-10.2747898101807,-1.25411534309387,-1.13470530509949,0.0705904066562653,0.056183323264122,-0.146941617131233,-7.0676851272583,1.70825612545013,1.48973369598389,-0.129717215895653,-0.0568563565611839,27.702153532,-8.524342484,-0.182885891000002,-0.444388117108883,-0.135674789331254,0.289536666143952
-44.4793701171875,-11.5203857421875,-346.0693359375,-34.8663330078125,15.6402587890625,-300.9033203125,0.237760424613953,-10.0660829544067,0.535443365573883,0.513582110404968,0.0965489968657494,0.272165656089783,-1.6414909362793,-4.98640871047974,7.7861475944519,0.0358181893825531,-0.251040995121002,-0.146455466747284,1.45601260662079,-10.2900419235229,-1.25948178768158,-1.1304874420166,0.0720030590891838,0.0556885078549385,-0.148700878024101,-7.06049633026123,1.7239089012146,1.48632991313934,-0.127191409468651,-0.0575408637523651,27.664180105,-8.520723635,-0.1762602025,-0.443591454108683,-0.136221647049951,0.289638349858568
-44.6701049804688,-11.5585327148438,-346.450805664063,-34.9044799804688,15.6784057617188,-300.979614257813,0.191769540309906,-10.0680284500122,0.546040058135986,0.514320492744446,0.0924426540732384,0.273344993591309,-1.57700479030609,-4.9950909614563,7.76939105987549,0.0360297001898289,-0.251282751560211,-0.1451705545187,1.42559206485748,-10.3052949905396,-1.26484835147858,-1.12626957893372,0.0734157115221024,0.055193692445755,-0.150460124015808,-7.053307056427,1.73956167697906,1.48292601108551,-0.124665595591068,-0.0582253709435463,27.626206678,-8.517104786,-0.169634513999999,-0.442794791108482,-0.136768504768647,0.289740033573184
-44.86083984375,-11.5966796875,-346.832275390625,-34.942626953125,15.716552734375,-301.055908203125,0.145778656005859,-10.069974899292,0.556636810302734,0.515058815479279,0.0883363112807274,0.274524301290512,-1.51251876354218,-5.00377321243286,7.75263452529907,0.0362412109971046,-0.251524537801743,-0.143885657191277,1.39517164230347,-10.3205471038818,-1.27021479606628,-1.12205159664154,0.0748283639550209,0.0546988770365715,-0.152219384908676,-7.04611825942993,1.75521457195282,1.47952210903168,-0.122139781713486,-0.0589098781347275,27.588233251,-8.513485937,-0.163008825500001,-0.441998128108283,-0.137315362487343,0.2898417172878
-44.8989868164063,-11.5585327148438,-347.061157226563,-34.7518920898438,15.5258178710938,-301.361083984375,0.0997877642512321,-10.0719213485718,0.567233502864838,0.515797197818756,0.084229975938797,0.275703638792038,-1.44803261756897,-5.01245594024658,7.73587799072266,0.0364527218043804,-0.251766324043274,-0.142600744962692,1.36475121974945,-10.3357992172241,-1.27558124065399,-1.11783373355865,0.0762410163879395,0.0542040579020977,-0.153978630900383,-7.0389289855957,1.77086734771729,1.47611820697784,-0.119613967835903,-0.0595943816006184,27.550259824,-8.509867088,-0.156383136999999,-0.441201465108082,-0.137862220206039,0.289943401002416
-44.9371337890625,-11.5203857421875,-347.2900390625,-34.5611572265625,15.3350830078125,-301.666259765625,0.0537968799471855,-10.0738668441772,0.577830255031586,0.516535520553589,0.080123633146286,0.276882946491241,-1.38354647159576,-5.02113819122314,7.71912145614624,0.0366642326116562,-0.252008080482483,-0.141315847635269,1.33433079719543,-10.3510513305664,-1.2809476852417,-1.11361587047577,0.077653668820858,0.0537092424929142,-0.155737891793251,-7.03174018859863,1.78652012348175,1.47271430492401,-0.117088153958321,-0.0602788887917995,27.512286397,-8.506248239,-0.149757448500001,-0.440404802107882,-0.138409077924735,0.290045084717032
-44.9371337890625,-11.444091796875,-347.824096679688,-34.7900390625,15.2206420898438,-302.200317382813,0.00780599331483245,-10.075813293457,0.588427007198334,0.517273902893066,0.0760172978043556,0.278062283992767,-1.31906032562256,-5.02982044219971,7.70236492156982,0.036875743418932,-0.252249866724014,-0.140030935406685,1.30391037464142,-10.3663034439087,-1.28631412982941,-1.10939788818359,0.0790663212537766,0.0532144270837307,-0.157497152686119,-7.0245509147644,1.80217289924622,1.46931040287018,-0.114562340080738,-0.0609633959829807,27.47431297,-8.50262939,-0.14313176,-0.439608139107682,-0.138955935643431,0.290146768431648
-44.9371337890625,-11.3677978515625,-348.358154296875,-35.0189208984375,15.106201171875,-302.734375,-0.038184892386198,-10.0777597427368,0.599023699760437,0.518012285232544,0.0719109550118446,0.279241621494293,-1.25457429885864,-5.03850269317627,7.68560838699341,0.0370872542262077,-0.252491652965546,-0.138746038079262,1.2734899520874,-10.381555557251,-1.29168057441711,-1.10518002510071,0.0804789736866951,0.0527196116745472,-0.159256398677826,-7.01736211776733,1.81782579421997,1.46590650081635,-0.112036526203156,-0.0616479031741619,27.474100355,-8.502369961,-0.143018781,-0.437681138053292,-0.139433748099561,0.290689779115926
-45.013427734375,-11.3677978515625,-348.358154296875,-34.7518920898438,14.9917602539063,-302.734375,-0.084175780415535,-10.0797052383423,0.609620451927185,0.518750607967377,0.0678046122193336,0.280420929193497,-1.19008815288544,-5.04718494415283,7.66885185241699,0.0372987650334835,-0.252733409404755,-0.137461125850677,1.24306952953339,-10.3968076705933,-1.29704701900482,-1.10096216201782,0.0818916261196136,0.0522247962653637,-0.161015659570694,-7.01017284393311,1.83347856998444,1.4625027179718,-0.109510712325573,-0.0623324103653431,27.47388774,-8.502110532,-0.142905802,-0.435754136998904,-0.13991156055569,0.291232789800204
-45.0897216796875,-11.3677978515625,-348.358154296875,-34.48486328125,14.8773193359375,-302.734375,-0.130166664719582,-10.0816516876221,0.620217204093933,0.519488990306854,0.0636982768774033,0.281600266695023,-1.12560200691223,-5.05586719512939,7.65209531784058,0.0375102758407593,-0.252975195646286,-0.136176228523254,1.21264910697937,-10.4120597839355,-1.30241346359253,-1.09674417972565,0.0833042785525322,0.0517299808561802,-0.162774920463562,-7.00298404693604,1.8491313457489,1.45909881591797,-0.10698489844799,-0.0630169212818146,27.473675125,-8.501851103,-0.142792823,-0.433827135944514,-0.140389373011819,0.291775800484481
-45.1278686523438,-11.444091796875,-348.587036132813,-34.5993041992188,14.95361328125,-302.810668945313,-0.176157549023628,-10.0835981369019,0.630813896656036,0.520227313041687,0.0595919378101826,0.282779574394226,-1.06111586093903,-5.06454944610596,7.63533878326416,0.037721786648035,-0.253216981887817,-0.13489131629467,1.18222868442535,-10.4273118972778,-1.30777990818024,-1.09252631664276,0.0847169309854507,0.0512351654469967,-0.164534166455269,-6.99579477310181,1.86478412151337,1.45569491386414,-0.104459084570408,-0.0637014284729958,27.47346251,-8.501591674,-0.142679844,-0.431900134890126,-0.140867185467949,0.292318811168759
-45.166015625,-11.5203857421875,-348.81591796875,-34.7137451171875,15.0299072265625,-302.886962890625,-0.200275465846062,-10.0823564529419,0.608368575572968,0.521398901939392,0.0532580018043518,0.283446490764618,-1.0774906873703,-5.05312633514404,7.62639093399048,0.0371757820248604,-0.255875051021576,-0.136015698313713,1.15348243713379,-10.4406471252441,-1.31616115570068,-1.08855938911438,0.0860484465956688,0.0511953942477703,-0.1657684892416,-6.98949098587036,1.88221883773804,1.45279765129089,-0.102455921471119,-0.0642372295260429,27.473249895,-8.501332245,-0.142566865,-0.429973133835736,-0.141344997924078,0.292861821853037
-45.2041625976563,-11.29150390625,-349.349975585938,-34.7137451171875,15.0680541992188,-303.268432617188,-0.202520400285721,-10.0779275894165,0.552881181240082,0.52300363779068,0.044696468859911,0.283600956201553,-1.17472636699677,-5.02159833908081,7.62525081634521,0.035872258245945,-0.260949432849884,-0.139549374580383,1.12641048431396,-10.4520635604858,-1.32755720615387,-1.08484351634979,0.0872988179326057,0.0516106635332108,-0.166477859020233,-6.9840726852417,1.90143537521362,1.45040714740753,-0.100975409150124,-0.0646243393421173,27.47303728,-8.501072816,-0.142453886,-0.428046132781347,-0.141822810380207,0.293404832537314
-45.2423095703125,-11.0626220703125,-349.884033203125,-34.7137451171875,15.106201171875,-303.64990234375,-0.20476533472538,-10.0734987258911,0.497393786907196,0.524608433246613,0.0361349359154701,0.283755451440811,-1.27196204662323,-4.99006986618042,7.62411117553711,0.0345687381923199,-0.266023814678192,-0.143083050847054,1.09933865070343,-10.4634799957275,-1.33895325660706,-1.08112752437592,0.0885491892695427,0.0520259365439415,-0.167187243700027,-6.97865438461304,1.9206520318985,1.44801652431488,-0.0994948968291283,-0.0650114491581917,27.472824665,-8.500813387,-0.142340907,-0.426119131726958,-0.142300622836337,0.293947843221592
-45.0897216796875,-11.0244750976563,-350.265502929688,-34.7137451171875,14.9917602539063,-303.726196289063,-0.207010269165039,-10.0690689086914,0.441906422376633,0.5262131690979,0.0275734048336744,0.283909946680069,-1.36919772624969,-4.95854187011719,7.62297105789185,0.0332652144134045,-0.271098166704178,-0.146616727113724,1.07226669788361,-10.4748964309692,-1.35034918785095,-1.07741165161133,0.0897995606064796,0.0524412095546722,-0.167896628379822,-6.97323560714722,1.93986856937408,1.44562590122223,-0.0980143845081329,-0.0653985589742661,27.47261205,-8.500553958,-0.142227928,-0.424192130672569,-0.142778435292466,0.29449085390587
-44.9371337890625,-10.986328125,-350.64697265625,-34.7137451171875,14.8773193359375,-303.802490234375,-0.209255203604698,-10.064640045166,0.386419028043747,0.527817904949188,0.0190118737518787,0.284064412117004,-1.46643340587616,-4.92701387405396,7.62183141708374,0.0319616943597794,-0.276172548532486,-0.150150403380394,1.04519474506378,-10.4863128662109,-1.36174523830414,-1.07369577884674,0.0910499319434166,0.0528564788401127,-0.168605998158455,-6.96781730651855,1.95908510684967,1.44323539733887,-0.0965338721871376,-0.0657856687903404,27.472399435,-8.500294529,-0.142114949,-0.42226512961818,-0.143256247748595,0.295033864590147
-44.8226928710938,-10.7955932617188,-350.875854492188,-34.6755981445313,14.8773193359375,-304.412841796875,-0.211500152945518,-10.0602111816406,0.330931633710861,0.529422700405121,0.0104503417387605,0.284218907356262,-1.56366908550262,-4.89548540115356,7.62069177627563,0.030658170580864,-0.281246930360794,-0.153684079647064,1.01812291145325,-10.4977293014526,-1.37314128875732,-1.06997978687286,0.0923003032803535,0.0532717518508434,-0.169315382838249,-6.96239900588989,1.97830176353455,1.44084477424622,-0.0950533598661423,-0.0661727711558342,27.47218682,-8.5000351,-0.14200197,-0.420338128563791,-0.143734060204725,0.295576875274425
-44.708251953125,-10.6048583984375,-351.104736328125,-34.637451171875,14.8773193359375,-305.023193359375,-0.213745087385178,-10.0557823181152,0.275444239377975,0.531027436256409,0.00188881030771881,0.28437340259552,-1.66090476512909,-4.86395740509033,7.61955165863037,0.0293546468019485,-0.286321312189102,-0.157217755913734,0.991050958633423,-10.5091457366943,-1.38453722000122,-1.06626391410828,0.0935506746172905,0.0536870248615742,-0.170024767518044,-6.95698022842407,1.99751830101013,1.43845415115356,-0.0935728475451469,-0.0665598809719086,27.471974205,-8.499775671,-0.141888991,-0.418411127509401,-0.144211872660854,0.296119885958703
-44.708251953125,-10.4522705078125,-351.333618164063,-34.5230102539063,14.95361328125,-305.17578125,-0.215990021824837,-10.0513534545898,0.21995684504509,0.532632231712341,-0.00667272135615349,0.284527868032455,-1.75814056396484,-4.83242893218994,7.61841201782227,0.0280511248856783,-0.29139569401741,-0.160751432180405,0.963979005813599,-10.520562171936,-1.39593327045441,-1.0625479221344,0.094801053404808,0.0541022941470146,-0.170734137296677,-6.95156192779541,2.01673483848572,1.4360636472702,-0.0920923352241516,-0.0669469907879829,27.47176159,-8.499516242,-0.141776012,-0.416484126455012,-0.144689685116983,0.29666289664298
-44.708251953125,-10.2996826171875,-351.5625,-34.4085693359375,15.0299072265625,-305.328369140625,-0.218234956264496,-10.0469245910645,0.164469465613365,0.534236967563629,-0.0152342533692718,0.284682363271713,-1.85537624359131,-4.80090093612671,7.617271900177,0.026747602969408,-0.296470075845718,-0.164285108447075,0.936907112598419,-10.5319786071777,-1.40732932090759,-1.05883204936981,0.096051424741745,0.0545175671577454,-0.171443521976471,-6.94614362716675,2.0359513759613,1.43367302417755,-0.0906118229031563,-0.0673341006040573,27.471548975,-8.499256813,-0.141663033,-0.414557125400623,-0.145167497573113,0.297205907327258
-44.6319580078125,-10.1852416992188,-351.86767578125,-34.48486328125,15.0680541992188,-305.557250976563,-0.220479890704155,-10.0424957275391,0.108982071280479,0.535841703414917,-0.02379578538239,0.284836828708649,-1.95261192321777,-4.76937294006348,7.6161322593689,0.0254440791904926,-0.301544457674026,-0.167818769812584,0.90983521938324,-10.5433959960938,-1.41872525215149,-1.05511617660522,0.0973017960786819,0.0549328364431858,-0.172152891755104,-6.94072484970093,2.05516791343689,1.43128252029419,-0.0891313105821609,-0.0677212104201317,27.47133636,-8.498997384,-0.141550054,-0.412630124346234,-0.145645310029242,0.297748918011535
-44.5556640625,-10.07080078125,-352.1728515625,-34.5611572265625,15.106201171875,-305.7861328125,-0.222724825143814,-10.0380659103394,0.0534946769475937,0.53744649887085,-0.0323573164641857,0.284991323947906,-2.04984760284424,-4.73784446716309,7.61499214172363,0.0241405572742224,-0.306618809700012,-0.171352446079254,0.882763266563416,-10.5548124313354,-1.43012130260468,-1.05140018463135,0.0985521674156189,0.0553481094539165,-0.172862276434898,-6.93530654907227,2.07438468933105,1.42889189720154,-0.0876507982611656,-0.0681083202362061,27.471123745,-8.498737955,-0.141437075,-0.410703123291845,-0.146123122485371,0.298291928695813
-44.6701049804688,-9.95635986328125,-352.401733398438,-34.5611572265625,15.0680541992188,-306.167602539063,-0.224969774484634,-10.033637046814,-0.00199271133169532,0.539051234722137,-0.0409188494086266,0.285145819187164,-2.1470832824707,-4.70631647109985,7.61385250091553,0.0228370353579521,-0.31169319152832,-0.174886122345924,0.855691373348236,-10.5662288665771,-1.44151735305786,-1.04768431186676,0.0998025387525558,0.0557633824646473,-0.173571661114693,-6.9298882484436,2.09360122680664,1.42650127410889,-0.0861702859401703,-0.0684954226016998,27.47091113,-8.498478526,-0.141324096,-0.408776122237455,-0.146600934941501,0.298834939380091
-44.7845458984375,-9.8419189453125,-352.630615234375,-34.5611572265625,15.0299072265625,-306.549072265625,-0.227214708924294,-10.0292081832886,-0.0574801005423069,0.54065603017807,-0.0494803786277771,0.2853002846241,-2.24431896209717,-4.67478799819946,7.61271238327026,0.0215335115790367,-0.316767573356628,-0.178419798612595,0.828619420528412,-10.5776453018188,-1.45291328430176,-1.04396831989288,0.101052910089493,0.0561786517500877,-0.174281030893326,-6.92446947097778,2.11281776428223,1.42411077022552,-0.084689773619175,-0.0688825324177742,27.470698515,-8.498219097,-0.141211117,-0.406849121183067,-0.14707874739763,0.299377950064368
-44.8989868164063,-9.765625,-352.859497070313,-34.5993041992188,14.7628784179688,-306.70166015625,-0.229459643363953,-10.0247793197632,-0.112967491149902,0.542260766029358,-0.0580419115722179,0.285454779863358,-2.34155464172363,-4.64326000213623,7.61157274246216,0.0202299896627665,-0.321841955184937,-0.181953474879265,0.801547527313232,-10.5890617370605,-1.46430933475494,-1.0402524471283,0.10230328142643,0.0565939247608185,-0.17499041557312,-6.91905117034912,2.13203430175781,1.42172014713287,-0.0832092612981796,-0.0692696422338486,27.4704859,-8.497959668,-0.141098138,-0.404922120128677,-0.14755655985376,0.299920960748646
-45.013427734375,-9.6893310546875,-353.08837890625,-34.637451171875,14.495849609375,-306.854248046875,-0.212841302156448,-10.0226163864136,-0.177883207798004,0.535446524620056,-0.0724619925022125,0.286410957574844,-2.39951682090759,-4.66376495361328,7.61360597610474,0.019774230197072,-0.32600349187851,-0.184599280357361,0.770804703235626,-10.5930471420288,-1.48995327949524,-1.03826999664307,0.103034593164921,0.0578333996236324,-0.1789870262146,-6.90978336334229,2.14915800094604,1.4177223443985,-0.0813141539692879,-0.0697067305445671,27.470273285,-8.497700239,-0.140985159,-0.402995119074289,-0.148034372309889,0.300463971432924
-45.1278686523438,-9.65118408203125,-352.706909179688,-34.5993041992188,14.6102905273438,-307.388305664063,-0.196222975850105,-10.020453453064,-0.242798924446106,0.528632342815399,-0.0868820771574974,0.287367105484009,-2.45747900009155,-4.68426990509033,7.61563920974731,0.0193184725940228,-0.330165058374405,-0.187245085835457,0.740061819553375,-10.5970335006714,-1.51559734344482,-1.03628766536713,0.103765897452831,0.0590728707611561,-0.18298365175724,-6.90051507949829,2.1662814617157,1.41372442245483,-0.0794190466403961,-0.0701438263058662,27.47006067,-8.49744081,-0.14087218,-0.401068118019899,-0.148512184766018,0.301006982117201
-45.2423095703125,-9.613037109375,-352.325439453125,-34.5611572265625,14.7247314453125,-307.92236328125,-0.179604634642601,-10.0182905197144,-0.307714641094208,0.521818101406097,-0.101302161812782,0.288323283195496,-2.51544094085693,-4.70477485656738,7.61767244338989,0.0188627131283283,-0.334326595067978,-0.189890891313553,0.709318995475769,-10.6010189056396,-1.54124128818512,-1.0343052148819,0.104497209191322,0.06031234562397,-0.18698026239872,-6.89124727249146,2.18340516090393,1.40972661972046,-0.0775239393115044,-0.0705809146165848,27.0479735129999,-8.0758099079999,-0.170561423500007,-0.400537328034505,-0.150004720616743,0.301648687688737
-45.5474853515625,-9.72747802734375,-352.401733398438,-34.5611572265625,14.801025390625,-308.074951171875,-0.162986308336258,-10.0161266326904,-0.37263035774231,0.515003859996796,-0.115722239017487,0.289279460906982,-2.57340312004089,-4.72528028488159,7.61970567703247,0.018406955525279,-0.338488131761551,-0.192536696791649,0.678576171398163,-10.6050043106079,-1.5668853521347,-1.03232276439667,0.105228513479233,0.0615518167614937,-0.190976873040199,-6.88197946548462,2.20052862167358,1.40572869777679,-0.0756288319826126,-0.0710180029273033,26.625886356,-7.65417900600005,-0.200250666999997,-0.400006538049111,-0.151497256467468,0.302290393260273
-45.8526611328125,-9.8419189453125,-352.47802734375,-34.5611572265625,14.8773193359375,-308.2275390625,-0.146367967128754,-10.0139636993408,-0.437546074390411,0.508189618587494,-0.130142331123352,0.290235608816147,-2.63136529922485,-4.74578523635864,7.62173891067505,0.0179511960595846,-0.342649668455124,-0.195182502269745,0.647833347320557,-10.6089897155762,-1.592529296875,-1.03034031391144,0.105959825217724,0.0627912878990173,-0.19497349858284,-6.87271165847778,2.21765232086182,1.40173089504242,-0.0737337246537209,-0.0714550912380219,26.2037991989999,-7.23254810399995,-0.229939910500003,-0.399475748063717,-0.152989792318193,0.302932098831808
-46.08154296875,-9.918212890625,-352.706909179688,-34.5993041992188,14.8773193359375,-308.914184570313,-0.129749640822411,-10.0118007659912,-0.502461791038513,0.501375436782837,-0.144562408328056,0.291191786527634,-2.68932747840881,-4.76629018783569,7.62377214431763,0.0174954365938902,-0.346811234951019,-0.197828307747841,0.617090463638306,-10.6129760742188,-1.61817336082458,-1.0283579826355,0.106691129505634,0.0640307664871216,-0.198970109224319,-6.86344337463379,2.23477578163147,1.39773297309875,-0.0718386173248291,-0.071892186999321,25.7817120420001,-6.8109172020001,-0.259629153999993,-0.398944958078324,-0.154482328168917,0.303573804403344
-46.3104248046875,-9.9945068359375,-352.935791015625,-34.637451171875,14.8773193359375,-309.600830078125,-0.113131299614906,-10.0096378326416,-0.567377507686615,0.494561195373535,-0.158982485532761,0.292147934436798,-2.74728965759277,-4.78679513931274,7.62580537796021,0.0170396789908409,-0.350972771644592,-0.200474113225937,0.586347639560699,-10.616961479187,-1.64381730556488,-1.02637553215027,0.107422441244125,0.0652702376246452,-0.20296673476696,-6.85417556762695,2.2518994808197,1.39373517036438,-0.0699435099959373,-0.0723292753100395,25.359624885,-6.3892863,-0.2893183975,-0.39841416809293,-0.155974864019642,0.30421550997488
-46.38671875,-10.2996826171875,-353.240966796875,-34.637451171875,14.7628784179688,-309.75341796875,-0.0965129658579826,-10.007474899292,-0.632293224334717,0.487746983766556,-0.173402577638626,0.293104112148285,-2.80525183677673,-4.80730009078979,7.62783861160278,0.0165839195251465,-0.355134308338165,-0.203119918704033,0.555604815483093,-10.6209468841553,-1.66946136951447,-1.02439308166504,0.108153745532036,0.0665097087621689,-0.20696334540844,-6.84490776062012,2.26902294158936,1.38973724842072,-0.0680484026670456,-0.0727663636207581,24.9375377279999,-5.9676553979999,-0.319007641000007,-0.397883378107536,-0.157467399870367,0.304857215546416
-46.4630126953125,-10.6048583984375,-353.546142578125,-34.637451171875,14.6484375,-309.906005859375,-0.079894632101059,-10.0053119659424,-0.697208940982819,0.480932742357254,-0.18782265484333,0.294060289859772,-2.86321377754211,-4.82780504226685,7.62987184524536,0.0161281619220972,-0.359295874834061,-0.205765724182129,0.524861991405487,-10.6249322891235,-1.69510531425476,-1.0224107503891,0.108885057270527,0.0677491798996925,-0.210959956049919,-6.83563947677612,2.28614664077759,1.38573944568634,-0.0661532953381538,-0.0732034519314766,24.515450571,-5.54602449600005,-0.348696884499997,-0.397352588122142,-0.158959935721091,0.305498921117951
-46.8063354492188,-10.7955932617188,-353.546142578125,-34.637451171875,14.5721435546875,-310.134887695313,-0.0632762983441353,-10.0031490325928,-0.76212465763092,0.474118530750275,-0.202242732048035,0.295016437768936,-2.92117595672607,-4.8483099937439,7.63190507888794,0.0156724024564028,-0.363457411527634,-0.208411529660225,0.494119137525558,-10.6289186477661,-1.72074937820435,-1.02042829990387,0.109616361558437,0.0689886584877968,-0.21495658159256,-6.82637166976929,2.30327033996582,1.38174164295197,-0.0642581880092621,-0.0736405476927757,24.0933634139999,-5.12439359399995,-0.378386128000003,-0.396821798136748,-0.160452471571817,0.306140626689487
-47.149658203125,-10.986328125,-353.546142578125,-34.637451171875,14.495849609375,-310.36376953125,-0.0466579645872116,-10.0009851455688,-0.827040374279022,0.467304319143295,-0.2166628241539,0.295972615480423,-2.97913813591003,-4.86881542205811,7.63393831253052,0.0152166439220309,-0.367618948221207,-0.211057335138321,0.46337628364563,-10.6329040527344,-1.74639332294464,-1.01844584941864,0.110347673296928,0.0702281296253204,-0.218953192234039,-6.81710386276245,2.32039380073547,1.3777437210083,-0.0623630806803703,-0.0740776360034943,23.6712762570001,-4.7027626920001,-0.408075371499993,-0.396291008151354,-0.161945007422541,0.306782332261022
-47.1115112304688,-11.29150390625,-353.927612304688,-34.4085693359375,14.3814086914063,-310.516357421875,-0.0300396289676428,-9.99882221221924,-0.891956090927124,0.460490077733994,-0.231082901358604,0.29692879319191,-3.03710031509399,-4.88932037353516,7.6359715461731,0.0147608853876591,-0.371780514717102,-0.213703140616417,0.432633459568024,-10.6368894577026,-1.77203738689423,-1.0164635181427,0.111078977584839,0.0714676007628441,-0.222949802875519,-6.80783557891846,2.33751749992371,1.37374591827393,-0.0604679733514786,-0.0745147243142128,23.2491891,-4.28113179,-0.437764615,-0.39576021816596,-0.163437543273266,0.307424037832558
-47.0733642578125,-11.5966796875,-354.30908203125,-34.1796875,14.2669677734375,-310.6689453125,-0.013421293348074,-9.99665927886963,-0.956871807575226,0.453675866127014,-0.245502978563309,0.297884941101074,-3.09506249427795,-4.90982532501221,7.63800477981567,0.0143051268532872,-0.375942051410675,-0.216348946094513,0.401890605688095,-10.6408748626709,-1.79768133163452,-1.01448106765747,0.11181028932333,0.0727070719003677,-0.226946428418159,-6.79856777191162,2.35464096069336,1.36974799633026,-0.0585728660225868,-0.0749518126249313,22.8271019429999,-3.8595008879999,-0.467453858500007,-0.395229428180566,-0.164930079123991,0.308065743404094
-46.9207763671875,-11.749267578125,-354.537963867188,-34.3704223632813,14.0380859375,-311.126708984375,-0.00694388709962368,-10.0089197158813,-0.960568130016327,0.449322521686554,-0.255755990743637,0.298476189374924,-3.06985473632813,-4.92432641983032,7.64886713027954,0.0144944339990616,-0.380174249410629,-0.218891754746437,0.372572332620621,-10.6448907852173,-1.82207274436951,-1.01344108581543,0.112147442996502,0.0743406787514687,-0.234988585114479,-6.79094171524048,2.36779952049255,1.36564564704895,-0.0567133165895939,-0.0751024484634399,22.405014786,-3.43786998600005,-0.497143101999997,-0.394698638195173,-0.166422614974715,0.30870744897563
-46.7681884765625,-11.90185546875,-354.766845703125,-34.5611572265625,13.8092041015625,-311.58447265625,-0.0106074092909694,-10.0356025695801,-0.903045058250427,0.447430104017258,-0.261841922998428,0.298702508211136,-2.96147727966309,-4.9328236579895,7.66855812072754,0.0153288086876273,-0.384477138519287,-0.221331581473351,0.344678610563278,-10.6489362716675,-1.84521150588989,-1.01334357261658,0.112090446054935,0.0763684138655663,-0.247076287865639,-6.78495788574219,2.37699317932129,1.36143887042999,-0.0548893213272095,-0.074966624379158,21.982927629,-3.01623908399995,-0.526832345500003,-0.394167848209779,-0.167915150825441,0.309349154547165
-46.8826293945313,-11.9400024414063,-354.690551757813,-34.4085693359375,13.8473510742188,-311.737060546875,-0.0142709305509925,-10.0622863769531,-0.845521986484528,0.445537656545639,-0.26792785525322,0.298928797245026,-2.85309982299805,-4.94132137298584,7.68824911117554,0.016163183376193,-0.388779997825623,-0.223771423101425,0.316784888505936,-10.6529817581177,-1.86835026741028,-1.01324605941772,0.112033449113369,0.0783961415290833,-0.259163975715637,-6.7789740562439,2.38618659973145,1.35723197460175,-0.0530653260648251,-0.0748307928442955,21.5608404720001,-2.5946081820001,-0.556521588999993,-0.393637058224385,-0.169407686676165,0.309990860118701
-46.9970703125,-11.9781494140625,-354.6142578125,-34.2559814453125,13.885498046875,-311.8896484375,-0.0179344527423382,-10.0889692306519,-0.787998914718628,0.44364520907402,-0.274013787508011,0.299155116081238,-2.74472236633301,-4.94981861114502,7.70794010162354,0.0169975589960814,-0.393082857131958,-0.226211249828339,0.288891166448593,-10.6570272445679,-1.89148890972137,-1.01314854621887,0.111976452171803,0.0804238766431808,-0.271251678466797,-6.77299022674561,2.39538025856018,1.35302519798279,-0.0512413308024406,-0.0746949687600136,21.138753315,-2.17297728,-0.5862108325,-0.393106268238991,-0.17090022252689,0.310632565690237
-46.844482421875,-11.9781494140625,-354.843139648438,-34.4467163085938,13.8092041015625,-311.965942382813,-0.0215979740023613,-10.1156530380249,-0.730475842952728,0.441752791404724,-0.280099719762802,0.29938143491745,-2.63634490966797,-4.9583158493042,7.72763109207153,0.0178319327533245,-0.397385746240616,-0.228651076555252,0.260997444391251,-10.6610727310181,-1.91462767124176,-1.01305103302002,0.111919455230236,0.0824516117572784,-0.283339381217957,-6.76700639724731,2.40457367897034,1.34881842136383,-0.0494173392653465,-0.0745591446757317,20.7166661579999,-1.7513463779999,-0.615900076000007,-0.392575478253597,-0.172392758377615,0.311274271261772
-46.69189453125,-11.9781494140625,-355.072021484375,-34.637451171875,13.73291015625,-312.042236328125,-0.0252614952623844,-10.1423358917236,-0.672952771186829,0.439860343933105,-0.286185652017593,0.29960772395134,-2.52796745300293,-4.96681356430054,7.74732208251953,0.0186663065105677,-0.401688605546951,-0.231090903282166,0.233103707432747,-10.6651182174683,-1.93776643276215,-1.01295351982117,0.11186245828867,0.084479346871376,-0.295427083969116,-6.76102256774902,2.41376709938049,1.34461152553558,-0.0475933440029621,-0.0744233131408691,20.294579001,-1.32971547600005,-0.645589319499997,-0.392044688268203,-0.173885294228339,0.311915976833308
-46.69189453125,-11.5203857421875,-354.995727539063,-34.5230102539063,13.6947631835938,-312.80517578125,-0.0289250165224075,-10.1690196990967,-0.615429699420929,0.437967896461487,-0.292271584272385,0.299834042787552,-2.41958999633789,-4.97531080245972,7.76701307296753,0.019500682130456,-0.405991464853287,-0.233530730009079,0.205209985375404,-10.6691637039185,-1.96090519428253,-1.01285600662231,0.111805461347103,0.0865070819854736,-0.307514786720276,-6.75503873825073,2.42296075820923,1.34040474891663,-0.0457693487405777,-0.0742874890565872,19.872491844,-0.908084573999952,-0.675278563000003,-0.391513898282809,-0.175377830079064,0.312557682404844
-46.69189453125,-11.0626220703125,-354.91943359375,-34.4085693359375,13.6566162109375,-313.568115234375,-0.0325885377824306,-10.1957025527954,-0.557906627655029,0.436075478792191,-0.298357486724854,0.300060361623764,-2.31121230125427,-4.9838080406189,7.78670406341553,0.0203350558876991,-0.410294353961945,-0.235970571637154,0.177316263318062,-10.673210144043,-1.98404395580292,-1.01275849342346,0.111748471856117,0.0885348096489906,-0.319602489471436,-6.74905490875244,2.43215417861938,1.33619785308838,-0.0439453534781933,-0.0741516649723053,19.4504046870001,-0.486453672000096,-0.704967806499993,-0.390983108297416,-0.176870365929789,0.313199387976379
-46.8063354492188,-10.68115234375,-355.377197265625,-34.3704223632813,13.427734375,-313.568115234375,-0.0362520590424538,-10.2223863601685,-0.50038355588913,0.434183031320572,-0.304443418979645,0.300286650657654,-2.20283484458923,-4.99230575561523,7.80639505386353,0.0211694315075874,-0.41459721326828,-0.238410398364067,0.149422541260719,-10.6772556304932,-2.00718259811401,-1.01266098022461,0.111691474914551,0.0905625447630882,-0.331690192222595,-6.74307107925415,2.44134783744812,1.33199107646942,-0.0421213619410992,-0.0740158334374428,19.02831753,-0.06482277,-0.73465705,-0.390452318312021,-0.178362901780514,0.313841093547915
-46.9207763671875,-10.2996826171875,-355.8349609375,-34.332275390625,13.1988525390625,-313.568115234375,-0.0399155840277672,-10.2490692138672,-0.44286048412323,0.432290613651276,-0.310529351234436,0.300512969493866,-2.09445738792419,-5.00080299377441,7.82608604431152,0.0220038052648306,-0.418900102376938,-0.240850225090981,0.121528811752796,-10.6813011169434,-2.0303213596344,-1.01256346702576,0.111634477972984,0.0925902798771858,-0.343777894973755,-6.73708724975586,2.45054125785828,1.32778429985046,-0.0402973666787148,-0.0738800093531609,19.0282188025,-0.0648679345,-0.7345579795,-0.38879016362447,-0.179538640076944,0.314342213896132
-46.9589233398438,-10.0326538085938,-355.758666992188,-34.3704223632813,13.1988525390625,-313.873291015625,-0.0435791052877903,-10.2757530212402,-0.38533741235733,0.430398166179657,-0.316615283489227,0.300739288330078,-1.98607993125916,-5.00930023193359,7.84577703475952,0.0228381808847189,-0.423202961683273,-0.243290051817894,0.0936350896954536,-10.6853466033936,-2.05346012115479,-1.0124659538269,0.111577481031418,0.0946180149912834,-0.355865597724915,-6.73110342025757,2.45973491668701,1.32357740402222,-0.0384733714163303,-0.0737441852688789,19.028120075,-0.064913099,-0.734458909,-0.387128008936919,-0.180714378373373,0.314843334244349
-46.9970703125,-9.765625,-355.682373046875,-34.4085693359375,13.1988525390625,-314.178466796875,-0.0472426265478134,-10.302435874939,-0.327814340591431,0.428505718708038,-0.322701215744019,0.30096560716629,-1.87770247459412,-5.01779747009277,7.86546802520752,0.0236725546419621,-0.427505820989609,-0.245729893445969,0.0657413676381111,-10.6893920898438,-2.07659888267517,-1.01236844062805,0.111520484089851,0.0966457426548004,-0.367953300476074,-6.72511959075928,2.46892833709717,1.31937062740326,-0.0366493761539459,-0.073608361184597,19.0280213475,-0.0649582635,-0.7343598385,-0.385465854249367,-0.181890116669803,0.315344454592567
-46.8826293945313,-9.65118408203125,-355.682373046875,-34.332275390625,13.1607055664063,-314.254760742188,-0.0509061478078365,-10.329119682312,-0.270291268825531,0.426613301038742,-0.32878714799881,0.30119189620018,-1.76932501792908,-5.02629518508911,7.88515901565552,0.0245069302618504,-0.431808710098267,-0.248169720172882,0.0378476418554783,-10.6934375762939,-2.09973764419556,-1.0122709274292,0.111463487148285,0.098673477768898,-0.380041003227234,-6.71913576126099,2.4781219959259,1.31516373157501,-0.0348253846168518,-0.0734725296497345,19.02792262,-0.065003428,-0.734260768,-0.383803699561817,-0.183065854966232,0.315845574940784
-46.7681884765625,-9.5367431640625,-355.682373046875,-34.2559814453125,13.12255859375,-314.3310546875,-0.0545696690678596,-10.3558025360107,-0.212768197059631,0.424720853567123,-0.334873080253601,0.301418215036392,-1.66094756126404,-5.03479242324829,7.90485000610352,0.0253413040190935,-0.436111569404602,-0.250609546899796,0.00995391607284546,-10.6974830627441,-2.12287640571594,-1.01217341423035,0.111406490206718,0.100701212882996,-0.392128705978394,-6.7131519317627,2.48731541633606,1.31095695495605,-0.0330013893544674,-0.0733367055654526,19.0278238925,-0.0650485925,-0.7341616975,-0.382141544874265,-0.184241593262662,0.316346695289001
-46.6156005859375,-9.3841552734375,-355.682373046875,-34.4085693359375,13.0081176757813,-314.63623046875,-0.049789946526289,-10.367826461792,-0.155528992414474,0.434168189764023,-0.33402618765831,0.302009075880051,-1.61543834209442,-5.04476594924927,7.91798067092896,0.0254099816083908,-0.437152743339539,-0.251019299030304,-0.0243181753903627,-10.6979856491089,-2.14004921913147,-1.0113320350647,0.110256798565388,0.103395529091358,-0.407412230968475,-6.71401929855347,2.4933135509491,1.30734479427338,-0.0318150222301483,-0.0728387385606766,19.027725165,-0.065093757,-0.734062627,-0.380479390186713,-0.185417331559092,0.316847815637219
-46.4630126953125,-9.2315673828125,-355.682373046875,-34.5611572265625,12.8936767578125,-314.94140625,-0.0450102277100086,-10.3798513412476,-0.098289780318737,0.443615525960922,-0.333179324865341,0.302599906921387,-1.56992924213409,-5.0547399520874,7.93111133575439,0.0254786591976881,-0.438193917274475,-0.251429051160812,-0.0585902668535709,-10.6984872817993,-2.157222032547,-1.01049065589905,0.109107099473476,0.106089852750301,-0.42269578576088,-6.71488666534424,2.49931192398071,1.3037326335907,-0.0306286513805389,-0.0723407715559006,19.0276264375,-0.0651389215,-0.7339635565,-0.378817235499162,-0.186593069855522,0.317348935985436
-45.928955078125,-9.2315673828125,-355.911254882813,-34.637451171875,12.8936767578125,-315.017700195313,-0.040230505168438,-10.3918752670288,-0.0410505682229996,0.453062862157822,-0.33233243227005,0.303190767765045,-1.52442002296448,-5.06471347808838,7.94424200057983,0.0255473367869854,-0.439235091209412,-0.251838803291321,-0.0928623601794243,-10.6989898681641,-2.1743950843811,-1.0096492767334,0.107957407832146,0.108784168958664,-0.437979310750961,-6.71575450897217,2.50531005859375,1.30012035369873,-0.0294422823935747,-0.0718428120017052,19.02752771,-0.065184086,-0.733864486,-0.377155080811611,-0.187768808151952,0.317850056333653
-45.3948974609375,-9.2315673828125,-356.14013671875,-34.7137451171875,12.8936767578125,-315.093994140625,-0.0354507863521576,-10.4039001464844,0.0161886438727379,0.462510198354721,-0.331485569477081,0.303781628608704,-1.47891080379486,-5.07468748092651,7.95737266540527,0.0256160143762827,-0.440276265144348,-0.252248555421829,-0.127134457230568,-10.6994915008545,-2.19156789779663,-1.00880777835846,0.106807708740234,0.111478485167027,-0.453262835741043,-6.71662187576294,2.51130819320679,1.29650819301605,-0.0282559134066105,-0.0713448449969292,19.0274289825,-0.0652292505,-0.7337654155,-0.37549292612406,-0.188944546448381,0.31835117668187
-45.5093383789063,-9.2315673828125,-356.4453125,-34.7137451171875,12.8173828125,-315.5517578125,-0.0306710656732321,-10.4159240722656,0.0734278559684753,0.47195753455162,-0.33063867688179,0.30437245965004,-1.43340158462524,-5.08466100692749,7.97050333023071,0.0256846901029348,-0.441317439079285,-0.252658307552338,-0.161406546831131,-10.6999940872192,-2.20874071121216,-1.00796639919281,0.105658017098904,0.11417280882597,-0.468546390533447,-6.71748924255371,2.5173065662384,1.29289603233337,-0.0270695444196463,-0.0708468779921532,19.027330255,-0.065274415,-0.733666345,-0.373830771436508,-0.190120284744811,0.318852297030087
-45.623779296875,-9.2315673828125,-356.75048828125,-34.7137451171875,12.7410888671875,-316.009521484375,-0.0258913449943066,-10.4279489517212,0.130667060613632,0.48140487074852,-0.329791784286499,0.304963320493698,-1.38789248466492,-5.09463500976563,7.98363399505615,0.0257533676922321,-0.442358613014221,-0.253068059682846,-0.195678636431694,-10.700496673584,-2.22591352462769,-1.00712502002716,0.104508318006992,0.116867125034332,-0.483829915523529,-6.71835660934448,2.52330470085144,1.2892838716507,-0.025883175432682,-0.0703489109873772,19.0272315275,-0.0653195795,-0.7335672745,-0.372168616748956,-0.191296023041241,0.319353417378305
-45.5474853515625,-9.3841552734375,-356.674194335938,-34.7518920898438,12.51220703125,-316.162109375,-0.0211116243153811,-10.4399728775024,0.18790628015995,0.490852236747742,-0.32894492149353,0.305554151535034,-1.3423832654953,-5.1046085357666,7.99676465988159,0.0258220452815294,-0.443399786949158,-0.253477811813354,-0.229950726032257,-10.7009983062744,-2.24308657646179,-1.00628364086151,0.103358626365662,0.119561441242695,-0.499113470315933,-6.71922397613525,2.52930307388306,1.28567171096802,-0.0246968064457178,-0.0698509514331818,19.0271328,-0.065364744,-0.733468204,-0.370506462061406,-0.19247176133767,0.319854537726522
-45.47119140625,-9.5367431640625,-356.597900390625,-34.7900390625,12.2833251953125,-316.314697265625,-0.0163319036364555,-10.451997756958,0.245145484805107,0.500299572944641,-0.328098028898239,0.306145012378693,-1.29687404632568,-5.11458253860474,8.00989532470703,0.0258907228708267,-0.444440960884094,-0.253887563943863,-0.264222830533981,-10.7015008926392,-2.26025938987732,-1.00544226169586,0.10220892727375,0.122255764901638,-0.514396965503693,-6.72009134292603,2.53530120849609,1.28205955028534,-0.0235104374587536,-0.0693529844284058,19.0270340725,-0.0654099085,-0.7333691335,-0.368844307373854,-0.1936474996341,0.320355658074739
-45.7382202148438,-9.6893310546875,-356.826782226563,-34.6755981445313,12.0925903320313,-316.162109375,-0.0115521820262074,-10.4640216827393,0.302384704351425,0.509746909141541,-0.32725116610527,0.306735873222351,-1.25136482715607,-5.12455606460571,8.02302646636963,0.025959400460124,-0.445482134819031,-0.254297316074371,-0.298494905233383,-10.7020025253296,-2.27743220329285,-1.00460088253021,0.10105923563242,0.124950081110001,-0.529680550098419,-6.72095918655396,2.54129934310913,1.27844727039337,-0.0223240684717894,-0.0688550174236298,19.026935345,-0.065455073,-0.733270063,-0.367182152686303,-0.194823237930529,0.320856778422956
-46.0052490234375,-9.8419189453125,-357.0556640625,-34.5611572265625,11.90185546875,-316.009521484375,-0.00677246181294322,-10.4760456085205,0.359623908996582,0.51919424533844,-0.326404273509979,0.307326704263687,-1.20585572719574,-5.13452959060669,8.03615665435791,0.0260280780494213,-0.446523308753967,-0.25470706820488,-0.332767009735107,-10.7025051116943,-2.29460501670837,-1.00375950336456,0.0999095365405083,0.127644404768944,-0.544964075088501,-6.72182655334473,2.54729771614075,1.27483510971069,-0.0211376994848251,-0.0683570504188538,19.0268366175,-0.0655002375,-0.7331709925,-0.365519997998751,-0.195998976226959,0.321357898771174
-45.8145141601563,-9.72747802734375,-356.979370117188,-34.6755981445313,11.749267578125,-316.46728515625,-0.00199274090118706,-10.4880704879761,0.416863113641739,0.528641581535339,-0.325557380914688,0.307917565107346,-1.16034650802612,-5.14450359344482,8.04928779602051,0.0260967556387186,-0.447564482688904,-0.255116820335388,-0.367039114236832,-10.7030076980591,-2.3117778301239,-1.00291800498962,0.0987598448991776,0.130338713526726,-0.560247600078583,-6.7226939201355,2.55329585075378,1.27122294902802,-0.0199513304978609,-0.0678590834140778,19.02673789,-0.065545402,-0.733071922,-0.3638578433112,-0.197174714523389,0.321859019119391
-45.623779296875,-9.613037109375,-356.903076171875,-34.7900390625,11.5966796875,-316.925048828125,0.0027869800105691,-10.5000944137573,0.474102318286896,0.538088917732239,-0.324710518121719,0.308508425951004,-1.11483728885651,-5.1544771194458,8.06241798400879,0.0261654332280159,-0.44860565662384,-0.255526572465897,-0.401311188936234,-10.7035093307495,-2.32895088195801,-1.00207662582397,0.0976101458072662,0.133033037185669,-0.575531125068665,-6.72356128692627,2.55929398536682,1.26761078834534,-0.0187649615108967,-0.0673611238598824,19.0266391625,-0.0655905665,-0.7329728515,-0.362195688623649,-0.198350452819819,0.322360139467608
-45.3948974609375,-9.6893310546875,-356.979370117188,-34.7900390625,11.5203857421875,-316.848754882813,0.00756670068949461,-10.5121192932129,0.531341552734375,0.547536253929138,-0.323863625526428,0.30909925699234,-1.06932806968689,-5.16445112228394,8.07554912567139,0.0262341108173132,-0.449646830558777,-0.255936324596405,-0.435583293437958,-10.7040119171143,-2.34612369537354,-1.00123524665833,0.0964604541659355,0.135727360844612,-0.590814650058746,-6.72442865371704,2.56529235839844,1.26399862766266,-0.0175785925239325,-0.0668631568551064,19.026540435,-0.065635731,-0.732873781,-0.360533533936097,-0.199526191116249,0.322861259815825
-45.166015625,-9.765625,-357.0556640625,-34.7900390625,11.444091796875,-316.7724609375,0.0392199642956257,-10.5032606124878,0.535709083080292,0.553520441055298,-0.322537153959274,0.309788823127747,-1.05679273605347,-5.17504072189331,8.07512378692627,0.0263023991137743,-0.449710845947266,-0.255261957645416,-0.467835694551468,-10.6982927322388,-2.35762310028076,-0.999949395656586,0.0946586728096008,0.138584762811661,-0.606396496295929,-6.73445844650269,2.57811379432678,1.26036691665649,-0.0167165286839008,-0.0663991495966911,19.0264417075,-0.0656808955,-0.7327747105,-0.358871379248546,-0.200701929412678,0.323362380164043
-45.2041625976563,-9.6893310546875,-357.131958007813,-34.8663330078125,11.29150390625,-316.848754882813,0.097746767103672,-10.4735193252563,0.487204939126968,0.556041419506073,-0.320731103420258,0.310577124357224,-1.07723104953766,-5.18624687194824,8.06114387512207,0.0263703018426895,-0.448797672986984,-0.253503531217575,-0.498068422079086,-10.6863527297974,-2.36344909667969,-0.998219072818756,0.0922048166394234,0.141605257987976,-0.622276663780212,-6.75365018844604,2.59775853157043,1.25671577453613,-0.0161787699908018,-0.0659690946340561,19.02634298,-0.06572606,-0.73267564,-0.357209224560995,-0.201877667709108,0.32386350051226
-45.2423095703125,-9.613037109375,-357.208251953125,-34.942626953125,11.138916015625,-316.925048828125,0.156273573637009,-10.4437789916992,0.438700824975967,0.558562457561493,-0.318925052881241,0.3113654255867,-1.09766936302185,-5.19745302200317,8.04716396331787,0.0264382027089596,-0.447884500026703,-0.251745074987411,-0.528301179409027,-10.674412727356,-2.36927509307861,-0.996488690376282,0.0897509604692459,0.144625753164291,-0.638156831264496,-6.7728419303894,2.61740326881409,1.25306463241577,-0.0156410112977028,-0.0655390471220016,18.998059732,-0.0717130735000014,-0.726055244999998,-0.354865789865916,-0.202568412128761,0.324122792070277
-45.0515747070313,-9.46044921875,-357.208251953125,-34.942626953125,11.0626220703125,-317.459106445313,0.214800387620926,-10.4140377044678,0.390196681022644,0.561083436012268,-0.317119002342224,0.312153726816177,-1.11810767650604,-5.20865917205811,8.03318309783936,0.0265061054378748,-0.446971327066422,-0.24998664855957,-0.558533906936646,-10.6624727249146,-2.37510132789612,-0.994758367538452,0.0872971042990685,0.147646248340607,-0.654036998748779,-6.79203319549561,2.63704800605774,1.24941349029541,-0.0151032526046038,-0.0651089996099472,18.969776484,-0.0777000869999993,-0.719434850000001,-0.352522355170838,-0.203259156548414,0.324382083628293
-44.86083984375,-9.307861328125,-357.208251953125,-34.942626953125,10.986328125,-317.9931640625,0.273327171802521,-10.3842964172363,0.341692537069321,0.563604474067688,-0.315312951803207,0.312942028045654,-1.13854598999023,-5.21986484527588,8.01920318603516,0.0265740063041449,-0.44605815410614,-0.248228207230568,-0.588766634464264,-10.6505327224731,-2.38092732429504,-0.993028044700623,0.0848432406783104,0.150666743516922,-0.669917166233063,-6.81122493743896,2.65669274330139,1.24576234817505,-0.0145654939115047,-0.0646789446473122,18.941493236,-0.0836871005000007,-0.712814454999999,-0.350178920475759,-0.203949900968067,0.32464137518631
-44.7845458984375,-9.0789794921875,-357.437133789063,-35.09521484375,10.7955932617188,-318.145751953125,0.331853985786438,-10.3545560836792,0.29318842291832,0.566125512123108,-0.313506901264191,0.313730299472809,-1.15898442268372,-5.23107099533081,8.00522327423096,0.0266419090330601,-0.445144981145859,-0.246469765901566,-0.618999361991882,-10.6385927200317,-2.38675332069397,-0.991297662258148,0.0823893845081329,0.153687238693237,-0.685797333717346,-6.83041667938232,2.67633748054504,1.24211120605469,-0.0140277352184057,-0.0642488971352577,18.913209988,-0.0896741139999986,-0.706194060000001,-0.347835485780682,-0.204640645387719,0.324900666744327
-44.708251953125,-8.85009765625,-357.666015625,-35.247802734375,10.6048583984375,-318.29833984375,0.390380799770355,-10.3248147964478,0.244684278964996,0.568646490573883,-0.311700850725174,0.314518600702286,-1.17942273616791,-5.24227714538574,7.9912428855896,0.0267098098993301,-0.444231808185577,-0.244711324572563,-0.649232089519501,-10.6266527175903,-2.3925793170929,-0.989567339420319,0.0799355283379555,0.156707733869553,-0.70167750120163,-6.84960842132568,2.6959822177887,1.23846006393433,-0.0134899765253067,-0.0638188496232033,18.88492674,-0.0956611275,-0.699573665,-0.345492051085603,-0.205331389807372,0.325159958302344
-44.8989868164063,-8.4686279296875,-357.589721679688,-34.9807739257813,10.6430053710938,-318.374633789063,0.448907613754272,-10.2950735092163,0.196180149912834,0.571167528629303,-0.309894800186157,0.315306901931763,-1.1998610496521,-5.25348329544067,7.97726249694824,0.0267777126282454,-0.443318635225296,-0.242952883243561,-0.679464817047119,-10.6147136688232,-2.39840531349182,-0.987837016582489,0.077481672167778,0.159728243947029,-0.717557668685913,-6.86880016326904,2.71562671661377,1.23480904102325,-0.0129522169008851,-0.0633887946605682,18.856643492,-0.101648141000001,-0.692953269999999,-0.343148616390524,-0.206022134227025,0.325419249860361
-45.0897216796875,-8.087158203125,-357.513427734375,-34.7137451171875,10.68115234375,-318.450927734375,0.50743442773819,-10.2653331756592,0.147676020860672,0.573688507080078,-0.308088749647141,0.31609520316124,-1.22029936313629,-5.26468896865845,7.96328210830688,0.0268456134945154,-0.442405462265015,-0.241194441914558,-0.709697544574738,-10.6027736663818,-2.40423130989075,-0.986106634140015,0.07502780854702,0.162748739123344,-0.733437836170197,-6.8879919052124,2.73527145385742,1.23115789890289,-0.0124144582077861,-0.0629587471485138,18.828360244,-0.107635154499999,-0.686332875000001,-0.340805181695446,-0.206712878646678,0.325678541418377
-44.8226928710938,-8.0108642578125,-357.589721679688,-34.8281860351563,10.5667114257813,-318.679809570313,0.565961241722107,-10.2355918884277,0.0991718843579292,0.576209545135498,-0.306282669305801,0.316883504390717,-1.24073767662048,-5.27589511871338,7.94930219650269,0.0269135162234306,-0.441492319107056,-0.239436000585556,-0.739930272102356,-10.5908336639404,-2.41005730628967,-0.984376311302185,0.0725739523768425,0.16576923429966,-0.749317944049835,-6.90718364715576,2.75491619110107,1.22750675678253,-0.0118766995146871,-0.0625286921858788,18.800076996,-0.113622168000001,-0.679712479999999,-0.338461747000367,-0.207403623066331,0.325937832976394
-44.5556640625,-7.9345703125,-357.666015625,-34.942626953125,10.4522705078125,-318.90869140625,0.624487996101379,-10.2058506011963,0.0506677553057671,0.578730523586273,-0.304476618766785,0.317671805620193,-1.26117599010468,-5.28710126876831,7.93532180786133,0.0269814170897007,-0.440579146146774,-0.237677559256554,-0.770162999629974,-10.578893661499,-2.41588354110718,-0.982645988464355,0.070120096206665,0.168789729475975,-0.765198111534119,-6.92637491226196,2.77456092834473,1.22385561466217,-0.011338940821588,-0.0620986446738243,18.771793748,-0.119609181499999,-0.673092085000002,-0.336118312305289,-0.208094367485984,0.326197124534411
-44.6319580078125,-7.781982421875,-357.742309570313,-35.0189208984375,10.3378295898438,-319.061279296875,0.683014810085297,-10.1761093139648,0.00216362439095974,0.581251561641693,-0.302670568227768,0.318460077047348,-1.28161442279816,-5.29830741882324,7.92134141921997,0.0270493198186159,-0.439665973186493,-0.235919117927551,-0.800395727157593,-10.5669536590576,-2.4217095375061,-0.980915665626526,0.0676662400364876,0.17181022465229,-0.781078279018402,-6.94556665420532,2.79420566558838,1.22020447254181,-0.0108011811971664,-0.0616685934364796,18.7435105,-0.125596195,-0.66647169,-0.333774877610211,-0.208785111905637,0.326456416092428
-44.708251953125,-7.62939453125,-357.818603515625,-35.09521484375,10.223388671875,-319.2138671875,0.741541624069214,-10.1463689804077,-0.0463405065238476,0.583772540092468,-0.300864517688751,0.319248378276825,-1.30205273628235,-5.30951309204102,7.90736150741577,0.027117220684886,-0.438752800226212,-0.234160676598549,-0.830628454685211,-10.5550136566162,-2.42753553390503,-0.979185283184052,0.0652123764157295,0.174830719828606,-0.796958446502686,-6.96475839614868,2.81385040283203,1.21655333042145,-0.0102634225040674,-0.0612385459244251,18.715227252,-0.131583208500001,-0.659851294999999,-0.331431442915132,-0.20947585632529,0.326715707650445
-44.5175170898438,-7.36236572265625,-357.666015625,-35.1715087890625,10.1852416992188,-319.366455078125,0.800068438053131,-10.1166276931763,-0.0948446393013,0.586293578147888,-0.299058467149734,0.320036679506302,-1.32249104976654,-5.32071924209595,7.89338111877441,0.0271851234138012,-0.43783962726593,-0.232402235269547,-0.86086118221283,-10.5430736541748,-2.43336153030396,-0.977454960346222,0.0627585202455521,0.177851215004921,-0.812838613986969,-6.98395013809204,2.83349514007568,1.21290218830109,-0.0097256638109684,-0.0608084946870804,18.686944004,-0.137570221999999,-0.653230900000001,-0.329088008220054,-0.210166600744942,0.326974999208461
-44.3267822265625,-7.0953369140625,-357.513427734375,-35.247802734375,10.1470947265625,-319.51904296875,0.911212384700775,-10.0888729095459,-0.13913756608963,0.580377340316772,-0.299211412668228,0.320155322551727,-1.32130122184753,-5.32588195800781,7.89053249359131,0.027342788875103,-0.436596244573593,-0.230560198426247,-0.888141691684723,-10.5185079574585,-2.42825531959534,-0.976963222026825,0.0603037662804127,0.179586350917816,-0.824691414833069,-7.01080894470215,2.85315132141113,1.21041464805603,-0.00994029361754656,-0.0603534504771233,18.658660756,-0.143557235500001,-0.646610504999999,-0.326744573524975,-0.210857345164595,0.327234290766478
-44.4793701171875,-7.05718994140625,-357.97119140625,-35.3622436523438,10.1089477539063,-319.366455078125,1.02235627174377,-10.0611181259155,-0.183430477976799,0.574461102485657,-0.299364358186722,0.320273995399475,-1.32011151313782,-5.33104467391968,7.8876838684082,0.0275004543364048,-0.435352891683578,-0.228718146681786,-0.915422201156616,-10.4939422607422,-2.4231493473053,-0.976471424102783,0.0578490123152733,0.181321486830711,-0.836544156074524,-7.03766822814941,2.87280750274658,1.20792710781097,-0.0101549234241247,-0.0598984062671661,18.630377508,-0.149544248999999,-0.639990110000001,-0.324401138829897,-0.211548089584248,0.327493582324495
-44.6319580078125,-7.01904296875,-358.428955078125,-35.4766845703125,10.07080078125,-319.2138671875,1.13350021839142,-10.0333633422852,-0.227723404765129,0.568544864654541,-0.299517273902893,0.320392638444901,-1.31892168521881,-5.33620691299438,7.8848352432251,0.0276581197977066,-0.434109508991241,-0.226876109838486,-0.94270271062851,-10.4693765640259,-2.41804313659668,-0.975979685783386,0.0553942583501339,0.183056622743607,-0.848396956920624,-7.06452703475952,2.89246392250061,1.20543944835663,-0.0103695532307029,-0.059443362057209,18.60209426,-0.1555312625,-0.633369715,-0.322057704134818,-0.212238834003901,0.327752873882512
-44.403076171875,-6.9427490234375,-358.352661132813,-35.3622436523438,9.9945068359375,-319.671630859375,1.24464416503906,-10.0056085586548,-0.272016316652298,0.562628626823425,-0.299670219421387,0.320511281490326,-1.3177318572998,-5.34136962890625,7.88198661804199,0.0278157871216536,-0.432866126298904,-0.225034058094025,-0.969983220100403,-10.4448108673096,-2.41293692588806,-0.975487887859344,0.0529395043849945,0.184791758656502,-0.860249757766724,-7.09138631820679,2.91212010383606,1.20295190811157,-0.010584183037281,-0.0589883178472519,18.573811012,-0.161518276000001,-0.626749319999998,-0.319714269439739,-0.212929578423554,0.328012165440529
-44.1741943359375,-6.866455078125,-358.2763671875,-35.247802734375,9.918212890625,-320.12939453125,1.35578799247742,-9.97785377502441,-0.316309243440628,0.55671238899231,-0.29982316493988,0.320629954338074,-1.3165420293808,-5.34653234481812,7.87913799285889,0.0279734525829554,-0.43162277340889,-0.223192021250725,-0.997263789176941,-10.4202461242676,-2.40783095359802,-0.974996149539948,0.0504847541451454,0.186526894569397,-0.872102499008179,-7.11824512481689,2.93177628517151,1.20046436786652,-0.0107988119125366,-0.0585332736372948,18.545527764,-0.167505289499999,-0.620128925000001,-0.317370834744662,-0.213620322843207,0.328271456998545
-43.9834594726563,-7.0953369140625,-357.818603515625,-35.2859497070313,9.80377197265625,-320.053100585938,1.46693193912506,-9.95009899139404,-0.360602170228958,0.550796151161194,-0.299976110458374,0.320748597383499,-1.31535232067108,-5.35169506072998,7.87628936767578,0.0281311180442572,-0.430379390716553,-0.221349984407425,-1.02454423904419,-10.3956804275513,-2.4027247428894,-0.974504351615906,0.048030000180006,0.188262030482292,-0.883955299854279,-7.145103931427,2.95143246650696,1.19797682762146,-0.0110134417191148,-0.0580782294273376,18.517244516,-0.173492303000001,-0.613508529999999,-0.315027400049583,-0.21431106726286,0.328530748556562
-43.792724609375,-7.32421875,-357.36083984375,-35.3240966796875,9.6893310546875,-319.976806640625,1.57807588577271,-9.92234420776367,-0.404895097017288,0.544879913330078,-0.300129026174545,0.320867240428925,-1.31416249275208,-5.35685777664185,7.87344121932983,0.028288783505559,-0.429136008024216,-0.219507932662964,-1.05182480812073,-10.371114730835,-2.39761853218079,-0.974012613296509,0.0455752462148666,0.189997166395187,-0.895808100700378,-7.17196321487427,2.97108888626099,1.1954892873764,-0.0112280715256929,-0.0576231889426708,18.488961268,-0.179479316499999,-0.606888135000002,-0.312683965354505,-0.215001811682512,0.328790040114579
-43.6782836914063,-7.4005126953125,-357.742309570313,-35.3240966796875,9.613037109375,-320.205688476563,1.68921983242035,-9.8945894241333,-0.449188023805618,0.538963675498962,-0.300281971693039,0.320985913276672,-1.31297266483307,-5.36202049255371,7.87059259414673,0.0284464489668608,-0.427892655134201,-0.217665895819664,-1.07910525798798,-10.3465490341187,-2.39251255989075,-0.973520815372467,0.0431204922497272,0.191732302308083,-0.907660841941833,-7.19882202148438,2.99074506759644,1.19300174713135,-0.0114427013322711,-0.0571681447327137,18.46067802,-0.18546633,-0.60026774,-0.310340530659426,-0.215692556102165,0.329049331672596
-43.5638427734375,-7.476806640625,-358.123779296875,-35.3240966796875,9.5367431640625,-320.4345703125,1.80036377906799,-9.86683464050293,-0.493480950593948,0.533047437667847,-0.300434917211533,0.321104556322098,-1.31178283691406,-5.36718273162842,7.86774396896362,0.0286041144281626,-0.426649272441864,-0.215823844075203,-1.10638582706451,-10.3219833374023,-2.38740634918213,-0.97302907705307,0.0406657382845879,0.193467438220978,-0.919513642787933,-7.22568130493164,3.01040124893188,1.190514087677,-0.0116573311388493,-0.0567131005227566,18.4606985005,-0.1854319815,-0.6001900725,-0.309485612344716,-0.216891744879642,0.329153377704299
-43.6019897460938,-7.51495361328125,-357.97119140625,-35.2859497070313,9.307861328125,-320.73974609375,1.91150760650635,-9.83907985687256,-0.537773847579956,0.527131199836731,-0.300587862730026,0.321223199367523,-1.31059312820435,-5.37234544754028,7.86489534378052,0.0287617798894644,-0.425405889749527,-0.213981807231903,-1.13366639614105,-10.297417640686,-2.38230013847351,-0.972537338733673,0.0382109843194485,0.195202574133873,-0.931366443634033,-7.25254011154175,3.03005743026733,1.18802654743195,-0.0118719609454274,-0.0562580563127995,18.460718981,-0.185397633,-0.600112405,-0.308630694030007,-0.218090933657117,0.329257423736002
-43.64013671875,-7.5531005859375,-357.818603515625,-35.247802734375,9.0789794921875,-321.044921875,2.02265167236328,-9.81132507324219,-0.582066774368286,0.521214962005615,-0.30074080824852,0.321341872215271,-1.30940330028534,-5.37750816345215,7.86204671859741,0.0289194472134113,-0.424162536859512,-0.212139770388603,-1.1609468460083,-10.2728519439697,-2.37719416618347,-0.972045540809631,0.0357562303543091,0.196937710046768,-0.943219184875488,-7.27939891815186,3.04971361160278,1.18553900718689,-0.0120865907520056,-0.0558030121028423,18.4607394615,-0.1853632845,-0.6000347375,-0.307775775715297,-0.219290122434594,0.329361469767706
-43.5638427734375,-7.4005126953125,-357.666015625,-35.6292724609375,9.04083251953125,-320.816040039063,2.13379549980164,-9.78357028961182,-0.626359701156616,0.5152987241745,-0.300893723964691,0.321460515260696,-1.30821347236633,-5.38267087936401,7.85919809341431,0.0290771126747131,-0.422919154167175,-0.210297718644142,-1.18822741508484,-10.2482862472534,-2.37208795547485,-0.971553802490234,0.0333014763891697,0.198672845959663,-0.955071985721588,-7.30625820159912,3.06937003135681,1.18305146694183,-0.0123012205585837,-0.0553479678928852,18.460759942,-0.185328936,-0.59995707,-0.306920857400587,-0.220489311212069,0.329465515799409
-43.487548828125,-7.2479248046875,-357.513427734375,-36.0107421875,9.002685546875,-320.587158203125,2.24493932723999,-9.75581550598145,-0.670652627944946,0.509382486343384,-0.301046669483185,0.321579158306122,-1.30702364444733,-5.38783359527588,7.8563494682312,0.0292347781360149,-0.421675771474838,-0.208455681800842,-1.21550786495209,-10.2237205505371,-2.36698174476624,-0.971062004566193,0.0308467242866755,0.200407981872559,-0.966924786567688,-7.33311700820923,3.08902621269226,1.18056392669678,-0.0125158503651619,-0.0548929236829281,18.4607804225,-0.1852945875,-0.5998794025,-0.306065939085877,-0.221688499989546,0.329569561831113
-43.2968139648438,-7.28607177734375,-357.437133789063,-35.9725952148438,8.81195068359375,-320.663452148438,2.34498643875122,-9.7437105178833,-0.688539564609528,0.504893004894257,-0.302695423364639,0.3201684653759,-1.28796052932739,-5.37452077865601,7.851646900177,0.0289662964642048,-0.419845104217529,-0.206515327095985,-1.23714804649353,-10.1970977783203,-2.35577392578125,-0.970563650131226,0.0270062685012817,0.202493503689766,-0.975158452987671,-7.35339450836182,3.09629797935486,1.1788341999054,-0.0138247236609459,-0.0545202270150185,18.460800903,-0.185260239,-0.599801735,-0.305211020771167,-0.222887688767022,0.329673607862816
-43.1060791015625,-7.32421875,-357.36083984375,-35.9344482421875,8.6212158203125,-320.73974609375,2.43393659591675,-9.74725723266602,-0.68002051115036,0.501830279827118,-0.305840015411377,0.317228376865387,-1.25102400779724,-5.34273242950439,7.84509038925171,0.0282716657966375,-0.417427152395248,-0.204476684331894,-1.25314784049988,-10.1684169769287,-2.3384644985199,-0.970058679580688,0.0217801127582788,0.204929411411285,-0.979772984981537,-7.36709070205688,3.09118509292603,1.17786252498627,-0.0162278413772583,-0.0542298816144466,18.4608213835,-0.1852258905,-0.5997240675,-0.304356102456458,-0.224086877544498,0.329777653894519
-43.0679321289063,-7.01904296875,-357.742309570313,-36.0107421875,8.58306884765625,-320.73974609375,2.52288699150085,-9.75080394744873,-0.671501517295837,0.498767584562302,-0.308984607458115,0.314288288354874,-1.21408748626709,-5.31094408035278,7.83853435516357,0.0275770369917154,-0.415009200572968,-0.202438041567802,-1.26914763450623,-10.1397361755371,-2.32115507125854,-0.969553709030151,0.016553957015276,0.207365319132805,-0.984387516975403,-7.38078689575195,3.08607220649719,1.17689073085785,-0.0186309590935707,-0.0539395362138748,18.460841864,-0.185191542,-0.5996464,-0.303501184141748,-0.225286066321974,0.329881699926223
-43.02978515625,-6.7138671875,-358.123779296875,-36.0870361328125,8.544921875,-320.73974609375,2.61183714866638,-9.75435066223145,-0.66298246383667,0.495704859495163,-0.31212916970253,0.31134819984436,-1.17715096473694,-5.27915620803833,7.83197784423828,0.0268824063241482,-0.412591248750687,-0.20039938390255,-1.28514742851257,-10.1110563278198,-2.30384564399719,-0.969048738479614,0.0113278012722731,0.209801226854324,-0.989002048969269,-7.39448308944702,3.08095932006836,1.17591905593872,-0.0210340768098831,-0.053649190813303,18.4608623445,-0.1851571935,-0.5995687325,-0.302646265827039,-0.22648525509945,0.329985745957926
-42.8390502929688,-6.7901611328125,-357.97119140625,-35.9725952148438,8.58306884765625,-320.663452148438,2.70078730583191,-9.75789737701416,-0.654463410377502,0.492642164230347,-0.315273761749268,0.308408111333847,-1.14021444320679,-5.24736785888672,7.82542133331299,0.0261877775192261,-0.410173296928406,-0.198360741138458,-1.30114722251892,-10.0823755264282,-2.28653621673584,-0.968543767929077,0.00610164552927017,0.212237134575844,-0.99361664056778,-7.40817928314209,3.07584643363953,1.17494738101959,-0.0234371945261955,-0.0533588454127312,18.460882825,-0.185122845,-0.599491065,-0.301791347512329,-0.227684443876926,0.330089791989629
-42.6483154296875,-6.866455078125,-357.818603515625,-35.858154296875,8.6212158203125,-320.587158203125,2.78973746299744,-9.76144313812256,-0.645944356918335,0.489579439163208,-0.318418353796005,0.305468022823334,-1.10327780246735,-5.21557950973511,7.81886529922485,0.025493148714304,-0.407755315303802,-0.196322098374367,-1.31714701652527,-10.0536947250366,-2.26922678947449,-0.96803879737854,0.000875489553436637,0.214673042297363,-0.998231172561646,-7.421875,3.07073354721069,1.17397558689117,-0.0258403122425079,-0.053068496286869,18.4609033055,-0.1850884965,-0.5994133975,-0.300936429197619,-0.228883632654403,0.330193838021333
-42.41943359375,-6.67572021484375,-357.666015625,-35.7818603515625,8.65936279296875,-320.816040039063,2.87868762016296,-9.76498985290527,-0.637425303459167,0.486516714096069,-0.321562916040421,0.30252793431282,-1.06634128093719,-5.18379163742065,7.81230878829956,0.0247985180467367,-0.405337363481522,-0.194283440709114,-1.33314681053162,-10.025013923645,-2.25191736221313,-0.967533826828003,-0.0043506664223969,0.217108950018883,-1.00284576416016,-7.43557119369507,3.06562066078186,1.17300391197205,-0.0282434299588203,-0.0527781508862972,18.460923786,-0.185054148,-0.59933573,-0.300081510882909,-0.230082821431878,0.330297884053036
-42.1905517578125,-6.4849853515625,-357.513427734375,-35.70556640625,8.697509765625,-321.044921875,2.96763801574707,-9.76853656768799,-0.628906309604645,0.483454018831253,-0.324707508087158,0.299587845802307,-1.02940475940704,-5.15200328826904,7.80575227737427,0.0241038892418146,-0.402919411659241,-0.192244797945023,-1.34914660453796,-9.99633312225342,-2.23460793495178,-0.967028796672821,-0.00957682263106108,0.219544857740402,-1.00746023654938,-7.44926738739014,3.06050777435303,1.17203211784363,-0.0306465476751328,-0.0524878054857254,18.4609442665,-0.1850197995,-0.5992580625,-0.299226592568199,-0.231282010209355,0.330401930084739
-41.9998168945313,-6.44683837890625,-357.666015625,-35.8200073242188,8.43048095703125,-321.502685546875,3.0565881729126,-9.7720832824707,-0.620387256145477,0.480391293764114,-0.327852100133896,0.296647757291794,-0.992468237876892,-5.12021493911743,7.79919624328613,0.0234092585742474,-0.40050145983696,-0.190206155180931,-1.36514639854431,-9.96765232086182,-2.21729850769043,-0.966523826122284,-0.014802978374064,0.221980765461922,-1.01207482814789,-7.46296358108521,3.05539488792419,1.1710604429245,-0.0330496653914452,-0.0521974600851536,18.460964747,-0.184985451,-0.599180395,-0.29837167425349,-0.23248119898683,0.330505976116443
-41.80908203125,-6.40869140625,-357.818603515625,-35.9344482421875,8.1634521484375,-321.96044921875,3.14553833007813,-9.77562999725342,-0.61186820268631,0.477328598499298,-0.330996662378311,0.293707668781281,-0.955531716346741,-5.08842706680298,7.79263973236084,0.0227146297693253,-0.398083508014679,-0.188167497515678,-1.38114619255066,-9.93897151947021,-2.19998908042908,-0.966018855571747,-0.0200291350483894,0.224416688084602,-1.01668930053711,-7.47665977478027,3.05028223991394,1.17008876800537,-0.0354527831077576,-0.0519071146845818,18.4609852275,-0.1849511025,-0.5991027275,-0.29751675593878,-0.233680387764307,0.330610022148146
-41.7327880859375,-6.37054443359375,-357.437133789063,-36.163330078125,8.1634521484375,-321.6552734375,3.23448848724365,-9.77917671203613,-0.603349149227142,0.474265873432159,-0.334141254425049,0.290767580270767,-0.918595194816589,-5.05663871765137,7.78608322143555,0.022019999101758,-0.395665556192398,-0.186128854751587,-1.39714598655701,-9.91029167175293,-2.18267965316772,-0.96551388502121,-0.0252552907913923,0.226852595806122,-1.02130389213562,-7.49035596847534,3.04516935348511,1.16911697387695,-0.03785590082407,-0.0516167692840099,18.461005708,-0.184916754,-0.59902506,-0.29666183762407,-0.234879576541783,0.330714068179849
-41.656494140625,-6.3323974609375,-357.0556640625,-36.3922119140625,8.1634521484375,-321.35009765625,3.32343888282776,-9.78272247314453,-0.59483015537262,0.471203148365021,-0.337285846471786,0.287827491760254,-0.881658613681793,-5.02485036849976,7.77952671051025,0.0213253702968359,-0.393247574567795,-0.184090211987495,-1.41314578056335,-9.88161087036133,-2.16537022590637,-0.965008914470673,-0.0304814465343952,0.229288503527641,-1.02591848373413,-7.50405168533325,3.04005646705627,1.16814529895782,-0.0402590185403824,-0.0513264201581478,18.4610261885,-0.1848824055,-0.5989473925,-0.29580691930936,-0.236078765319259,0.330818114211553
-41.656494140625,-6.52313232421875,-357.36083984375,-36.4303588867188,8.0108642578125,-321.273803710938,3.41238903999329,-9.78626918792725,-0.586311101913452,0.468140453100204,-0.340430408716202,0.284887403249741,-0.844722092151642,-4.9930624961853,7.77297067642212,0.0206307396292686,-0.390829622745514,-0.182051554322243,-1.4291455745697,-9.85293006896973,-2.14806079864502,-0.964503943920135,-0.035707600414753,0.231724411249161,-1.03053295612335,-7.51774787902832,3.03494358062744,1.16717350482941,-0.0426621362566948,-0.051036074757576,18.461046669,-0.184848057,-0.598869725,-0.29495200099465,-0.237277954096735,0.330922160243256
-41.656494140625,-6.7138671875,-357.666015625,-36.468505859375,7.8582763671875,-321.197509765625,3.50133919715881,-9.78981590270996,-0.577792048454285,0.465077728033066,-0.343575000762939,0.281947314739227,-0.80778557062149,-4.96127414703369,7.76641416549683,0.0199361108243465,-0.388411670923233,-0.180012911558151,-1.44514536857605,-9.82424926757813,-2.13075137138367,-0.963998973369598,-0.040933758020401,0.23416031897068,-1.03514754772186,-7.53144407272339,3.02983069419861,1.16620182991028,-0.0450652539730072,-0.0507457293570042,18.4610671495,-0.1848137085,-0.5987920575,-0.294097082679941,-0.238477142874211,0.33102620627496
-41.4657592773438,-6.82830810546875,-357.437133789063,-36.468505859375,7.7056884765625,-321.426391601563,3.52127075195313,-9.79932975769043,-0.55541467666626,0.467117846012115,-0.339462786912918,0.278406918048859,-0.779528796672821,-4.93906116485596,7.77636623382568,0.0171029325574636,-0.384678542613983,-0.177153930068016,-1.45079267024994,-9.80885982513428,-2.12012076377869,-0.962881326675415,-0.0470646433532238,0.236493274569511,-1.03497207164764,-7.53307723999023,2.9813404083252,1.16350138187408,-0.0474520660936832,-0.0505092367529869,18.46108763,-0.18477936,-0.59871439,-0.293242164365231,-0.239676331651687,0.331130252306663
-41.2750244140625,-6.9427490234375,-357.208251953125,-36.468505859375,7.5531005859375,-321.6552734375,3.54120254516602,-9.8088436126709,-0.533037304878235,0.469157963991165,-0.335350543260574,0.27486652135849,-0.751272022724152,-4.91684818267822,7.78631782531738,0.0142697524279356,-0.380945414304733,-0.174294963479042,-1.45643985271454,-9.79347038269043,-2.10949015617371,-0.961763620376587,-0.0531955249607563,0.238826215267181,-1.03479659557343,-7.53471040725708,2.93285036087036,1.1608008146286,-0.0498388782143593,-0.0502727404236794,18.438747614,-0.187224184500001,-0.593042593999999,-0.293896547510238,-0.241338783524647,0.331342685078153
-41.0842895507813,-6.9427490234375,-357.36083984375,-36.6592407226563,7.43865966796875,-321.807861328125,3.56113409996033,-9.81835651397705,-0.51065993309021,0.471198081970215,-0.331238329410553,0.271326154470444,-0.723015248775482,-4.89463520050049,7.79626989364624,0.0114365732297301,-0.377212256193161,-0.171435981988907,-1.46208715438843,-9.77808094024658,-2.09885954856873,-0.960645973682404,-0.0593264102935791,0.241159170866013,-1.03462111949921,-7.53634405136108,2.88436007499695,1.15810036659241,-0.0522256940603256,-0.0500362478196621,18.416407598,-0.189669009,-0.587370798000001,-0.294550930655245,-0.243001235397606,0.331555117849643
-40.8935546875,-6.9427490234375,-357.513427734375,-36.8499755859375,7.32421875,-321.96044921875,3.58106565475464,-9.82787036895752,-0.488282531499863,0.473238199949265,-0.327126085758209,0.267785757780075,-0.694758474826813,-4.87242221832275,7.8062219619751,0.00860339403152466,-0.373479127883911,-0.168577015399933,-1.46773445606232,-9.76269149780273,-2.08822894096375,-0.959528267383575,-0.0654572919011116,0.243492126464844,-1.0344455242157,-7.53797721862793,2.83587002754211,1.15539991855621,-0.0546125061810017,-0.0497997552156448,18.394067582,-0.1921138335,-0.581699001999999,-0.295205313800252,-0.244663687270566,0.331767550621134
-40.7028198242188,-7.0953369140625,-357.437133789063,-36.8499755859375,7.20977783203125,-321.731567382813,3.60099744796753,-9.83738422393799,-0.465905159711838,0.475278347730637,-0.323013871908188,0.264245361089706,-0.666501700878143,-4.85020923614502,7.8161735534668,0.00577021483331919,-0.369745999574661,-0.165718033909798,-1.47338163852692,-9.7473030090332,-2.07759809494019,-0.958410620689392,-0.0715881809592247,0.245825082063675,-1.03427004814148,-7.53961038589478,2.7873797416687,1.15269935131073,-0.0569993183016777,-0.0495632588863373,18.371727566,-0.194558657999999,-0.576027206000001,-0.295859696945258,-0.246326139143525,0.331979983392624
-40.5120849609375,-7.2479248046875,-357.36083984375,-36.8499755859375,7.0953369140625,-321.502685546875,3.62092900276184,-9.84689807891846,-0.443527787923813,0.477318465709686,-0.318901628255844,0.260704964399338,-0.638244926929474,-4.82799625396729,7.82612562179565,0.00293703586794436,-0.366012871265411,-0.162859052419662,-1.47902894020081,-9.73191356658936,-2.06696748733521,-0.957292973995209,-0.0777190625667572,0.248158022761345,-1.03409457206726,-7.54124355316162,2.73888945579529,1.14999890327454,-0.0593861304223537,-0.04932676628232,18.34938755,-0.1970034825,-0.57035541,-0.296514080090265,-0.247988591016485,0.332192416164114
-40.283203125,-7.36236572265625,-357.437133789063,-36.8118286132813,7.05718994140625,-321.731567382813,3.64086055755615,-9.85641098022461,-0.421150416135788,0.479358583688736,-0.314789414405823,0.257164597511292,-0.609988152980804,-4.80578279495239,7.83607769012451,0.000103856677014846,-0.362279742956161,-0.160000085830688,-1.48467624187469,-9.71652412414551,-2.05633687973022,-0.956175267696381,-0.0838499441742897,0.250490963459015,-1.03391909599304,-7.54287672042847,2.69039940834045,1.14729845523834,-0.0617729425430298,-0.0490902736783028,18.327047534,-0.199448307000001,-0.564683613999999,-0.297168463235272,-0.249651042889445,0.332404848935605
-40.0543212890625,-7.476806640625,-357.513427734375,-36.773681640625,7.01904296875,-321.96044921875,3.66079235076904,-9.86592483520508,-0.398773044347763,0.481398701667786,-0.310677170753479,0.253624200820923,-0.581731379032135,-4.78356981277466,7.84602928161621,-0.00272932252846658,-0.358546614646912,-0.157141104340553,-1.49032342433929,-9.70113468170166,-2.04570627212524,-0.955057621002197,-0.0899808332324028,0.252823919057846,-1.03374361991882,-7.54450988769531,2.64190912246704,1.14459788799286,-0.0641597583889961,-0.0488537773489952,18.304707518,-0.2018931315,-0.559011818000001,-0.297822846380279,-0.251313494762404,0.332617281707095
-40.0543212890625,-7.51495361328125,-357.36083984375,-36.8118286132813,6.866455078125,-321.807861328125,3.68072390556335,-9.87543869018555,-0.376395672559738,0.483438819646835,-0.306564956903458,0.250083804130554,-0.553474605083466,-4.76135683059692,7.85598134994507,-0.00556250149384141,-0.354813456535339,-0.154282137751579,-1.49597072601318,-9.68574523925781,-2.03507566452026,-0.953939914703369,-0.0961117148399353,0.255156874656677,-1.0335681438446,-7.54614353179932,2.59341907501221,1.14189743995667,-0.0665465667843819,-0.048617284744978,18.282367502,-0.204337956,-0.553340021999999,-0.298477229525286,-0.252975946635364,0.332829714478585
-40.0543212890625,-7.5531005859375,-357.208251953125,-36.8499755859375,6.7138671875,-321.6552734375,3.70065546035767,-9.88495254516602,-0.354018300771713,0.485478937625885,-0.302452713251114,0.246543407440186,-0.525217831134796,-4.73914384841919,7.86593341827393,-0.00839568115770817,-0.351080328226089,-0.151423156261444,-1.50161802768707,-9.67035579681396,-2.02444505691528,-0.952822268009186,-0.102242596447468,0.257489830255508,-1.03339266777039,-7.54777669906616,2.54492878913879,1.13919699192047,-0.0689333826303482,-0.0483807921409607,18.260027486,-0.206782780499999,-0.547668226000001,-0.299131612670293,-0.254638398508323,0.333042147250075
-39.9398803710938,-7.66754150390625,-357.0556640625,-36.6592407226563,6.52313232421875,-321.884155273438,3.72058725357056,-9.89446640014648,-0.331640899181366,0.487519055604935,-0.298340499401093,0.243003025650978,-0.496961086988449,-4.71693086624146,7.87588500976563,-0.0112288603559136,-0.34734719991684,-0.148564174771309,-1.50726521015167,-9.65496635437012,-2.0138144493103,-0.951704621315002,-0.108373485505581,0.25982278585434,-1.03321707248688,-7.54940986633301,2.49643850326538,1.13649642467499,-0.0713201984763145,-0.0481442958116531,18.23768747,-0.209227605,-0.54199643,-0.2997859958153,-0.256300850381283,0.333254580021566
-39.825439453125,-7.781982421875,-356.903076171875,-36.468505859375,6.3323974609375,-322.113037109375,3.74051880836487,-9.90397930145264,-0.309263527393341,0.489559173583984,-0.294228255748749,0.239462628960609,-0.46870431303978,-4.69471788406372,7.88583707809448,-0.0140620395541191,-0.34361407160759,-0.145705208182335,-1.51291251182556,-9.63957691192627,-2.00318384170532,-0.950586915016174,-0.114504367113113,0.262155741453171,-1.03304159641266,-7.55104303359985,2.44794845581055,1.13379597663879,-0.0737070068717003,-0.0479078032076359,18.215347454,-0.211672429500001,-0.536324633999999,-0.300440378960307,-0.257963302254243,0.333467012793056
-39.6347045898438,-7.82012939453125,-357.131958007813,-36.62109375,6.37054443359375,-321.807861328125,3.76045036315918,-9.91349315643311,-0.286886155605316,0.491599291563034,-0.290116041898727,0.235922247171402,-0.44044753909111,-4.67250490188599,7.89578914642334,-0.016895217821002,-0.33988094329834,-0.1428462266922,-1.51855981349945,-9.62418746948242,-1.99255311489105,-0.949469268321991,-0.120635248720646,0.264488697052002,-1.03286612033844,-7.5526762008667,2.39945816993713,1.1310955286026,-0.0760938227176666,-0.0476713106036186,18.193007438,-0.214117254,-0.530652838000001,-0.301094762105313,-0.259625754127202,0.333679445564546
-39.4439697265625,-7.8582763671875,-357.36083984375,-36.773681640625,6.40869140625,-321.502685546875,3.7565929889679,-9.9236421585083,-0.251063108444214,0.492460995912552,-0.279653489589691,0.233270063996315,-0.419818669557571,-4.66679906845093,7.90391159057617,-0.0200675167143345,-0.33588245511055,-0.139696940779686,-1.51959609985352,-9.61300945281982,-1.98525357246399,-0.948249340057373,-0.126348912715912,0.266180455684662,-1.02923345565796,-7.54574298858643,2.37052202224731,1.12705492973328,-0.0763210728764534,-0.0472521930932999,18.170667422,-0.2165620785,-0.524981041999999,-0.30174914525032,-0.261288206000161,0.333891878336037
-39.4058227539063,-7.82012939453125,-357.36083984375,-36.773681640625,6.21795654296875,-321.578979492188,3.72894620895386,-9.93442726135254,-0.201794356107712,0.492144286632538,-0.262840628623962,0.231506079435349,-0.406817674636841,-4.67759990692139,7.91020536422729,-0.0235789343714714,-0.331618666648865,-0.136257335543633,-1.51602149009705,-9.60604190826416,-1.98128509521484,-0.946927189826965,-0.131645351648331,0.267231047153473,-1.02214348316193,-7.53024291992188,2.36114001274109,1.12167429924011,-0.0743887647986412,-0.0466504506766796,18.148327406,-0.219006902999999,-0.519309246000001,-0.302403528395327,-0.26295065787312,0.334104311107527
-39.36767578125,-7.781982421875,-357.36083984375,-36.773681640625,6.0272216796875,-321.6552734375,3.70129942893982,-9.94521141052246,-0.15252560377121,0.491827547550201,-0.246027797460556,0.229742094874382,-0.39381667971611,-4.68840074539185,7.91649866104126,-0.0270903538912535,-0.327354848384857,-0.13281774520874,-1.51244676113129,-9.5990743637085,-1.97731673717499,-0.945605039596558,-0.13694179058075,0.268281638622284,-1.01505351066589,-7.51474237442017,2.35175776481628,1.11629378795624,-0.072456456720829,-0.0460487082600594,18.12598739,-0.2214517275,-0.51363745,-0.303057911540334,-0.26461310974608,0.334316743879017
-39.1769409179688,-7.74383544921875,-357.437133789063,-36.6592407226563,6.06536865234375,-321.96044921875,3.67365264892578,-9.95599555969238,-0.103256866335869,0.491510838270187,-0.229214936494827,0.227978110313416,-0.380815714597702,-4.6992015838623,7.92279195785522,-0.0306017715483904,-0.323091059923172,-0.129378139972687,-1.50887215137482,-9.59210681915283,-1.97334825992584,-0.94428288936615,-0.14223824441433,0.269332230091095,-1.00796353816986,-7.49924230575562,2.34237575531006,1.11091315746307,-0.0705241486430168,-0.0454469658434391,18.103647374,-0.223896552000001,-0.507965653999999,-0.303712294685341,-0.26627556161904,0.334529176650507
-38.9862060546875,-7.7056884765625,-357.513427734375,-36.5447998046875,6.103515625,-322.265625,3.64600610733032,-9.96678066253662,-0.0539881177246571,0.491194099187851,-0.21240209043026,0.226214125752449,-0.367814719676971,-4.71000289916992,7.92908573150635,-0.0341131910681725,-0.318827241659164,-0.125938534736633,-1.50529754161835,-9.58513927459717,-1.9693797826767,-0.942960739135742,-0.147534683346748,0.270382821559906,-1.00087356567383,-7.48374223709106,2.33299350738525,1.10553252696991,-0.068591833114624,-0.0448452271521091,18.081307358,-0.2263413765,-0.502293858000001,-0.304366677830348,-0.267938013491999,0.334741609421998
-39.0625,-7.7056884765625,-357.742309570313,-36.7355346679688,6.0272216796875,-322.113037109375,3.61835932731628,-9.97756481170654,-0.00471937423571944,0.490877360105515,-0.195589244365692,0.224450141191483,-0.354813724756241,-4.72080373764038,7.93537902832031,-0.0376246087253094,-0.314563423395157,-0.12249892950058,-1.50172281265259,-9.5781717300415,-1.96541130542755,-0.941638588905334,-0.152831122279167,0.271433413028717,-0.993783593177795,-7.46824169158936,2.32361149787903,1.10015189647675,-0.0666595250368118,-0.0442434847354889,18.058967342,-0.228786201,-0.496622061999999,-0.305021060975355,-0.269600465364959,0.334954042193488
-39.1387939453125,-7.7056884765625,-357.97119140625,-36.92626953125,5.950927734375,-321.96044921875,3.59071254730225,-9.98834896087646,0.0445493720471859,0.4905606508255,-0.178776383399963,0.222686156630516,-0.341812759637833,-4.73160457611084,7.94167232513428,-0.0411360263824463,-0.310299634933472,-0.119059331715107,-1.49814820289612,-9.57120418548584,-1.96144282817841,-0.940316438674927,-0.158127561211586,0.272484004497528,-0.986693620681763,-7.4527416229248,2.31422924995422,1.09477126598358,-0.0647272169589996,-0.0436417423188686,18.036627326,-0.231231025499999,-0.490950266000001,-0.305675444120362,-0.271262917237918,0.335166474964978
-38.9862060546875,-7.7056884765625,-357.818603515625,-36.92626953125,5.98907470703125,-322.113037109375,3.56306576728821,-9.9991340637207,0.0938181132078171,0.490243911743164,-0.161963537335396,0.22092217206955,-0.328811764717102,-4.7424054145813,7.9479660987854,-0.0446474440395832,-0.306035816669464,-0.115619726479053,-1.49457359313965,-9.56423759460449,-1.95747447013855,-0.938994288444519,-0.163424000144005,0.273534595966339,-0.97960364818573,-7.43724155426025,2.304847240448,1.08939075469971,-0.0627949088811874,-0.0430399999022484,18.01428731,-0.23367585,-0.48527847,-0.306329827265369,-0.272925369110878,0.335378907736468
-38.8336181640625,-7.7056884765625,-357.666015625,-36.92626953125,6.0272216796875,-322.265625,3.53541922569275,-10.0099182128906,0.143086865544319,0.48992720246315,-0.145150691270828,0.219158187508583,-0.315810769796371,-4.75320672988892,7.95425939559937,-0.0481588616967201,-0.301772028207779,-0.112180128693581,-1.49099886417389,-9.55727005004883,-1.9535059928894,-0.937672138214111,-0.168720439076424,0.27458518743515,-0.972513675689697,-7.42174100875854,2.29546499252319,1.08401012420654,-0.0608626008033752,-0.0424382612109184,18.0142662135,-0.23361928,-0.4852291725,-0.306752165403192,-0.274053100546311,0.336019596053956
-38.7191772460938,-7.66754150390625,-357.894897460938,-36.8118286132813,5.8746337890625,-322.57080078125,3.50777244567871,-10.0207033157349,0.19235560297966,0.489610463380814,-0.128337830305099,0.217394217848778,-0.302809804677963,-4.76400756835938,7.96055316925049,-0.051670279353857,-0.297508209943771,-0.108740523457527,-1.48742425441742,-9.55030250549316,-1.94953751564026,-0.936349987983704,-0.174016878008842,0.275635778903961,-0.965423703193665,-7.40624094009399,2.28608298301697,1.07862949371338,-0.058930292725563,-0.0418365187942982,18.014245117,-0.23356271,-0.485179875,-0.307174503541015,-0.275180831981744,0.336660284371444
-38.604736328125,-7.62939453125,-358.123779296875,-36.6973876953125,5.7220458984375,-322.8759765625,3.48012566566467,-10.0314874649048,0.241624355316162,0.4892937541008,-0.111524984240532,0.215630233287811,-0.289808809757233,-4.77480840682983,7.96684646606445,-0.0551817007362843,-0.293244421482086,-0.105300925672054,-1.48384964466095,-9.5433349609375,-1.94556903839111,-0.935027837753296,-0.179313331842422,0.276686370372772,-0.958333790302277,-7.39074087142944,2.27670073509216,1.07324886322021,-0.0569979846477509,-0.0412347763776779,18.0142240205,-0.23350614,-0.4851305775,-0.307596841678838,-0.276308563417177,0.337300972688931
-38.5284423828125,-7.7056884765625,-358.200073242188,-36.7355346679688,5.645751953125,-323.028564453125,3.45247888565063,-10.0422716140747,0.290893107652664,0.488977015018463,-0.0947121307253838,0.213866248726845,-0.276807814836502,-4.78560924530029,7.97313976287842,-0.0586931183934212,-0.288980603218079,-0.101861320436001,-1.48027503490448,-9.53636741638184,-1.94160068035126,-0.933705687522888,-0.184609770774841,0.277736961841583,-0.951243817806244,-7.37524080276489,2.26731872558594,1.06786835193634,-0.0550656728446484,-0.0406330339610577,18.014202924,-0.23344957,-0.48508128,-0.308019179816662,-0.277436294852609,0.337941661006419
-38.4521484375,-7.781982421875,-358.2763671875,-36.773681640625,5.5694580078125,-323.18115234375,3.42483234405518,-10.0530567169189,0.340161830186844,0.488660305738449,-0.0778992846608162,0.212102264165878,-0.263806849718094,-4.79641056060791,7.97943353652954,-0.0622045360505581,-0.284716814756393,-0.098421722650528,-1.47670030593872,-9.52939987182617,-1.93763220310211,-0.93238353729248,-0.18990620970726,0.278787553310394,-0.944153845310211,-7.35974025726318,2.25793647766113,1.06248772144318,-0.0531333647668362,-0.0400312952697277,18.0141818275,-0.233393,-0.4850319825,-0.308441517954485,-0.278564026288042,0.338582349323907
-38.3377075195313,-7.781982421875,-358.2763671875,-36.9644165039063,5.53131103515625,-323.257446289063,3.39718556404114,-10.0638408660889,0.389430582523346,0.488343566656113,-0.061086431145668,0.210338279604912,-0.250805854797363,-4.80721139907837,7.98572683334351,-0.065715953707695,-0.280452996492386,-0.0949821174144745,-1.47312569618225,-9.52243232727051,-1.93366372585297,-0.931061387062073,-0.195202648639679,0.279838144779205,-0.937063872814178,-7.34424018859863,2.24855446815491,1.05710709095001,-0.051201056689024,-0.0394295528531075,18.014160731,-0.23333643,-0.484982685,-0.308863856092308,-0.279691757723475,0.339223037641394
-38.2232666015625,-7.781982421875,-358.2763671875,-37.1551513671875,5.4931640625,-323.333740234375,3.35846066474915,-10.0538263320923,0.435580372810364,0.485785931348801,-0.0467606000602245,0.209868356585503,-0.264977902173996,-4.83504915237427,7.98735666275024,-0.066889226436615,-0.27648252248764,-0.0921652168035507,-1.46142470836639,-9.53346538543701,-1.93822157382965,-0.930695235729218,-0.200308725237846,0.278234362602234,-0.929839909076691,-7.32821178436279,2.28373026847839,1.05075061321259,-0.0495088137686253,-0.0389026962220669,18.0141396345,-0.23327986,-0.4849333875,-0.309286194230132,-0.280819489158908,0.339863725958882
-38.2232666015625,-7.89642333984375,-358.428955078125,-37.078857421875,5.4168701171875,-323.257446289063,3.31973600387573,-10.04381275177,0.481730163097382,0.483228296041489,-0.0324347727000713,0.209398433566093,-0.279149919748306,-4.86288690567017,7.98898601531982,-0.068062499165535,-0.272512048482895,-0.0893483087420464,-1.44972372055054,-9.54449844360352,-1.94277942180634,-0.930329144001007,-0.205414801836014,0.276630580425262,-0.922615945339203,-7.31218338012695,2.31890630722046,1.04439425468445,-0.0478165671229362,-0.0383758433163166,18.014118538,-0.23322329,-0.48488409,-0.309708532367955,-0.281947220594341,0.340504414276369
-38.2232666015625,-8.0108642578125,-358.58154296875,-37.0025634765625,5.340576171875,-323.18115234375,3.28101110458374,-10.0337982177734,0.527879953384399,0.480670660734177,-0.0181089416146278,0.208928510546684,-0.293321967124939,-4.89072418212891,7.99061584472656,-0.069235771894455,-0.268541604280472,-0.0865314081311226,-1.43802273273468,-9.55553150177002,-1.94733715057373,-0.929962992668152,-0.21052086353302,0.275026798248291,-0.915391981601715,-7.29615545272827,2.35408210754395,1.03803777694702,-0.0461243242025375,-0.037848986685276,18.0140974415,-0.23316672,-0.4848347925,-0.310130870505778,-0.283074952029774,0.341145102593857
-38.1088256835938,-7.82012939453125,-358.88671875,-37.1932983398438,5.14984130859375,-323.18115234375,3.24228620529175,-10.0237836837769,0.574029743671417,0.478113025426865,-0.00378311285749078,0.208458587527275,-0.307493984699249,-4.9185619354248,7.99224519729614,-0.0704090446233749,-0.264571130275726,-0.0837145000696182,-1.42632174491882,-9.56656455993652,-1.95189499855042,-0.929596900939941,-0.215626940131187,0.273423045873642,-0.908168017864227,-7.28012704849243,2.38925814628601,1.03168141841888,-0.0444320775568485,-0.0373221300542355,18.014076345,-0.23311015,-0.484785495,-0.310553208643602,-0.284202683465207,0.341785790911345
-37.994384765625,-7.62939453125,-359.19189453125,-37.384033203125,4.9591064453125,-323.18115234375,3.20356130599976,-10.0137701034546,0.62017959356308,0.475555390119553,0.0105427168309689,0.207988664507866,-0.321666032075882,-4.9463996887207,7.99387502670288,-0.0715823173522949,-0.260600656270981,-0.0808975994586945,-1.41462063789368,-9.57759666442871,-1.9564528465271,-0.929230749607086,-0.220733016729355,0.271819263696671,-0.90094405412674,-7.26409864425659,2.4244339466095,1.02532494068146,-0.0427398346364498,-0.0367952771484852,18.0140552485,-0.23305358,-0.4847361975,-0.310975546781425,-0.28533041490064,0.342426479228832
-37.9562377929688,-7.62939453125,-359.039306640625,-37.4221801757813,4.84466552734375,-323.410034179688,3.16483664512634,-10.003755569458,0.666329383850098,0.472997754812241,0.0248685460537672,0.207518741488457,-0.335838079452515,-4.9742374420166,7.99550437927246,-0.0727555900812149,-0.256630182266235,-0.0780806913971901,-1.40291965007782,-9.58862972259521,-1.96101069450378,-0.928864657878876,-0.225839093327522,0.270215481519699,-0.893720090389252,-7.24807024002075,2.45960998535156,1.01896858215332,-0.0410475879907608,-0.0362684205174446,18.014034152,-0.23299701,-0.4846869,-0.311397884919248,-0.286458146336072,0.34306716754632
-37.9180908203125,-7.62939453125,-358.88671875,-37.4603271484375,4.730224609375,-323.638916015625,3.12611174583435,-9.99374103546143,0.712479174137115,0.470440149307251,0.0391943752765656,0.207048818469048,-0.350010097026825,-5.00207471847534,7.9971342086792,-0.0739288628101349,-0.252659738063812,-0.0752637907862663,-1.39121866226196,-9.59966278076172,-1.96556842327118,-0.928498506546021,-0.23094516992569,0.268611699342728,-0.886496186256409,-7.23204231262207,2.49478578567505,1.01261210441589,-0.0393553450703621,-0.035741563886404,18.0140130555,-0.23294044,-0.4846376025,-0.311820223057072,-0.287585877771505,0.343707855863808
-37.994384765625,-7.66754150390625,-358.88671875,-37.2695922851563,4.76837158203125,-323.715209960938,3.08738684654236,-9.98372745513916,0.758628964424133,0.467882513999939,0.053520206362009,0.206578895449638,-0.364182144403458,-5.02991247177124,7.99876356124878,-0.0751021355390549,-0.248689264059067,-0.072446882724762,-1.37951767444611,-9.61069583892822,-1.97012627124786,-0.92813241481781,-0.236051246523857,0.267007917165756,-0.879272222518921,-7.21601390838623,2.52996182441711,1.00625574588776,-0.0376630984246731,-0.0352147109806538,18.013991959,-0.23288387,-0.484588305,-0.312242561194895,-0.288713609206938,0.344348544181295
-38.0706787109375,-7.7056884765625,-358.88671875,-37.078857421875,4.8065185546875,-323.79150390625,3.04866218566895,-9.97371292114258,0.804778754711151,0.465324878692627,0.0678460374474525,0.206108972430229,-0.378354161977768,-5.05775022506714,8.00039291381836,-0.0762754082679749,-0.244718790054321,-0.0696299821138382,-1.36781668663025,-9.62172889709473,-1.97468411922455,-0.927766263484955,-0.241157308220863,0.265404134988785,-0.872048258781433,-7.19998550415039,2.5651376247406,0.99989926815033,-0.0359708555042744,-0.0346878543496132,18.0139708625,-0.2328273,-0.4845390075,-0.312664899332718,-0.289841340642371,0.344989232498783
-37.9562377929688,-7.7056884765625,-358.963012695313,-37.078857421875,4.8065185546875,-323.944091796875,3.00993728637695,-9.963698387146,0.850928544998169,0.462767243385315,0.0821718648076057,0.20563904941082,-0.392526209354401,-5.08558797836304,8.0020227432251,-0.0774486809968948,-0.240748316049576,-0.0668130815029144,-1.35611569881439,-9.63276195526123,-1.97924196720123,-0.927400171756744,-0.246263384819031,0.263800352811813,-0.864824295043945,-7.18395709991455,2.60031342506409,0.993542850017548,-0.0342786088585854,-0.0341609977185726,18.013949766,-0.23277073,-0.48448971,-0.313087237470541,-0.290969072077804,0.345629920816271
-37.841796875,-7.7056884765625,-359.039306640625,-37.078857421875,4.8065185546875,-324.0966796875,2.97121238708496,-9.95368480682373,0.897078335285187,0.460209608078003,0.0964976921677589,0.205169126391411,-0.406698256731033,-5.11342573165894,8.00365257263184,-0.0786219537258148,-0.236777856945992,-0.0639961734414101,-1.34441471099854,-9.64379501342773,-1.98379981517792,-0.927034020423889,-0.251369446516037,0.262196600437164,-0.857600331306458,-7.16792869567871,2.63548946380615,0.987186431884766,-0.0325863659381866,-0.0336341448128223,18.0139286695,-0.23271416,-0.4844404125,-0.313509575608365,-0.292096803513237,0.346270609133758
-37.841796875,-7.59124755859375,-359.19189453125,-37.1932983398438,4.84466552734375,-323.79150390625,2.93248772621155,-9.94367027282715,0.943228125572205,0.457651972770691,0.110823526978493,0.204699203372002,-0.420870274305344,-5.14126300811768,8.00528240203857,-0.0797952264547348,-0.232807382941246,-0.061179269105196,-1.33271372318268,-9.65482807159424,-1.98835754394531,-0.926667928695679,-0.256475538015366,0.260592818260193,-0.85037636756897,-7.15190076828003,2.67066526412964,0.980830013751984,-0.0308941192924976,-0.0331072881817818,18.013907573,-0.23265759,-0.484391115,-0.313931913746188,-0.29322453494867,0.346911297451246
-37.841796875,-7.476806640625,-359.344482421875,-37.3077392578125,4.8828125,-323.486328125,2.89376282691956,-9.93365573883057,0.989377915859222,0.455094337463379,0.125149354338646,0.204229280352592,-0.435042321681976,-5.16910076141357,8.00691223144531,-0.0809684991836548,-0.228836923837662,-0.0583623647689819,-1.32101273536682,-9.66586112976074,-1.992915391922,-0.926301777362823,-0.261581599712372,0.258989036083221,-0.843152403831482,-7.13587236404419,2.7058413028717,0.974473595619202,-0.0292018745094538,-0.0325804315507412,18.0138864765,-0.23260102,-0.4843418175,-0.314354251884011,-0.294352266384102,0.347551985768733
-37.8799438476563,-7.28607177734375,-359.268188476563,-37.2314453125,4.8065185546875,-323.562622070313,2.85005903244019,-9.91693019866943,1.01391708850861,0.452813714742661,0.133970811963081,0.203693449497223,-0.451947271823883,-5.18115282058716,8.00332832336426,-0.0816090032458305,-0.225133419036865,-0.0560489036142826,-1.30499947071075,-9.67990589141846,-1.99911165237427,-0.926109731197357,-0.26700097322464,0.256070137023926,-0.836033940315247,-7.12794160842896,2.73542261123657,0.968885123729706,-0.0291252005845308,-0.0323544442653656,18.01386538,-0.23254445,-0.48429252,-0.314776590021835,-0.295479997819535,0.348192674086221
-37.9180908203125,-7.0953369140625,-359.19189453125,-37.1551513671875,4.730224609375,-323.638916015625,2.80137634277344,-9.89349365234375,1.016845703125,0.450810134410858,0.137287884950638,0.203091725707054,-0.471585124731064,-5.17741918563843,7.99453258514404,-0.0817167460918427,-0.221696883440018,-0.0542388819158077,-1.28467392921448,-9.69696235656738,-2.00694632530212,-0.92609179019928,-0.272733628749847,0.251836150884628,-0.829020977020264,-7.12810897827148,2.7594096660614,0.964064717292786,-0.0306640937924385,-0.032429326325655,18.013390567,-0.2325245455,-0.484136206,-0.315973397418091,-0.296672997773238,0.349454292401827
-37.841796875,-7.0953369140625,-359.344482421875,-37.4221801757813,4.8065185546875,-324.172973632813,2.75269365310669,-9.87005710601807,1.01977431774139,0.448806524276733,0.140604972839355,0.202490001916885,-0.491223007440567,-5.1736855506897,7.98573637008667,-0.0818244814872742,-0.218260362744331,-0.0524288602173328,-1.26434850692749,-9.71401882171631,-2.01478099822998,-0.926073849201202,-0.278466254472733,0.24760214984417,-0.822008013725281,-7.12827634811401,2.78339648246765,0.959244251251221,-0.032202985137701,-0.0325042083859444,18.012915754,-0.232504641,-0.483979892,-0.317170204814347,-0.29786599772694,0.350715910717432
-37.7655029296875,-7.0953369140625,-359.4970703125,-37.689208984375,4.8828125,-324.70703125,2.70401096343994,-9.84661960601807,1.02270293235779,0.446802943944931,0.143922045826912,0.201888278126717,-0.510860860347748,-5.16995191574097,7.9769401550293,-0.0819322168827057,-0.214823827147484,-0.050618838518858,-1.24402296543121,-9.73107528686523,-2.02261543273926,-0.926055908203125,-0.28419890999794,0.243368163704872,-0.814995110034943,-7.12844371795654,2.80738353729248,0.954423844814301,-0.0337418802082539,-0.0325790904462337,18.012440941,-0.2324847365,-0.483823578,-0.318367012210603,-0.299058997680643,0.351977529033039
-37.7655029296875,-6.98089599609375,-359.4970703125,-37.53662109375,4.8828125,-324.783325195313,2.65532827377319,-9.82318305969238,1.02563154697418,0.444799333810806,0.147239118814468,0.201286554336548,-0.530498743057251,-5.16621828079224,7.96814393997192,-0.0820399597287178,-0.211387291550636,-0.0488088168203831,-1.22369754314423,-9.74813175201416,-2.03045010566711,-0.926037907600403,-0.289931565523148,0.239134162664413,-0.80798214673996,-7.12861108779907,2.83137059211731,0.949603378772736,-0.0352807715535164,-0.0326539725065231,18.011966128,-0.232464832,-0.483667264,-0.319563819606859,-0.300251997634345,0.353239147348644
-37.7655029296875,-6.866455078125,-359.4970703125,-37.384033203125,4.8828125,-324.859619140625,2.60664558410645,-9.7997465133667,1.02856016159058,0.442795753479004,0.150556206703186,0.200684815645218,-0.550136625766754,-5.16248464584351,7.95934820175171,-0.0821476951241493,-0.207950755953789,-0.0469987951219082,-1.20337212085724,-9.76518821716309,-2.03828477859497,-0.926019966602325,-0.295664191246033,0.234900161623955,-0.800969183444977,-7.1287784576416,2.85535740852356,0.944782912731171,-0.0368196666240692,-0.0327288545668125,18.011491315,-0.2324449275,-0.48351095,-0.320760627003115,-0.301444997588047,0.35450076566425
-37.7273559570313,-6.9427490234375,-359.573364257813,-37.3458862304688,4.730224609375,-325.3173828125,2.5579628944397,-9.7763090133667,1.03148877620697,0.440792143344879,0.153873279690742,0.200083091855049,-0.569774508476257,-5.15875101089478,7.95055198669434,-0.0822554305195808,-0.204514220356941,-0.0451887734234333,-1.18304657936096,-9.78224468231201,-2.04611945152283,-0.926002025604248,-0.30139684677124,0.230666175484657,-0.793956220149994,-7.12894582748413,2.87934446334839,0.93996250629425,-0.0383585579693317,-0.0328037366271019,18.011016502,-0.232425023,-0.483354636,-0.321957434399372,-0.30263799754175,0.355762383979856
-37.689208984375,-7.01904296875,-359.649658203125,-37.3077392578125,4.57763671875,-325.775146484375,2.50928020477295,-9.75287246704102,1.03441739082336,0.438788563013077,0.15719036757946,0.19948136806488,-0.589412331581116,-5.15501689910889,7.94175577163696,-0.082363173365593,-0.201077699661255,-0.0433787554502487,-1.16272115707397,-9.79930114746094,-2.05395412445068,-0.925984084606171,-0.307129502296448,0.226432174444199,-0.786943256855011,-7.12911319732666,2.90333127975464,0.935142040252686,-0.0398974530398846,-0.0328786186873913,18.010541689,-0.2324051185,-0.483198322,-0.323154241795628,-0.303830997495452,0.357024002295462
-37.7273559570313,-7.01904296875,-359.420776367188,-37.384033203125,4.46319580078125,-325.62255859375,2.4605975151062,-9.72943592071533,1.03734600543976,0.436784952878952,0.160507440567017,0.198879644274712,-0.609050214290619,-5.15128326416016,7.93295955657959,-0.0824709087610245,-0.197641164064407,-0.0415687337517738,-1.1423956155777,-9.81635761260986,-2.06178879737854,-0.925966084003448,-0.312862128019333,0.22219817340374,-0.779930293560028,-7.12928056716919,2.92731833457947,0.930321633815765,-0.0414363443851471,-0.0329535007476807,18.010066876,-0.232385214,-0.483042008,-0.324351049191884,-0.305023997449155,0.358285620611068
-37.7655029296875,-7.01904296875,-359.19189453125,-37.4603271484375,4.3487548828125,-325.469970703125,2.41191482543945,-9.70599842071533,1.04027462005615,0.43478137254715,0.163824513554573,0.198277920484543,-0.628688097000122,-5.14754962921143,7.92416334152222,-0.0825786516070366,-0.19420462846756,-0.039758712053299,-1.12207019329071,-9.83341407775879,-2.0696234703064,-0.925948143005371,-0.31859478354454,0.217964187264442,-0.772917330265045,-7.12944746017456,2.9513053894043,0.9255011677742,-0.0429752394556999,-0.0330283790826797,18.009592063,-0.2323653095,-0.482885694,-0.32554785658814,-0.306216997402857,0.359547238926673
-37.8799438476563,-7.0953369140625,-359.344482421875,-37.53662109375,4.31060791015625,-325.546264648438,2.36323213577271,-9.68256187438965,1.04320323467255,0.432777762413025,0.167141601443291,0.197676196694374,-0.648325979709625,-5.1438159942627,7.91536712646484,-0.0826863870024681,-0.190768092870712,-0.0379486903548241,-1.10174465179443,-9.85047054290771,-2.07745790481567,-0.925930202007294,-0.324327439069748,0.213730186223984,-0.765904426574707,-7.12961483001709,2.97529220581055,0.92068076133728,-0.0445141308009624,-0.0331032611429691,18.00911725,-0.232345405,-0.48272938,-0.326744663984396,-0.30740999735656,0.36080885724228
-37.994384765625,-7.171630859375,-359.4970703125,-37.6129150390625,4.2724609375,-325.62255859375,2.31454944610596,-9.65912532806396,1.04613184928894,0.430774182081223,0.170458674430847,0.197074458003044,-0.667963802814484,-5.14008235931396,7.90657138824463,-0.0827941223978996,-0.187331572175026,-0.0361386686563492,-1.08141922950745,-9.86752700805664,-2.08529257774353,-0.925912261009216,-0.330060094594955,0.209496185183525,-0.758891463279724,-7.12978219985962,2.99927926063538,0.915860295295715,-0.0460530258715153,-0.0331781432032585,18.008642437,-0.2323255005,-0.482573066,-0.327941471380653,-0.308602997310262,0.362070475557886
-38.0325317382813,-7.13348388671875,-359.268188476563,-37.3458862304688,4.119873046875,-326.004028320313,2.26586675643921,-9.63568782806396,1.04906046390533,0.428770571947098,0.173775762319565,0.196472734212875,-0.687601685523987,-5.13634872436523,7.89777517318726,-0.0829018652439117,-0.183895036578178,-0.0343286469578743,-1.06109368801117,-9.88458347320557,-2.09312725067139,-0.925894260406494,-0.335792720317841,0.205262199044228,-0.751878499984741,-7.12994956970215,3.02326607704163,0.911039888858795,-0.0475919172167778,-0.0332530252635479,18.008167624,-0.232305596,-0.482416752,-0.329138278776908,-0.309795997263965,0.363332093873491
-38.0706787109375,-7.0953369140625,-359.039306640625,-37.078857421875,3.96728515625,-326.385498046875,2.21718406677246,-9.61225128173828,1.05198907852173,0.426766991615295,0.177092835307121,0.195871010422707,-0.70723956823349,-5.1326150894165,7.88897895812988,-0.0830096006393433,-0.180458500981331,-0.0325186252593994,-1.04076826572418,-9.90163993835449,-2.10096192359924,-0.925876319408417,-0.341525375843048,0.201028198003769,-0.744865536689758,-7.13011693954468,3.04725313186646,0.90621942281723,-0.0491308122873306,-0.0333279073238373,18.007692811,-0.2322856915,-0.482260438,-0.330335086173165,-0.310988997217667,0.364593712189097
-37.9562377929688,-7.0953369140625,-359.268188476563,-37.2695922851563,3.814697265625,-326.461791992188,2.15780901908875,-9.60451602935791,1.04558658599854,0.424363046884537,0.173931315541267,0.195465892553329,-0.710507273674011,-5.12261629104614,7.88795566558838,-0.0830704718828201,-0.177999764680862,-0.0308202188462019,-1.012943983078,-9.91682910919189,-2.10665488243103,-0.923563063144684,-0.347255229949951,0.194941028952599,-0.738867104053497,-7.13582372665405,3.06013894081116,0.9030402302742,-0.0494260638952255,-0.0328339114785194,18.007217998,-0.232265787,-0.482104124,-0.331531893569421,-0.312181997171369,0.365855330504703
-37.841796875,-7.0953369140625,-359.4970703125,-37.4603271484375,3.662109375,-326.5380859375,2.09843420982361,-9.59678077697754,1.03918421268463,0.421959102153778,0.170769810676575,0.195060759782791,-0.713775038719177,-5.11261749267578,7.88693284988403,-0.0831313505768776,-0.175541028380394,-0.0291218124330044,-0.985119700431824,-9.9320182800293,-2.1123480796814,-0.921249866485596,-0.352985054254532,0.188853859901428,-0.732868611812592,-7.14153051376343,3.07302451133728,0.899861037731171,-0.0497213192284107,-0.0323399156332016,18.006743185,-0.2322458825,-0.48194781,-0.332728700965677,-0.313374997125072,0.367116948820309
-37.841796875,-7.05718994140625,-359.725952148438,-37.3077392578125,3.509521484375,-326.690673828125,2.03905916213989,-9.58904647827148,1.03278172016144,0.419555157423019,0.167608290910721,0.194655641913414,-0.717042744159698,-5.10261869430542,7.88590955734253,-0.0831922218203545,-0.173082292079926,-0.0274234060198069,-0.957295477390289,-9.9472074508667,-2.11804103851318,-0.918936610221863,-0.358714908361435,0.182766690850258,-0.726870179176331,-7.1472373008728,3.08591032028198,0.896681845188141,-0.0500165708363056,-0.0318459197878838,18.006268372,-0.232225978,-0.481791496,-0.333925508361933,-0.314567997078775,0.368378567135915
-37.841796875,-7.01904296875,-359.954833984375,-37.1551513671875,3.35693359375,-326.84326171875,1.97968411445618,-9.58131122589111,1.02637922763824,0.417151212692261,0.164446771144867,0.194250509142876,-0.720310509204865,-5.09261989593506,7.88488674163818,-0.0832531005144119,-0.170623555779457,-0.0257249996066093,-0.92947119474411,-9.9623966217041,-2.12373423576355,-0.91662335395813,-0.364444762468338,0.176679521799088,-0.72087174654007,-7.15294408798218,3.09879589080811,0.893502652645111,-0.0503118261694908,-0.0313519239425659,18.005793559,-0.2322060735,-0.481635182,-0.335122315758189,-0.315760997032477,0.36964018545152
-37.9562377929688,-6.90460205078125,-360.031127929688,-37.1170043945313,3.31878662109375,-326.995849609375,1.92030918598175,-9.57357597351074,1.01997673511505,0.414747267961502,0.161285266280174,0.193845391273499,-0.723578214645386,-5.0826210975647,7.88386344909668,-0.0833139717578888,-0.168164804577827,-0.0240265931934118,-0.901646912097931,-9.9775857925415,-2.12942719459534,-0.914310157299042,-0.370174586772919,0.170592352747917,-0.714873313903809,-7.15865087509155,3.11168169975281,0.890323460102081,-0.0506070777773857,-0.0308579299598932,18.005318746,-0.232186169,-0.481478868,-0.336319123154446,-0.31695399698618,0.370901803767127
-38.0706787109375,-6.7901611328125,-360.107421875,-37.078857421875,3.2806396484375,-327.1484375,1.86093413829803,-9.56584072113037,1.01357436180115,0.412343323230743,0.15812374651432,0.193440273404121,-0.726845920085907,-5.07262229919434,7.88284063339233,-0.0833748504519463,-0.165706068277359,-0.0223281867802143,-0.873822629451752,-9.99277496337891,-2.1351203918457,-0.911996901035309,-0.375904440879822,0.164505183696747,-0.708874821662903,-7.16435766220093,3.12456750869751,0.887144267559052,-0.0509023331105709,-0.0303639341145754,18.004843933,-0.2321662645,-0.481322554,-0.337515930550702,-0.318146996939882,0.372163422082732
-38.0325317382813,-6.866455078125,-360.183715820313,-37.3077392578125,3.2806396484375,-327.072143554688,1.80155920982361,-9.55810546875,1.00717186927795,0.409939378499985,0.154962241649628,0.193035140633583,-0.730113685131073,-5.06262350082397,7.88181734085083,-0.0834357216954231,-0.163247331976891,-0.0206297803670168,-0.845998406410217,-10.0079641342163,-2.14081335067749,-0.909683704376221,-0.381634265184402,0.158417999744415,-0.702876389026642,-7.17006397247314,3.13745307922363,0.883965075016022,-0.0511975847184658,-0.0298699382692575,18.00436912,-0.23214636,-0.48116624,-0.338712737946958,-0.319339996893584,0.373425040398338
-37.994384765625,-6.9427490234375,-360.260009765625,-37.53662109375,3.2806396484375,-326.995849609375,1.74218416213989,-9.55037021636963,1.00076937675476,0.407535433769226,0.151800721883774,0.192630022764206,-0.733381390571594,-5.05262470245361,7.88079452514648,-0.0834966003894806,-0.160788595676422,-0.0189313739538193,-0.818174123764038,-10.0231533050537,-2.14650654792786,-0.907370448112488,-0.387364119291306,0.152330830693245,-0.696877956390381,-7.17577075958252,3.15033888816833,0.880785882472992,-0.051492840051651,-0.0293759424239397,17.980378377,-0.214408596499996,-0.4822775605,-0.339903478931632,-0.320327995645044,0.375256255171137
-37.841796875,-6.9427490234375,-360.183715820313,-37.4603271484375,3.08990478515625,-327.301025390625,1.68280923366547,-9.54263591766357,0.994366943836212,0.405131489038467,0.14863920211792,0.192224889993668,-0.73664915561676,-5.04262590408325,7.87977123260498,-0.0835574716329575,-0.158329859375954,-0.0172329675406218,-0.790349841117859,-10.0383424758911,-2.15219950675964,-0.905057191848755,-0.393093973398209,0.146243661642075,-0.69087952375412,-7.18147754669189,3.16322445869446,0.877606689929962,-0.0517880916595459,-0.0288819465786219,17.956387634,-0.196670833000002,-0.483388881,-0.341094219916306,-0.321315994396504,0.377087469943935
-37.689208984375,-6.9427490234375,-360.107421875,-37.384033203125,2.899169921875,-327.606201171875,1.62343418598175,-9.5349006652832,0.987964451313019,0.402727544307709,0.145477697253227,0.19181977212429,-0.739916861057281,-5.03262710571289,7.87874794006348,-0.0836183428764343,-0.155871123075485,-0.0155345601961017,-0.76252555847168,-10.0535316467285,-2.15789246559143,-0.902743995189667,-0.398823797702789,0.140156492590904,-0.684881031513214,-7.18718433380127,3.17611026763916,0.874427497386932,-0.0520833432674408,-0.028387950733304,17.932396891,-0.178933069499998,-0.4845002015,-0.34228496090098,-0.322303993147964,0.378918684716734
-37.7273559570313,-6.82830810546875,-360.107421875,-37.4984741210938,2.78472900390625,-327.606201171875,1.56405925750732,-9.52716541290283,0.98156201839447,0.40032359957695,0.142316177487373,0.191414654254913,-0.743184566497803,-5.02262830734253,7.87772512435913,-0.0836792215704918,-0.153412386775017,-0.0138361537829041,-0.7347012758255,-10.0687208175659,-2.1635856628418,-0.900430738925934,-0.404553651809692,0.134069323539734,-0.678882598876953,-7.19289112091064,3.18899607658386,0.871248304843903,-0.052378598600626,-0.0278939567506313,17.908406148,-0.161195306000004,-0.485611522,-0.343475701885654,-0.323291991899424,0.380749899489532
-37.7655029296875,-6.7138671875,-360.107421875,-37.6129150390625,2.6702880859375,-327.606201171875,1.50468420982361,-9.51943016052246,0.975159525871277,0.397919654846191,0.139154657721519,0.191009521484375,-0.746452331542969,-5.01262950897217,7.87670183181763,-0.0837400928139687,-0.150953650474548,-0.0121377473697066,-0.706877052783966,-10.0839099884033,-2.16927862167358,-0.898117482662201,-0.410283505916595,0.127982154488564,-0.672884166240692,-7.19859790802002,3.20188164710999,0.868069112300873,-0.0526738502085209,-0.0273999609053135,17.884415405,-0.1434575425,-0.4867228425,-0.344666442870328,-0.324279990650884,0.382581114262331
-37.8799438476563,-6.75201416015625,-360.107421875,-37.53662109375,2.70843505859375,-327.7587890625,1.44530928134918,-9.51169490814209,0.968757092952728,0.395515710115433,0.135993152856827,0.190604403614998,-0.74972003698349,-5.00263071060181,7.87567901611328,-0.0838009715080261,-0.14849491417408,-0.0104393409565091,-0.679052770137787,-10.0990991592407,-2.17497181892395,-0.895804286003113,-0.416013330221176,0.121894985437393,-0.666885733604431,-7.20430469512939,3.21476745605469,0.864889919757843,-0.0529691055417061,-0.0269059650599957,17.860424662,-0.125719778999996,-0.487834163,-0.345857183855002,-0.325267989402344,0.38441232903513
-37.994384765625,-6.7901611328125,-360.107421875,-37.4603271484375,2.74658203125,-327.911376953125,1.39270663261414,-9.51315975189209,0.969565689563751,0.393591344356537,0.132953584194183,0.190365925431252,-0.751603186130524,-4.99867582321167,7.87499904632568,-0.0839925706386566,-0.146374970674515,-0.00908824615180492,-0.651790499687195,-10.1115007400513,-2.17769908905029,-0.892145454883575,-0.420985668897629,0.115710683166981,-0.663514018058777,-7.2114052772522,3.22907638549805,0.861911833286285,-0.0531721264123917,-0.0260607413947582,17.836433919,-0.107982015500002,-0.4889454835,-0.347047924839676,-0.326255988153803,0.386243543807928
-38.0706787109375,-6.98089599609375,-360.260009765625,-37.384033203125,2.70843505859375,-327.911376953125,1.34687650203705,-9.52382373809814,0.977585315704346,0.392146557569504,0.13003596663475,0.190294101834297,-0.75210165977478,-5.0007643699646,7.87466192245483,-0.0843148902058601,-0.144593849778175,-0.00808446202427149,-0.625090181827545,-10.1211128234863,-2.17746090888977,-0.887141108512878,-0.425200462341309,0.109429247677326,-0.662769079208374,-7.21990013122559,3.24480867385864,0.859134793281555,-0.0532829165458679,-0.0248642880469561,17.812443176,-0.090244251999998,-0.490056804,-0.34823866582435,-0.327243986905263,0.388074758580727
-38.14697265625,-7.171630859375,-360.41259765625,-37.3077392578125,2.6702880859375,-327.911376953125,1.30104637145996,-9.5344877243042,0.98560494184494,0.390701740980148,0.127118363976479,0.190222263336182,-0.752600133419037,-5.00285291671753,7.87432527542114,-0.0846372097730637,-0.142812713980675,-0.00708067789673805,-0.598389863967896,-10.1307249069214,-2.17722249031067,-0.882136762142181,-0.429415285587311,0.103147804737091,-0.662024080753326,-7.22839498519897,3.26054120063782,0.85635781288147,-0.0533937104046345,-0.0236678346991539,17.788452433,-0.072506488500004,-0.4911681245,-0.349429406809024,-0.328231985656723,0.389905973353525
-38.0706787109375,-7.13348388671875,-360.488891601563,-37.384033203125,2.593994140625,-327.911376953125,1.25521612167358,-9.54515171051025,0.993624567985535,0.389256954193115,0.124200746417046,0.190150439739227,-0.753098666667938,-5.0049409866333,7.87398815155029,-0.0849595293402672,-0.141031593084335,-0.0060768942348659,-0.571689605712891,-10.1403369903564,-2.17698431015015,-0.877132415771484,-0.433630079030991,0.0968663692474365,-0.661279141902924,-7.23688983917236,3.27627348899841,0.85358077287674,-0.0535045005381107,-0.0224713813513517,17.76446169,-0.054768725,-0.492279445,-0.350620147793698,-0.329219984408183,0.391737188126324
-37.994384765625,-7.0953369140625,-360.565185546875,-37.4603271484375,2.5177001953125,-327.911376953125,1.2093859910965,-9.55581569671631,1.00164413452148,0.38781213760376,0.121283128857613,0.190078616142273,-0.753597140312195,-5.00702953338623,7.8736515045166,-0.0852818563580513,-0.139250457286835,-0.00507311057299376,-0.544989287853241,-10.1499490737915,-2.17674589157104,-0.872128069400787,-0.437844902276993,0.090584933757782,-0.660534203052521,-7.24538469314575,3.29200577735901,0.850803792476654,-0.053615290671587,-0.0212749280035496,17.740470947,-0.037030961499996,-0.4933907655,-0.351810888778372,-0.330207983159643,0.393568402899123
-38.0325317382813,-7.01904296875,-360.641479492188,-37.6129150390625,2.32696533203125,-328.06396484375,1.16355586051941,-9.56647968292236,1.00966382026672,0.386367350816727,0.11836551874876,0.190006777644157,-0.754095613956451,-5.00911808013916,7.87331438064575,-0.0856041759252548,-0.137469336390495,-0.00406932644546032,-0.518289029598236,-10.1595611572266,-2.17650747299194,-0.86712372303009,-0.442059695720673,0.0843034908175468,-0.659789204597473,-7.25387907028198,3.30773830413818,0.848026812076569,-0.0537260808050632,-0.0200784746557474,17.716480204,-0.019293198000002,-0.494502086,-0.353001629763046,-0.331195981911103,0.39539961767192
-38.0706787109375,-6.9427490234375,-360.7177734375,-37.7655029296875,2.13623046875,-328.216552734375,1.11772561073303,-9.57714366912842,1.01768338680267,0.384922534227371,0.115447901189327,0.189934954047203,-0.754594147205353,-5.01120662689209,7.87297773361206,-0.0859264954924583,-0.135688200592995,-0.00306554278358817,-0.491588711738586,-10.1691732406616,-2.17626929283142,-0.862119376659393,-0.446274518966675,0.0780220553278923,-0.65904426574707,-7.26237392425537,3.32347059249878,0.845249772071838,-0.0538368709385395,-0.0188820213079453,17.692489461,-0.00155543449999798,-0.4956134065,-0.35419237074772,-0.332183980662563,0.397230832444719
-37.9562377929688,-6.90460205078125,-360.641479492188,-37.7655029296875,2.2125244140625,-328.521728515625,1.07189548015594,-9.58780860900879,1.02570307254791,0.383477747440338,0.112530291080475,0.189863130450249,-0.755092620849609,-5.01329517364502,7.87264060974121,-0.0862488150596619,-0.133907079696655,-0.00206175888888538,-0.464888423681259,-10.1787853240967,-2.17603087425232,-0.857115030288696,-0.450489312410355,0.0717406198382378,-0.658299326896667,-7.27086877822876,3.33920288085938,0.842472791671753,-0.0539476647973061,-0.0176855679601431,17.668498718,0.016182328999996,-0.496724727,-0.355383111732394,-0.333171979414022,0.399062047217517
-37.841796875,-6.866455078125,-360.565185546875,-37.7655029296875,2.288818359375,-328.826904296875,1.02606534957886,-9.59847259521484,1.03372263908386,0.382032930850983,0.109612673521042,0.189791291952133,-0.755591094493866,-5.01538372039795,7.87230396270752,-0.086571142077446,-0.132125943899155,-0.00105797499418259,-0.438188105821609,-10.1883974075317,-2.1757926940918,-0.852110683917999,-0.454704135656357,0.0654591768980026,-0.65755432844162,-7.27936363220215,3.35493540763855,0.839695751667023,-0.0540584549307823,-0.0164891146123409,17.644507975,0.0339200925,-0.4978360475,-0.356573852717068,-0.334159978165482,0.400893261990316
-37.9562377929688,-6.7901611328125,-360.870361328125,-37.8036499023438,2.17437744140625,-328.903198242188,0.980235159397125,-9.6091365814209,1.0417423248291,0.38058814406395,0.106695063412189,0.189719468355179,-0.756089627742767,-5.01747226715088,7.87196683883667,-0.0868934616446495,-0.130344823002815,-5.41911613254342e-05,-0.411487817764282,-10.1980104446411,-2.1755542755127,-0.847106337547302,-0.458918929100037,0.0591777414083481,-0.656809389591217,-7.28785848617554,3.37066769599915,0.836918771266937,-0.0541692450642586,-0.0152926621958613,17.620517232,0.051657856000004,-0.498947368,-0.357764593701743,-0.335147976916942,0.402724476763115
-38.0706787109375,-6.7138671875,-361.175537109375,-37.841796875,2.0599365234375,-328.9794921875,0.934404969215393,-9.61980056762695,1.04976189136505,0.379143327474594,0.103777445852757,0.189647644758224,-0.756588101387024,-5.01956033706665,7.87163019180298,-0.087215781211853,-0.128563687205315,0.000949592678807676,-0.384787529706955,-10.2076225280762,-2.17531609535217,-0.842101991176605,-0.463133752346039,0.0528963059186935,-0.656064450740814,-7.29635334014893,3.38639998435974,0.834141731262207,-0.0542800351977348,-0.0140962088480592,17.596526489,0.069395619499998,-0.5000586885,-0.358955334686416,-0.336135975668402,0.404555691535913
-38.0325317382813,-6.7901611328125,-361.404418945313,-37.9180908203125,2.09808349609375,-328.521728515625,0.888574779033661,-9.63046455383301,1.05778157711029,0.377698540687561,0.100859835743904,0.18957582116127,-0.757086575031281,-5.02164888381958,7.87129306793213,-0.0875381007790565,-0.126782566308975,0.00195337645709515,-0.358087241649628,-10.2172346115112,-2.17507767677307,-0.837097644805908,-0.467348545789719,0.0466148667037487,-0.655319511890411,-7.30484771728516,3.40213227272034,0.831364750862122,-0.0543908290565014,-0.0128997564315796,17.572535746,0.087133383000002,-0.501170009,-0.36014607567109,-0.337123974419862,0.406386906308712
-37.994384765625,-6.866455078125,-361.63330078125,-37.994384765625,2.13623046875,-328.06396484375,0.842744648456573,-9.64112854003906,1.06580114364624,0.376253724098206,0.0979422181844711,0.189503982663155,-0.757585108280182,-5.02373743057251,7.87095642089844,-0.0878604277968407,-0.125001430511475,0.00295716035179794,-0.331386923789978,-10.2268466949463,-2.17483949661255,-0.832093298435211,-0.471563369035721,0.0403334312140942,-0.654574513435364,-7.31334257125854,3.41786479949951,0.828587710857391,-0.0545016191899776,-0.0117033030837774,17.548545003,0.104871146499996,-0.5022813295,-0.361336816655764,-0.338111973171322,0.40821812108151
-37.994384765625,-6.59942626953125,-361.709594726563,-38.0325317382813,2.0599365234375,-328.369140625,0.796914458274841,-9.65179252624512,1.07382082939148,0.374808937311172,0.0950246080756187,0.1894321590662,-0.758083581924438,-5.02582597732544,7.87061929702759,-0.0881827473640442,-0.123220302164555,0.00396094424650073,-0.304686635732651,-10.2364587783813,-2.17460107803345,-0.827088952064514,-0.475778162479401,0.0340519919991493,-0.653829574584961,-7.32183742523193,3.43359708786011,0.825810730457306,-0.0546124093234539,-0.0105068497359753,17.52455426,0.12260891,-0.50339265,-0.362527557640438,-0.339099971922782,0.410049335854309
-37.994384765625,-6.3323974609375,-361.785888671875,-38.0706787109375,1.983642578125,-328.67431640625,0.774668335914612,-9.65620136260986,1.06616020202637,0.373766183853149,0.094084694981575,0.1894321590662,-0.778046250343323,-5.03251600265503,7.86873340606689,-0.088150791823864,-0.122538805007935,0.00426227552816272,-0.283176124095917,-10.2416038513184,-2.17364931106567,-0.81990921497345,-0.478709846735001,0.0281895529478788,-0.662755727767944,-7.33872842788696,3.43638014793396,0.823112487792969,-0.0559446141123772,-0.00928846281021833,17.524417168,0.122639343,-0.5033338375,-0.364208162570081,-0.340159812039452,0.412195732785529
-37.9562377929688,-6.44683837890625,-361.862182617188,-37.8036499023438,1.8310546875,-328.826904296875,0.752422213554382,-9.66060924530029,1.05849969387054,0.372723400592804,0.0931447818875313,0.1894321590662,-0.798008918762207,-5.03920555114746,7.86684799194336,-0.0881188437342644,-0.121857315301895,0.00456360680982471,-0.261665612459183,-10.2467489242554,-2.1726975440979,-0.81272953748703,-0.481641530990601,0.0223271157592535,-0.671681880950928,-7.35561943054199,3.43916296958923,0.820414304733276,-0.0572768151760101,-0.0080700758844614,17.524280076,0.122669776,-0.503275025,-0.365888767499723,-0.341219652156121,0.414342129716748
-37.9180908203125,-6.561279296875,-361.9384765625,-37.53662109375,1.678466796875,-328.9794921875,0.730176091194153,-9.66501808166504,1.05083906650543,0.371680647134781,0.0922048762440681,0.1894321590662,-0.817971587181091,-5.04589557647705,7.86496210098267,-0.0880868881940842,-0.121175818145275,0.00486493855714798,-0.24015511572361,-10.2518949508667,-2.17174577713013,-0.805549800395966,-0.484573215246201,0.016464676707983,-0.680608034133911,-7.37251043319702,3.44194602966309,0.817716062068939,-0.0586090199649334,-0.00685168849304318,17.524142984,0.122700209,-0.5032162125,-0.367569372429367,-0.342279492272791,0.416488526647969
-38.2232666015625,-6.4849853515625,-362.014770507813,-37.7273559570313,1.6021728515625,-329.208374023438,0.707929968833923,-9.66942691802979,1.04317843914032,0.370637863874435,0.0912649631500244,0.1894321590662,-0.837934255599976,-5.05258560180664,7.86307621002197,-0.088054932653904,-0.120494328439236,0.00516626983880997,-0.218644604086876,-10.2570400238037,-2.17079377174377,-0.798370063304901,-0.487504899501801,0.0106022376567125,-0.689534246921539,-7.38940143585205,3.44472908973694,0.815017819404602,-0.0599412210285664,-0.00563330110162497,17.524005892,0.122730642,-0.5031574,-0.369249977359009,-0.343339332389461,0.418634923579188
-38.5284423828125,-6.40869140625,-362.091064453125,-37.9180908203125,1.52587890625,-329.437255859375,0.685683846473694,-9.67383480072021,1.03551781177521,0.369595110416412,0.0903250500559807,0.1894321590662,-0.85789692401886,-5.05927562713623,7.86119031906128,-0.0880229845643044,-0.119812831282616,0.00546760112047195,-0.197134107351303,-10.2621850967407,-2.169842004776,-0.791190385818481,-0.490436583757401,0.00473979907110333,-0.698460400104523,-7.40629291534424,3.44751214981079,0.81231963634491,-0.0612734258174896,-0.00441491417586803,17.5238688,0.122761075,-0.5030985875,-0.370930582288652,-0.344399172506131,0.420781320510408
-38.5665893554688,-6.4849853515625,-362.167358398438,-37.8036499023438,1.41143798828125,-329.055786132813,0.663437724113464,-9.67824363708496,1.02785730361938,0.368552327156067,0.089385136961937,0.1894321590662,-0.877859592437744,-5.06596517562866,7.85930490493774,-0.0879910290241241,-0.119131334125996,0.00576893240213394,-0.175623595714569,-10.2673301696777,-2.16889023780823,-0.784010648727417,-0.493368268013,-0.00112263939809054,-0.707386553287506,-7.42318391799927,3.45029497146606,0.809621393680573,-0.0626056268811226,-0.00319652701728046,17.523731708,0.122791508,-0.503039775,-0.372611187218295,-0.345459012622801,0.422927717441628
-38.604736328125,-6.561279296875,-362.24365234375,-37.689208984375,1.2969970703125,-328.67431640625,0.641191601753235,-9.68265247344971,1.02019667625427,0.367509573698044,0.0884452238678932,0.1894321590662,-0.897822201251984,-5.07265520095825,7.85741901397705,-0.0879590734839439,-0.118449844419956,0.00607026414945722,-0.154113098978996,-10.2724752426147,-2.16793847084045,-0.776830971240997,-0.4962999522686,-0.00698507810011506,-0.71631270647049,-7.4400749206543,3.45307803153992,0.806923151016235,-0.0639378353953362,-0.00197813985869288,17.523594616,0.122821941,-0.5029809625,-0.374291792147937,-0.34651885273947,0.425074114372847
-38.5284423828125,-6.3323974609375,-362.24365234375,-37.4603271484375,1.25885009765625,-328.9794921875,0.618945479393005,-9.68706035614014,1.01253604888916,0.366466790437698,0.0875053107738495,0.1894321590662,-0.917784869670868,-5.07934522628784,7.85553312301636,-0.0879271253943443,-0.117768347263336,0.0063715954311192,-0.132602587342262,-10.2776203155518,-2.16698670387268,-0.769651234149933,-0.4992316365242,-0.0128475166857243,-0.725238859653473,-7.45696592330933,3.45586109161377,0.804224967956543,-0.0652700364589691,-0.000759752700105309,17.523457524,0.122852374,-0.50292215,-0.37597239707758,-0.34757869285614,0.427220511304068
-38.4521484375,-6.103515625,-362.24365234375,-37.2314453125,1.220703125,-329.28466796875,0.596699357032776,-9.69146919250488,1.00487554073334,0.365424036979675,0.0865654051303864,0.1894321590662,-0.937747538089752,-5.08603477478027,7.85364723205566,-0.0878951698541641,-0.117086857557297,0.00667292671278119,-0.111092083156109,-10.2827663421631,-2.16603493690491,-0.762471497058868,-0.502163290977478,-0.0187099557369947,-0.734165012836456,-7.47385692596436,3.45864415168762,0.801526725292206,-0.0666022375226021,0.000458634458482265,17.523320432,0.122882807,-0.5028633375,-0.377653002007222,-0.34863853297281,0.429366908235287
-38.5665893554688,-6.103515625,-362.319946289063,-37.4603271484375,1.068115234375,-329.28466796875,0.574453234672546,-9.69587802886963,0.997214913368225,0.36438125371933,0.0856254920363426,0.1894321590662,-0.957710206508636,-5.09272480010986,7.85176181793213,-0.0878632143139839,-0.116405360400677,0.00697425799444318,-0.0895815715193748,-10.2879114151001,-2.16508316993713,-0.755291819572449,-0.5050950050354,-0.0245723929256201,-0.74309116601944,-7.49074792861938,3.4614269733429,0.798828482627869,-0.067934438586235,0.00167702161706984,17.52318334,0.12291324,-0.502804525,-0.379333606936865,-0.34969837308948,0.431513305166507
-38.6810302734375,-6.103515625,-362.396240234375,-37.689208984375,0.91552734375,-329.28466796875,0.552207112312317,-9.70028591156006,0.989554345607758,0.363338500261307,0.0846855789422989,0.1894321590662,-0.977672874927521,-5.09941482543945,7.84987592697144,-0.0878312662243843,-0.115723863244057,0.00727558927610517,-0.0680710673332214,-10.2930564880371,-2.16413116455078,-0.748112082481384,-0.508026659488678,-0.0304348319768906,-0.752017378807068,-7.50763893127441,3.46421003341675,0.796130299568176,-0.0692666471004486,0.00289540877565742,17.523046248,0.122943673,-0.5027457125,-0.381014211866508,-0.35075821320615,0.433659702097727
-38.7191772460938,-6.14166259765625,-362.548828125,-37.5747680664063,0.95367431640625,-329.28466796875,0.529960989952087,-9.7046947479248,0.981893718242645,0.362295717000961,0.0837456658482552,0.1894321590662,-0.997635543346405,-5.10610437393188,7.84799003601074,-0.0877993106842041,-0.115042373538017,0.00757692102342844,-0.046560563147068,-10.2982015609741,-2.16317939758301,-0.74093234539032,-0.5109583735466,-0.0362972691655159,-0.760943531990051,-7.52452993392944,3.4669930934906,0.793432056903839,-0.0705988481640816,0.00411379570141435,17.522909156,0.122974106,-0.5026869,-0.38269481679615,-0.351818053322819,0.435806099028946
-38.75732421875,-6.1798095703125,-362.701416015625,-37.4603271484375,0.9918212890625,-329.28466796875,0.507714867591858,-9.70910358428955,0.974233150482178,0.361252963542938,0.0828057527542114,0.1894321590662,-1.01759827136993,-5.11279439926147,7.84610414505005,-0.0877673551440239,-0.114360876381397,0.00787825230509043,-0.0250500570982695,-10.3033466339111,-2.16222763061523,-0.7337526679039,-0.513890027999878,-0.0421597100794315,-0.769869685173035,-7.54142093658447,3.46977615356445,0.790733814239502,-0.0719310492277145,0.00533218309283257,17.522772064,0.123004539,-0.5026280875,-0.384375421725793,-0.352877893439489,0.437952495960166
-38.7954711914063,-6.1798095703125,-363.006591796875,-37.4984741210938,0.87738037109375,-329.28466796875,0.492638796567917,-9.7128381729126,0.957364439964294,0.359701782464981,0.0820080041885376,0.188914760947227,-1.03240573406219,-5.11420869827271,7.84491920471191,-0.0875508114695549,-0.113944798707962,0.00813818257302046,-0.0078836353495717,-10.3098278045654,-2.16139698028564,-0.726065635681152,-0.516452491283417,-0.0476942881941795,-0.777268946170807,-7.55601978302002,3.47073197364807,0.788531601428986,-0.0730596408247948,0.00610650284215808,17.522634972,0.123034972,-0.502569275,-0.386056026655435,-0.353937733556159,0.440098892891385
-38.8336181640625,-6.1798095703125,-363.311767578125,-37.53662109375,0.762939453125,-329.28466796875,0.484732747077942,-9.71590042114258,0.931287705898285,0.357642203569412,0.0813524201512337,0.187879949808121,-1.04205799102783,-5.11034727096558,7.84443426132202,-0.0871496647596359,-0.113794133067131,0.00835671275854111,0.0049387002363801,-10.317645072937,-2.16068768501282,-0.717871367931366,-0.518645763397217,-0.0529010035097599,-0.783141255378723,-7.56832551956177,3.46986103057861,0.786825299263,-0.0739846080541611,0.00643675541505218,17.52249788,0.123065405,-0.5025104625,-0.387736631585078,-0.354997573672829,0.442245289822606
-38.8717651367188,-6.06536865234375,-363.46435546875,-37.4984741210938,0.80108642578125,-329.208374023438,0.476826697587967,-9.71896266937256,0.905210971832275,0.355582594871521,0.0806968286633492,0.186845153570175,-1.05171024799347,-5.10648536682129,7.84394931793213,-0.0867485255002975,-0.1136434674263,0.00857524201273918,0.0177610348910093,-10.3254613876343,-2.15997838973999,-0.709677040576935,-0.520838975906372,-0.0581077188253403,-0.789013624191284,-7.58063173294067,3.46899008750916,0.78511905670166,-0.074909582734108,0.00676700798794627,17.522360788,0.123095838,-0.50245165,-0.389417236514721,-0.356057413789499,0.444391686753826
-38.909912109375,-5.950927734375,-363.616943359375,-37.4603271484375,0.8392333984375,-329.132080078125,0.468920648097992,-9.72202491760254,0.879134237766266,0.353523015975952,0.0800412371754646,0.18581035733223,-1.06136250495911,-5.10262393951416,7.84346437454224,-0.0863473862409592,-0.11349280923605,0.00879377219825983,0.0305833704769611,-10.3332786560059,-2.15926885604858,-0.701482772827148,-0.523032248020172,-0.0633144378662109,-0.7948859333992,-7.59293794631958,3.4681191444397,0.783412754535675,-0.0758345499634743,0.00709726056084037,17.522223696,0.123126271,-0.5023928375,-0.391097841444364,-0.357117253906168,0.446538083685045
-38.9480590820313,-5.98907470703125,-363.76953125,-37.4603271484375,0.80108642578125,-328.9794921875,0.461014598608017,-9.7250862121582,0.853057444095612,0.351463437080383,0.0793856531381607,0.184775546193123,-1.07101476192474,-5.09876251220703,7.8429799079895,-0.0859462395310402,-0.113342143595219,0.0090123014524579,0.0434057079255581,-10.3410949707031,-2.15855956077576,-0.693288505077362,-0.525225460529327,-0.068521149456501,-0.800758242607117,-7.60524368286133,3.46724820137024,0.781706511974335,-0.0767595246434212,0.00742751313373446,17.522086604,0.123156704,-0.502334025,-0.392778446374007,-0.358177094022838,0.448684480616265
-38.9862060546875,-6.0272216796875,-363.922119140625,-37.4603271484375,0.762939453125,-328.826904296875,0.453108549118042,-9.72814846038818,0.826980710029602,0.349403858184814,0.0787300616502762,0.183740749955177,-1.08066701889038,-5.09490060806274,7.84249496459961,-0.0855451002717018,-0.113191477954388,0.00923083070665598,0.0562280416488647,-10.3489112854004,-2.15785026550293,-0.685094177722931,-0.527418673038483,-0.0737278684973717,-0.806630611419678,-7.61754989624023,3.4663770198822,0.78000020980835,-0.0776844918727875,0.00775776570662856,17.521949512,0.123187137,-0.5022752125,-0.394459051303649,-0.359236934139508,0.450830877547484
-39.1006469726563,-6.06536865234375,-363.922119140625,-37.4984741210938,0.6103515625,-328.9794921875,0.445202499628067,-9.73121070861816,0.800903975963593,0.347344279289246,0.0780744701623917,0.182705953717232,-1.09031927585602,-5.09103918075562,7.84201002120972,-0.0851439610123634,-0.113040812313557,0.00944936089217663,0.0690503790974617,-10.356728553772,-2.15714073181152,-0.676899909973145,-0.529611945152283,-0.0789345875382423,-0.812502920627594,-7.62985610961914,3.46550607681274,0.778293967247009,-0.0786094665527344,0.00808801781386137,17.52181242,0.12321757,-0.5022164,-0.396139656233292,-0.360296774256178,0.452977274478705
-39.215087890625,-6.103515625,-363.922119140625,-37.53662109375,0.457763671875,-329.132080078125,0.437296450138092,-9.73427295684814,0.774827241897583,0.345284670591354,0.0774188861250877,0.181671142578125,-1.09997153282166,-5.08717775344849,7.84152507781982,-0.0847428143024445,-0.112890146672726,0.0096678901463747,0.0818727165460587,-10.3645448684692,-2.1564314365387,-0.668705582618713,-0.531805157661438,-0.0841412991285324,-0.818375289440155,-7.64216184616089,3.46463513374329,0.776587665081024,-0.0795344337821007,0.00841827038675547,17.521812068,0.123218464,-0.502216457,-0.397076780879713,-0.360917614257851,0.455094869582815
-39.2532348632813,-5.98907470703125,-364.151000976563,-37.6129150390625,0.3814697265625,-328.67431640625,0.429390400648117,-9.73733425140381,0.748750448226929,0.343225091695786,0.0767632946372032,0.180636346340179,-1.10962378978729,-5.0833158493042,7.84104061126709,-0.0843416750431061,-0.112739481031895,0.00988642033189535,0.094695046544075,-10.3723621368408,-2.15572214126587,-0.660511314868927,-0.533998429775238,-0.0893480181694031,-0.824247598648071,-7.65446805953979,3.46376419067383,0.774881422519684,-0.0804594084620476,0.00874852295964956,17.521811716,0.123219358,-0.502216514,-0.398013905526134,-0.361538454259523,0.457212464686924
-39.2913818359375,-5.8746337890625,-364.3798828125,-37.689208984375,0.30517578125,-328.216552734375,0.421484351158142,-9.74039649963379,0.722673714160919,0.341165512800217,0.0761077105998993,0.179601535201073,-1.11927616596222,-5.07945442199707,7.8405556678772,-0.0839405283331871,-0.112588815391064,0.0101049495860934,0.107517383992672,-10.3801784515381,-2.15501260757446,-0.652317047119141,-0.536191642284393,-0.0945547297596931,-0.830119907855988,-7.66677379608154,3.46289324760437,0.773175120353699,-0.0813843756914139,0.00907877553254366,17.521811364,0.123220252,-0.502216571,-0.398951030172556,-0.362159294261196,0.459330059791034
-39.6728515625,-5.79833984375,-364.3798828125,-37.6510620117188,0.34332275390625,-328.598022460938,0.413578301668167,-9.74345874786377,0.69659698009491,0.339105933904648,0.0754521191120148,0.178566738963127,-1.12892842292786,-5.07559299468994,7.8400707244873,-0.0835393890738487,-0.112438157200813,0.0103234797716141,0.120339721441269,-10.3879957199097,-2.15430331230164,-0.644122719764709,-0.538384914398193,-0.0997614488005638,-0.835992276668549,-7.67908000946045,3.46202230453491,0.771468877792358,-0.0823093503713608,0.00940902810543776,17.521811012,0.123221146,-0.502216628,-0.399888154818976,-0.362780134262868,0.461447654895143
-40.0543212890625,-5.7220458984375,-364.3798828125,-37.6129150390625,0.3814697265625,-328.9794921875,0.405672252178192,-9.74652099609375,0.6705202460289,0.337046325206757,0.0747965276241302,0.177531942725182,-1.13858067989349,-5.07173156738281,7.83958578109741,-0.0831382498145103,-0.112287491559982,0.0105420090258121,0.133162051439285,-10.3958120346069,-2.15359401702881,-0.635928452014923,-0.540578126907349,-0.104968167841434,-0.841864585876465,-7.69138622283936,3.46115112304688,0.769762575626373,-0.0832343176007271,0.00973928067833185,17.52181066,0.12322204,-0.502216685,-0.400825279465398,-0.363400974264541,0.463565249999253
-39.8635864257813,-5.645751953125,-364.608764648438,-37.6129150390625,0.3814697265625,-328.750610351563,0.397766202688217,-9.74958229064941,0.644443452358246,0.334986746311188,0.0741409435868263,0.176497131586075,-1.14823293685913,-5.06786966323853,7.83910131454468,-0.0827371031045914,-0.112136825919151,0.0107605392113328,0.145984396338463,-10.4036293029785,-2.1528844833374,-0.627734124660492,-0.542771399021149,-0.110174879431725,-0.847736954689026,-7.7036919593811,3.46028017997742,0.768056333065033,-0.084159292280674,0.0100695332512259,17.521810308,0.123222934,-0.502216742,-0.401762404111819,-0.364021814266214,0.465682845103363
-39.6728515625,-5.5694580078125,-364.837646484375,-37.6129150390625,0.3814697265625,-328.521728515625,0.389860153198242,-9.75264453887939,0.618366718292236,0.332927167415619,0.0734853520989418,0.175462335348129,-1.15788519382477,-5.0640082359314,7.83861637115479,-0.082335963845253,-0.11198616027832,0.0109790684655309,0.158806726336479,-10.4114456176758,-2.15217518806458,-0.619539856910706,-0.544964611530304,-0.115381598472595,-0.853609263896942,-7.71599817276001,3.45940923690796,0.766350030899048,-0.0850842595100403,0.01039978582412,17.521809956,0.123223828,-0.502216799,-0.40269952875824,-0.364642654267886,0.467800440207472
-39.825439453125,-5.45501708984375,-365.29541015625,-37.53662109375,0.26702880859375,-328.521728515625,0.393030077219009,-9.7608470916748,0.60856568813324,0.331475287675858,0.072471521794796,0.174061328172684,-1.15764713287354,-5.06184434890747,7.84080743789673,-0.0821064561605453,-0.112089939415455,0.0110329510644078,0.166161000728607,-10.4277076721191,-2.16077780723572,-0.614288151264191,-0.545857667922974,-0.118113718926907,-0.858139514923096,-7.71259021759033,3.46061706542969,0.764017999172211,-0.0845154598355293,0.010600358247757,17.521809604,0.123224722,-0.502216856,-0.403636653404661,-0.365263494269559,0.469918035311583
-39.97802734375,-5.340576171875,-365.753173828125,-37.4603271484375,0.152587890625,-328.521728515625,0.396199971437454,-9.76905059814453,0.598764657974243,0.330023407936096,0.0714576840400696,0.172660335898399,-1.15740919113159,-5.05967998504639,7.84299850463867,-0.0818769559264183,-0.112193718552589,0.0110868336632848,0.173515275120735,-10.4439697265625,-2.16938042640686,-0.609036386013031,-0.546750783920288,-0.120845846831799,-0.862669706344604,-7.70918226242065,3.46182489395142,0.761686027050018,-0.083946667611599,0.0108009297400713,17.521809252,0.123225616,-0.502216913,-0.404573778051082,-0.365884334271232,0.472035630415692
-40.0924682617188,-5.30242919921875,-365.371704101563,-37.4984741210938,0,-328.521728515625,0.399369895458221,-9.77725315093994,0.588963627815247,0.328571528196335,0.0704438537359238,0.171259328722954,-1.15717113018036,-5.05751609802246,7.84518957138062,-0.0816474482417107,-0.112297497689724,0.0111407162621617,0.180869549512863,-10.4602317810059,-2.177983045578,-0.603784680366516,-0.547643840312958,-0.12357796728611,-0.867199957370758,-7.70577430725098,3.46303248405457,0.759353995323181,-0.083377867937088,0.0110015021637082,17.5218089,0.12322651,-0.50221697,-0.405510902697504,-0.366505174272905,0.474153225519802
-40.2069091796875,-5.2642822265625,-364.990234375,-37.53662109375,-0.152587890625,-328.521728515625,0.402539789676666,-9.78545665740967,0.57916259765625,0.327119648456573,0.069430023431778,0.169858321547508,-1.15693306922913,-5.05535221099854,7.84738063812256,-0.081417940557003,-0.112401276826859,0.0111945979297161,0.188223823904991,-10.4764938354492,-2.18658542633057,-0.598532974720001,-0.548536896705627,-0.126310095191002,-0.871730148792267,-7.7023663520813,3.46424031257629,0.757021963596344,-0.0828090682625771,0.0112020736560225,17.521808548,0.123227404,-0.502217027,-0.406448027343925,-0.367126014274577,0.476270820623912
-40.130615234375,-4.99725341796875,-365.29541015625,-37.3077392578125,-0.26702880859375,-328.445434570313,0.405709713697433,-9.79365921020508,0.569361627101898,0.325667768716812,0.0684161856770515,0.168457329273224,-1.15669500827789,-5.05318832397461,7.8495717048645,-0.081188440322876,-0.112505063414574,0.0112484805285931,0.19557811319828,-10.4927558898926,-2.19518804550171,-0.593281269073486,-0.549430012702942,-0.129042223095894,-0.87626039981842,-7.69895887374878,3.46544814109802,0.754689931869507,-0.0822402685880661,0.0114026460796595,17.521808196,0.123228298,-0.502217084,-0.407385151990346,-0.36774685427625,0.478388415728021
-40.0543212890625,-4.730224609375,-365.6005859375,-37.078857421875,-0.3814697265625,-328.369140625,0.408879637718201,-9.80186176300049,0.559560596942902,0.324215888977051,0.0674023553729057,0.167056322097778,-1.15645706653595,-5.05102396011353,7.85176277160645,-0.0809589326381683,-0.112608842551708,0.01130236312747,0.202932387590408,-10.5090179443359,-2.20379066467285,-0.588029503822327,-0.550323069095612,-0.131774336099625,-0.880790591239929,-7.6955509185791,3.46665596961975,0.752357959747314,-0.0816714763641357,0.0116032185032964,17.521807844,0.123229192,-0.502217141,-0.408322276636767,-0.368367694277923,0.480506010832131
-40.0543212890625,-4.8065185546875,-365.90576171875,-37.2314453125,-0.3814697265625,-328.06396484375,0.412049531936646,-9.81006526947021,0.549759566783905,0.322764009237289,0.0663885176181793,0.165655329823494,-1.15621900558472,-5.0488600730896,7.85395383834839,-0.0807294324040413,-0.112712621688843,0.011356245726347,0.210286661982536,-10.5252809524536,-2.21239328384399,-0.582777798175812,-0.551216125488281,-0.134506464004517,-0.885320842266083,-7.69214296340942,3.4678635597229,0.750025928020477,-0.0811026766896248,0.0118037899956107,17.521807492,0.123230086,-0.502217198,-0.409259401283188,-0.368988534279595,0.48262360593624
-40.0543212890625,-4.8828125,-366.2109375,-37.384033203125,-0.3814697265625,-327.7587890625,0.415219455957413,-9.81826782226563,0.539958536624908,0.321312129497528,0.0653746873140335,0.164254322648048,-1.15598094463348,-5.04669618606567,7.85614490509033,-0.0804999247193336,-0.112816400825977,0.0114101283252239,0.217640936374664,-10.541543006897,-2.22099590301514,-0.577526092529297,-0.552109241485596,-0.137238591909409,-0.889851033687592,-7.68873500823975,3.46907138824463,0.74769389629364,-0.0805338770151138,0.0120043624192476,17.52180714,0.12323098,-0.502217255,-0.41019652592961,-0.369609374281268,0.484741201040351
-40.0924682617188,-4.92095947265625,-366.287231445313,-37.384033203125,-0.3814697265625,-327.682495117188,0.418389350175858,-9.82647132873535,0.530157506465912,0.319860249757767,0.0643608570098877,0.162853315472603,-1.15574288368225,-5.04453182220459,7.85833597183228,-0.080270417034626,-0.112920179963112,0.0114640109241009,0.224995210766792,-10.5578050613403,-2.22959852218628,-0.572274386882782,-0.553002297878265,-0.139970704913139,-0.894381284713745,-7.68532705307007,3.47027921676636,0.745361864566803,-0.0799650773406029,0.012204933911562,17.521806788,0.123231874,-0.502217312,-0.411133650576031,-0.370230214282941,0.486858796144461
-40.130615234375,-4.9591064453125,-366.363525390625,-37.384033203125,-0.3814697265625,-327.606201171875,0.421559274196625,-9.83467388153076,0.520356476306915,0.318408370018005,0.0633470192551613,0.161452323198318,-1.15550494194031,-5.04236793518066,7.86052703857422,-0.080040916800499,-0.113023959100246,0.0115178935229778,0.23234948515892,-10.5740671157837,-2.23820114135742,-0.567022621631622,-0.553895354270935,-0.142702832818031,-0.898911476135254,-7.68191909790039,3.47148704528809,0.743029892444611,-0.0793962851166725,0.0124055063351989,17.521806436,0.123232768,-0.502217369,-0.412070775222452,-0.370851054284613,0.48897639124857
-40.130615234375,-4.6539306640625,-366.439819335938,-37.4603271484375,-0.457763671875,-327.45361328125,0.424729198217392,-9.84287643432617,0.510555446147919,0.316956490278244,0.0623331889510155,0.160051316022873,-1.15526688098907,-5.04020404815674,7.86271810531616,-0.0798114091157913,-0.113127738237381,0.0115717751905322,0.239703759551048,-10.5903291702271,-2.24680352210999,-0.561770915985107,-0.55478847026825,-0.145434960722923,-0.903441727161407,-7.67851114273071,3.47269487380981,0.740697860717773,-0.0788274854421616,0.0126060787588358,17.521806084,0.123233662,-0.502217426,-0.413007899868873,-0.371471894286286,0.49109398635268
-40.130615234375,-4.3487548828125,-366.51611328125,-37.53662109375,-0.5340576171875,-327.301025390625,0.427899092435837,-9.8510799407959,0.500754415988922,0.315504610538483,0.0613193549215794,0.158650308847427,-1.15502882003784,-5.03803968429565,7.86490917205811,-0.0795819014310837,-0.113231517374516,0.0116256577894092,0.247058033943176,-10.6065912246704,-2.25540614128113,-0.556519210338593,-0.555681526660919,-0.148167073726654,-0.907971918582916,-7.67510318756104,3.47390246391296,0.738365828990936,-0.0782586857676506,0.0128066502511501,17.521805732,0.123234556,-0.502217483,-0.413945024515294,-0.372092734287959,0.493211581456789
-40.2069091796875,-4.46319580078125,-366.744995117188,-37.4603271484375,-0.3814697265625,-327.072143554688,0.431069016456604,-9.85928249359131,0.490953415632248,0.314052730798721,0.0603055208921432,0.157249316573143,-1.15479075908661,-5.03587579727173,7.86710023880005,-0.0793524011969566,-0.11333529651165,0.0116795403882861,0.254412323236465,-10.6228532791138,-2.26400876045227,-0.551267504692078,-0.556574583053589,-0.150899201631546,-0.91250216960907,-7.67169523239136,3.47511029243469,0.736033797264099,-0.0776898860931396,0.013007222674787,17.52180538,0.12323545,-0.50221754,-0.414882149161716,-0.372713574289631,0.495329176560899
-40.283203125,-4.57763671875,-366.973876953125,-37.384033203125,-0.2288818359375,-326.84326171875,0.438640981912613,-9.87173271179199,0.491359740495682,0.31276598572731,0.0599467866122723,0.155900210142136,-1.15310037136078,-5.03279590606689,7.86728620529175,-0.0793718546628952,-0.113557323813438,0.0115238763391972,0.262650996446609,-10.6377410888672,-2.27686071395874,-0.545165121555328,-0.557753562927246,-0.154020473361015,-0.914333999156952,-7.66010522842407,3.47427296638489,0.733536720275879,-0.0766586065292358,0.0129518453031778,17.4896901585,0.144860720500005,-0.504524636000001,-0.41575973426705,-0.373314891551744,0.497064592126133
-40.2069091796875,-4.3487548828125,-367.202758789063,-37.2695922851563,-0.26702880859375,-326.919555664063,0.450615048408508,-9.88842964172363,0.501973450183868,0.311644405126572,0.0602431446313858,0.154603019356728,-1.14995753765106,-5.02880001068115,7.86546802520752,-0.0796402767300606,-0.113897584378719,0.0111586665734649,0.271774113178253,-10.651255607605,-2.29396200180054,-0.538212180137634,-0.559218406677246,-0.157530874013901,-0.913467466831207,-7.64033222198486,3.47139072418213,0.730874478816986,-0.0751648396253586,0.0126405181363225,17.457574937,0.166485990999998,-0.506831732,-0.416637319372384,-0.373916208813857,0.498800007691365
-40.130615234375,-4.119873046875,-367.431640625,-37.1551513671875,-0.30517578125,-326.995849609375,0.462589114904404,-9.90512752532959,0.512587130069733,0.310522854328156,0.0605395063757896,0.15330582857132,-1.14681482315063,-5.02480411529541,7.86364984512329,-0.079908698797226,-0.114237852394581,0.01079345587641,0.280897200107574,-10.6647691726685,-2.31106328964233,-0.53125923871994,-0.560683190822601,-0.161041289567947,-0.912600994110107,-7.62055969238281,3.46850824356079,0.728212237358093,-0.0736710652709007,0.0123291909694672,17.4254597155,0.188111261500002,-0.509138828,-0.417514904477719,-0.37451752607597,0.500535423256599
-40.3976440429688,-4.23431396484375,-367.584228515625,-37.2314453125,-0.3814697265625,-326.690673828125,0.474563181400299,-9.92182445526123,0.523200809955597,0.309401273727417,0.0608358643949032,0.152008637785912,-1.14367198944092,-5.02080821990967,7.8618311882019,-0.0801771134138107,-0.114578112959862,0.0104282461106777,0.290020287036896,-10.6782836914063,-2.32816481590271,-0.524306237697601,-0.562148034572601,-0.164551690220833,-0.911734461784363,-7.60078716278076,3.46562576293945,0.7255499958992,-0.0721772983670235,0.0120178638026118,17.393344494,0.209736531999995,-0.511445923999999,-0.418392489583053,-0.375118843338082,0.502270838821832
-40.6646728515625,-4.3487548828125,-367.73681640625,-37.3077392578125,-0.457763671875,-326.385498046875,0.486537247896194,-9.93852138519287,0.533814549446106,0.308279693126678,0.061132226139307,0.150711447000504,-1.1405291557312,-5.01681232452393,7.86001300811768,-0.0804455354809761,-0.114918380975723,0.0100630354136229,0.299143403768539,-10.6917972564697,-2.34526610374451,-0.517353296279907,-0.563612878322601,-0.168062105774879,-0.910867929458618,-7.58101415634155,3.46274352073669,0.722887754440308,-0.0706835314631462,0.0117065375670791,17.3612292725,0.2313618025,-0.51375302,-0.419270074688388,-0.375720160600195,0.504006254387065
-40.5502319335938,-4.23431396484375,-367.889404296875,-37.2695922851563,-0.3814697265625,-326.309204101563,0.49851131439209,-9.95521926879883,0.54442822933197,0.30715811252594,0.0614285841584206,0.149414241313934,-1.13738644123077,-5.01281642913818,7.85819482803345,-0.0807139575481415,-0.115258641541004,0.00969782564789057,0.308266490697861,-10.7053117752075,-2.3623673915863,-0.510400354862213,-0.565077722072601,-0.171572506427765,-0.910001456737518,-7.5612416267395,3.45986104011536,0.720225512981415,-0.0691897571086884,0.0113952104002237,17.329114051,0.252987073000005,-0.516060116,-0.420147659793722,-0.376321477862308,0.505741669952299
-40.435791015625,-4.119873046875,-368.0419921875,-37.2314453125,-0.30517578125,-326.23291015625,0.510485410690308,-9.97191619873047,0.555041909217834,0.306036531925201,0.0617249459028244,0.148117050528526,-1.13424360752106,-5.00882053375244,7.85637617111206,-0.0809823721647263,-0.115598909556866,0.0093326149508357,0.317389577627182,-10.718825340271,-2.3794686794281,-0.503447353839874,-0.566542565822601,-0.175082921981812,-0.909134924411774,-7.54146909713745,3.45697855949402,0.717563271522522,-0.0676959902048111,0.0110838832333684,17.2969988295,0.274612343499998,-0.518367212,-0.421025244899056,-0.376922795124421,0.507477085517532
-40.5120849609375,-4.00543212890625,-368.34716796875,-37.2695922851563,-0.34332275390625,-326.156616210938,0.522459447383881,-9.98861312866211,0.565655589103699,0.304914981126785,0.0620213039219379,0.146819859743118,-1.13110077381134,-5.00482511520386,7.85455799102783,-0.0812507942318916,-0.115939170122147,0.00896740518510342,0.326512694358826,-10.7323398590088,-2.3965699672699,-0.49649441242218,-0.568007349967957,-0.178593322634697,-0.908268392086029,-7.52169609069824,3.45409631729126,0.714901030063629,-0.0662022233009338,0.0107725560665131,17.264883608,0.296237614000002,-0.520674308,-0.421902830004391,-0.377524112386534,0.509212501082765
-40.58837890625,-3.8909912109375,-368.65234375,-37.3077392578125,-0.3814697265625,-326.080322265625,0.534433543682098,-10.0053110122681,0.576269328594208,0.303793400526047,0.0623176656663418,0.14552266895771,-1.12795805931091,-5.00082921981812,7.8527398109436,-0.081519216299057,-0.116279438138008,0.00860219448804855,0.335635781288147,-10.7458534240723,-2.41367125511169,-0.489541441202164,-0.569472193717957,-0.182103738188744,-0.907401919364929,-7.50192356109619,3.45121383666992,0.712238788604736,-0.064708448946476,0.0104612298309803,17.2327683865,0.317862884499995,-0.522981403999999,-0.422780415109725,-0.378125429648646,0.510947916647998
-40.5502319335938,-3.7384033203125,-369.033813476563,-37.384033203125,-0.34332275390625,-325.851440429688,0.546407580375671,-10.0220079421997,0.586883008480072,0.302671819925308,0.0626140236854553,0.144225478172302,-1.1248152256012,-4.99683332443237,7.85092115402222,-0.0817876309156418,-0.116619698703289,0.00823698472231627,0.344758898019791,-10.7593679428101,-2.43077254295349,-0.48258849978447,-0.570937037467957,-0.185614138841629,-0.906535387039185,-7.48215055465698,3.44833159446716,0.709576547145844,-0.0632146820425987,0.010149902664125,17.200653165,0.339488155,-0.5252885,-0.42365800021506,-0.378726746910759,0.512683332213231
-40.5120849609375,-3.5858154296875,-369.415283203125,-37.4603271484375,-0.30517578125,-325.62255859375,0.558381676673889,-10.0387048721313,0.597496688365936,0.30155023932457,0.0629103854298592,0.142928287386894,-1.12167239189148,-4.99283742904663,7.84910297393799,-0.0820560529828072,-0.116959966719151,0.0078717740252614,0.353881984949112,-10.7728815078735,-2.44787406921387,-0.475635528564453,-0.572401881217957,-0.189124554395676,-0.90566885471344,-7.46237802505493,3.44544911384583,0.706914305686951,-0.0617209151387215,0.00983857549726963,17.1685379435,0.361113425500005,-0.527595596,-0.424535585320394,-0.379328064172872,0.514418747778465
-40.7028198242188,-3.54766845703125,-369.2626953125,-37.384033203125,-0.34332275390625,-325.3173828125,0.570355713367462,-10.055401802063,0.608110368251801,0.300428688526154,0.063206747174263,0.141631081700325,-1.11852955818176,-4.98884153366089,7.84728479385376,-0.0823244750499725,-0.117300227284431,0.00750656379386783,0.363005071878433,-10.7863960266113,-2.46497535705566,-0.468682557344437,-0.573866665363312,-0.192634955048561,-0.904802322387695,-7.44260549545288,3.44256663322449,0.704252064228058,-0.0602271445095539,0.0095272483304143,17.136422722,0.382738695999998,-0.529902692,-0.425413170425728,-0.379929381434985,0.516154163343698
-40.8935546875,-3.509521484375,-369.110107421875,-37.3077392578125,-0.3814697265625,-325.01220703125,0.58232980966568,-10.0720996856689,0.61872410774231,0.299307107925415,0.0635031014680862,0.140333890914917,-1.11538684368134,-4.98484563827515,7.84546613693237,-0.0825928896665573,-0.117640495300293,0.00714135356247425,0.372128188610077,-10.7999095916748,-2.48207664489746,-0.461729615926743,-0.575331509113312,-0.196145370602608,-0.903935849666595,-7.42283248901367,3.43968439102173,0.701589822769165,-0.0587333776056767,0.00921592209488153,17.1043075005,0.404363966500002,-0.532209788,-0.426290755531063,-0.380530698697098,0.517889578908931
-40.8172607421875,-3.35693359375,-369.2626953125,-37.1551513671875,-0.3814697265625,-324.859619140625,0.594303846359253,-10.0887966156006,0.629337787628174,0.298185527324677,0.0637994632124901,0.139036700129509,-1.11224400997162,-4.9808497428894,7.84364795684814,-0.0828613117337227,-0.117980755865574,0.00677614333108068,0.381251275539398,-10.8134241104126,-2.49917793273926,-0.454776644706726,-0.576796352863312,-0.199655771255493,-0.903069317340851,-7.40305995941162,3.43680191040039,0.698927581310272,-0.0572396069765091,0.0089045949280262,17.072192279,0.425989236999995,-0.534516884,-0.427168340636397,-0.38113201595921,0.519624994474164
-40.740966796875,-3.204345703125,-369.415283203125,-37.0025634765625,-0.3814697265625,-324.70703125,0.599646985530853,-10.0919847488403,0.620407819747925,0.298725336790085,0.0645089596509933,0.138688415288925,-1.11691331863403,-4.97643184661865,7.83936023712158,-0.0830119997262955,-0.118922747671604,0.00618140678852797,0.393647849559784,-10.8101463317871,-2.51222562789917,-0.448207557201385,-0.579321980476379,-0.202319145202637,-0.893191695213318,-7.37335014343262,3.43829703330994,0.694664657115936,-0.0547319389879704,0.0083098579198122,17.0400770575,0.4476145075,-0.53682398,-0.428045925741731,-0.381733333221323,0.521360410039398
-40.8172607421875,-3.08990478515625,-369.491577148438,-37.078857421875,-0.3814697265625,-324.70703125,0.604990184307098,-10.0951728820801,0.611477911472321,0.299265176057816,0.0652184560894966,0.138340145349503,-1.12158274650574,-4.97201347351074,7.83507251739502,-0.0831626802682877,-0.119864739477634,0.00558666978031397,0.406044453382492,-10.8068695068359,-2.52527356147766,-0.441638439893723,-0.581847608089447,-0.204982534050941,-0.88331401348114,-7.34364080429077,3.4397919178009,0.6904017329216,-0.0522242747247219,0.00771512137725949,17.007961836,0.469239778000005,-0.539131076000001,-0.428923510847066,-0.382334650483436,0.523095825604631
-40.8935546875,-2.9754638671875,-369.56787109375,-37.1551513671875,-0.3814697265625,-324.70703125,0.610333323478699,-10.0983610153198,0.602547943592072,0.299804985523224,0.0659279525279999,0.137991860508919,-1.12625205516815,-4.96759557723999,7.8307843208313,-0.0833133682608604,-0.120806731283665,0.00499193323776126,0.418441027402878,-10.8035917282104,-2.53832125663757,-0.435069352388382,-0.584373235702515,-0.207645907998085,-0.873436391353607,-7.31393098831177,3.44128704071045,0.686138808727264,-0.0497166067361832,0.0071203843690455,16.9758466145,0.490865048499998,-0.541438172,-0.4298010959524,-0.382935967745549,0.524831241169864
-41.0079956054688,-3.0517578125,-370.101928710938,-37.1170043945313,-0.57220458984375,-324.249267578125,0.615676522254944,-10.1015491485596,0.593617975711823,0.300344824790955,0.0666374489665031,0.137643575668335,-1.13092136383057,-4.96317768096924,7.82649660110474,-0.0834640562534332,-0.121748723089695,0.00439719622954726,0.430837601423264,-10.8003149032593,-2.55136895179749,-0.428500264883041,-0.586898863315582,-0.21030929684639,-0.863558709621429,-7.28422164916992,3.44278192520142,0.681875824928284,-0.0472089387476444,0.00652564782649279,16.943731393,0.512490319000003,-0.543745268,-0.430678681057735,-0.383537285007662,0.526566656735098
-41.1224365234375,-3.1280517578125,-370.635986328125,-37.078857421875,-0.762939453125,-323.79150390625,0.621019661426544,-10.1047372817993,0.584688067436218,0.300884634256363,0.0673469454050064,0.137295305728912,-1.13559067249298,-4.95875930786133,7.82220888137817,-0.0836147367954254,-0.122690714895725,0.00380245945416391,0.443234175443649,-10.7970371246338,-2.56441688537598,-0.421931147575378,-0.58942449092865,-0.212972670793533,-0.853681087493896,-7.25451183319092,3.44427704811096,0.677612900733948,-0.044701274484396,0.00593091081827879,16.9116161715,0.534115589499995,-0.546052363999999,-0.431556266163069,-0.384138602269774,0.52830207230033
-41.0842895507813,-3.01361083984375,-370.4833984375,-36.9644165039063,-0.6103515625,-323.867797851563,0.626362800598145,-10.1079254150391,0.575758099555969,0.301424473524094,0.0680564418435097,0.136947020888329,-1.14026010036469,-4.95434141159058,7.81792116165161,-0.0837654247879982,-0.123632706701756,0.00320772267878056,0.455630779266357,-10.7937602996826,-2.57746458053589,-0.415362060070038,-0.591950118541718,-0.215636059641838,-0.843803465366364,-7.22480249404907,3.44577217102051,0.673349976539612,-0.0421936064958572,0.00533617427572608,16.87950095,0.55574086,-0.54835946,-0.432433851268403,-0.384739919531887,0.530037487865564
-41.046142578125,-2.899169921875,-370.330810546875,-36.8499755859375,-0.457763671875,-323.944091796875,0.63170599937439,-10.1111135482788,0.566828191280365,0.301964282989502,0.0687659382820129,0.136598736047745,-1.1449294090271,-4.94992351531982,7.81363296508789,-0.083916112780571,-0.124574705958366,0.0026129859033972,0.468027353286743,-10.7904825210571,-2.59051251411438,-0.408792942762375,-0.594475746154785,-0.218299433588982,-0.833925783634186,-7.19509267807007,3.44726705551147,0.669087052345276,-0.0396859385073185,0.00474143726751208,16.8795008625,0.555740909,-0.5483591755,-0.433448330816838,-0.385476437837338,0.531099347017991
-40.9317016601563,-2.78472900390625,-370.559692382813,-37.0025634765625,-0.64849853515625,-323.79150390625,0.63704913854599,-10.1143016815186,0.557898223400116,0.302504122257233,0.0694754347205162,0.136250466108322,-1.14959871768951,-4.94550514221191,7.80934524536133,-0.0840667933225632,-0.125516697764397,0.00201824912801385,0.480423927307129,-10.787205696106,-2.60356020927429,-0.402223855257034,-0.597001373767853,-0.220962822437286,-0.824048161506653,-7.16538333892822,3.44876217842102,0.66482412815094,-0.0371782742440701,0.00414670072495937,16.879500775,0.555740958,-0.548358891,-0.434462810365273,-0.386212956142787,0.532161206170417
-40.8172607421875,-2.6702880859375,-370.78857421875,-37.1551513671875,-0.8392333984375,-323.638916015625,0.642392337322235,-10.1174898147583,0.548968255519867,0.303043931722641,0.0701849311590195,0.135902181267738,-1.15426802635193,-4.94108724594116,7.80505752563477,-0.084217481315136,-0.126458689570427,0.00142351246904582,0.492820531129837,-10.7839279174805,-2.6166079044342,-0.395654767751694,-0.59952700138092,-0.22362619638443,-0.814170479774475,-7.13567352294922,3.45025706291199,0.660561203956604,-0.0346706062555313,0.00355196371674538,16.8795006875,0.555741007,-0.5483586065,-0.435477289913707,-0.386949474448238,0.533223065322843
-40.9698486328125,-2.74658203125,-371.017456054688,-37.0407104492188,-0.8392333984375,-323.410034179688,0.647735476493835,-10.120677947998,0.540038347244263,0.303583770990372,0.0708944275975227,0.135553896427155,-1.15893745422363,-4.93666934967041,7.8007698059082,-0.0843681693077087,-0.127400681376457,0.000828775635454804,0.5052170753479,-10.7806510925293,-2.6296558380127,-0.389085650444031,-0.602052628993988,-0.226289570331573,-0.804292857646942,-7.10596370697021,3.45175218582153,0.656298279762268,-0.0321629382669926,0.00295722694136202,16.8795006,0.555741056,-0.548358322,-0.436491769462142,-0.387685992753688,0.534284924475269
-41.1224365234375,-2.8228759765625,-371.246337890625,-36.92626953125,-0.8392333984375,-323.18115234375,0.653078615665436,-10.1238660812378,0.531108379364014,0.30412358045578,0.071603924036026,0.135205626487732,-1.16360676288605,-4.9322509765625,7.79648208618164,-0.0845188498497009,-0.128342673182487,0.000234038903727196,0.517613708972931,-10.7773733139038,-2.64270353317261,-0.38251656293869,-0.604578256607056,-0.228952959179878,-0.794415235519409,-7.07625436782837,3.45324730873108,0.652035295963287,-0.029655272141099,0.00236249016597867,16.8795005125,0.555741105,-0.5483580375,-0.437506249010577,-0.388422511059138,0.535346783627696
-41.19873046875,-2.70843505859375,-371.322631835938,-37.0025634765625,-0.8392333984375,-322.799682617188,0.658421814441681,-10.1270542144775,0.522178411483765,0.304663419723511,0.0723134204745293,0.134857341647148,-1.16827607154846,-4.92783308029175,7.79219388961792,-0.0846695378422737,-0.129284664988518,-0.000360697857104242,0.530010282993317,-10.7740964889526,-2.65575122833252,-0.37594747543335,-0.607103884220123,-0.231616333127022,-0.784537553787231,-7.04654455184937,3.45474219322205,0.647772371768951,-0.0271476060152054,0.00176775327418,16.879500425,0.555741154,-0.548357753,-0.438520728559012,-0.389159029364589,0.536408642780123
-41.2750244140625,-2.593994140625,-371.39892578125,-37.078857421875,-0.8392333984375,-322.418212890625,0.663764953613281,-10.1302423477173,0.51324850320816,0.305203229188919,0.0730229169130325,0.134509056806564,-1.17294538021088,-4.923415184021,7.78790616989136,-0.0848202258348465,-0.130226656794548,-0.000955434632487595,0.542406857013702,-10.7708187103271,-2.66879916191101,-0.369378358125687,-0.609629511833191,-0.234279721975327,-0.774659931659698,-7.01683521270752,3.45623731613159,0.643509447574615,-0.0246399398893118,0.00117301649879664,16.8795003375,0.555741203,-0.5483574685,-0.439535208107446,-0.389895547670039,0.537470501932549
-41.351318359375,-2.593994140625,-371.856689453125,-37.1932983398438,-0.87738037109375,-322.341918945313,0.669224679470062,-10.1259241104126,0.502583146095276,0.305407285690308,0.0731845796108246,0.13438680768013,-1.17403423786163,-4.92140579223633,7.78482627868652,-0.0850567147135735,-0.131188601255417,-0.00159855687525123,0.552838981151581,-10.7648677825928,-2.67661619186401,-0.363710463047028,-0.611997961997986,-0.235841423273087,-0.762595891952515,-6.98688125610352,3.4661123752594,0.638069629669189,-0.0211848616600037,0.000590762356296182,16.87950025,0.555741252,-0.548357184,-0.440549687655881,-0.390632065975489,0.538532361084975
-41.4276123046875,-2.593994140625,-372.314453125,-37.3077392578125,-0.91552734375,-322.265625,0.674800872802734,-10.1140985488892,0.490182489156723,0.305275589227676,0.0727984234690666,0.134490579366684,-1.17154252529144,-4.9218053817749,7.78295373916626,-0.0853790193796158,-0.132170483469963,-0.00229006470181048,0.561306655406952,-10.7562427520752,-2.67920231819153,-0.358943730592728,-0.614209175109863,-0.236301437020302,-0.748345494270325,-6.95668315887451,3.48436737060547,0.631452918052673,-0.0167823731899261,2.09908721444663e-05,16.8795001625,0.555741301,-0.5483568995,-0.441564167204315,-0.391368584280939,0.539594220237402
-41.19873046875,-2.40325927734375,-372.467041015625,-37.1170043945313,-0.8392333984375,-322.036743164063,0.680377125740051,-10.1022720336914,0.477781772613525,0.305143892765045,0.0724122673273087,0.134594351053238,-1.16905081272125,-4.92220497131348,7.78108167648315,-0.0857013240456581,-0.133152365684509,-0.0029815724119544,0.569774389266968,-10.7476186752319,-2.68178844451904,-0.354176998138428,-0.616420447826385,-0.236761465668678,-0.73409503698349,-6.92648506164551,3.50262260437012,0.624836206436157,-0.0123798837885261,-0.000548780604731292,16.879500075,0.55574135,-0.548356615,-0.44257864675275,-0.39210510258639,0.540656079389828
-40.9698486328125,-2.2125244140625,-372.61962890625,-36.92626953125,-0.762939453125,-321.807861328125,0.685953378677368,-10.090446472168,0.46538108587265,0.305012166500092,0.0720261111855507,0.134698137640953,-1.16655910015106,-4.92260456085205,7.77920961380005,-0.0860236287117004,-0.134134247899055,-0.00367308012209833,0.578242063522339,-10.7389936447144,-2.68437457084656,-0.349410265684128,-0.618631660938263,-0.237221494317055,-0.7198446393013,-6.89628744125366,3.52087783813477,0.618219494819641,-0.00797739438712597,-0.0011185520561412,16.8794999875,0.555741399,-0.5483563305,-0.443593126301185,-0.39284162089184,0.541717938542255
-41.1605834960938,-2.2125244140625,-372.61962890625,-37.078857421875,-0.8392333984375,-321.426391601563,0.69152957201004,-10.0786209106445,0.452980399131775,0.30488047003746,0.0716399550437927,0.134801909327507,-1.16406738758087,-4.92300415039063,7.77733707427979,-0.0863459259271622,-0.135116130113602,-0.00436458783224225,0.58670973777771,-10.7303686141968,-2.68696069717407,-0.344643533229828,-0.62084287405014,-0.23768150806427,-0.70559424161911,-6.86608934402466,3.53913283348083,0.611602783203125,-0.00357490521855652,-0.00168832356575876,16.8794999,0.555741448,-0.548356046,-0.444607605849619,-0.39357813919729,0.542779797694681
-41.351318359375,-2.2125244140625,-372.61962890625,-37.2314453125,-0.91552734375,-321.044921875,0.697105824947357,-10.0667943954468,0.4405797123909,0.304748773574829,0.0712537914514542,0.134905681014061,-1.16157567501068,-4.9234037399292,7.77546501159668,-0.0866682305932045,-0.136098012328148,-0.00505609577521682,0.595177471637726,-10.7217435836792,-2.68954706192017,-0.339876800775528,-0.623054146766663,-0.238141536712646,-0.691343784332275,-6.83589124679565,3.55738806724548,0.604986071586609,0.000827583717182279,-0.00225809519179165,16.8794998125,0.555741497,-0.5483557615,-0.445622085398054,-0.394314657502741,0.543841656847108
-41.4276123046875,-2.0599365234375,-372.772216796875,-37.0407104492188,-1.068115234375,-320.968627929688,0.702682077884674,-10.0549688339233,0.428179025650024,0.304617047309875,0.0708676353096962,0.135009452700615,-1.15908396244049,-4.92380332946777,7.77359294891357,-0.0869905352592468,-0.137079894542694,-0.00574760371819139,0.603645145893097,-10.7131185531616,-2.69213318824768,-0.335110068321228,-0.62526535987854,-0.238601565361023,-0.677093386650085,-6.80569314956665,3.57564330101013,0.598369359970093,0.00523007288575172,-0.00282786670140922,16.879499725,0.555741546,-0.548355477,-0.446636564946489,-0.395051175808191,0.544903515999534
-41.50390625,-1.9073486328125,-372.9248046875,-36.8499755859375,-1.220703125,-320.892333984375,0.708258271217346,-10.0431432723999,0.415778309106827,0.304485350847244,0.0704814791679382,0.135113224387169,-1.15659213066101,-4.92420244216919,7.77172040939331,-0.0873128399252892,-0.13806177675724,-0.00643911119550467,0.612112820148468,-10.7044944763184,-2.6947193145752,-0.330343335866928,-0.627476572990417,-0.239061579108238,-0.662842988967896,-6.77549505233765,3.5938982963562,0.591752648353577,0.00963256135582924,-0.00339763797819614,16.8794996375,0.555741595,-0.5483551925,-0.447651044494924,-0.395787694113641,0.54596537515196
-41.4657592773438,-1.8310546875,-373.077392578125,-36.9644165039063,-1.18255615234375,-320.968627929688,0.713834524154663,-10.0313167572021,0.403377622365952,0.304353654384613,0.0700953230261803,0.135216996073723,-1.15410041809082,-4.92460203170776,7.76984834671021,-0.0876351371407509,-0.139043658971786,-0.00713061913847923,0.620580554008484,-10.6958694458008,-2.69730544090271,-0.325576603412628,-0.62968784570694,-0.239521607756615,-0.648592531681061,-6.74529695510864,3.61215353012085,0.585135936737061,0.0140350507572293,-0.00396740948781371,16.87949955,0.555741644,-0.548354908,-0.448665524043359,-0.396524212419091,0.547027234304387
-41.4276123046875,-1.7547607421875,-373.22998046875,-37.078857421875,-1.1444091796875,-321.044921875,0.719410717487335,-10.0194911956787,0.390976935625076,0.304221928119659,0.0697091668844223,0.135320767760277,-1.15160870552063,-4.92500162124634,7.76797580718994,-0.0879574418067932,-0.140025556087494,-0.0078221270814538,0.629048228263855,-10.6872444152832,-2.69989156723022,-0.320809870958328,-0.631899058818817,-0.23998162150383,-0.634342133998871,-6.71509885787964,3.63040852546692,0.578519225120544,0.0184375401586294,-0.00453718099743128,16.8794994625,0.555741693,-0.5483546235,-0.449680003591793,-0.397260730724541,0.548089093456813
-41.6946411132813,-1.71661376953125,-373.687744140625,-36.9644165039063,-1.33514404296875,-320.73974609375,0.724986970424652,-10.0076656341553,0.378576248884201,0.304090231657028,0.0693230107426643,0.135424554347992,-1.14911699295044,-4.92540121078491,7.76610374450684,-0.0882797464728355,-0.14100743830204,-0.00851363502442837,0.637515902519226,-10.6786193847656,-2.70247769355774,-0.316043138504028,-0.634110271930695,-0.240441650152206,-0.620091736316681,-6.68490123748779,3.64866375923157,0.571902513504028,0.0228400286287069,-0.00510695250704885,16.879499375,0.555741742,-0.548354339,-0.450694483140228,-0.397997249029992,0.54915095260924
-41.961669921875,-1.678466796875,-374.1455078125,-36.8499755859375,-1.52587890625,-320.4345703125,0.730563223361969,-9.99584007263184,0.366175532341003,0.303958535194397,0.0689368471503258,0.135528326034546,-1.14662528038025,-4.92580080032349,7.76423168182373,-0.0886020511388779,-0.141989320516586,-0.00920514203608036,0.645983576774597,-10.6699953079224,-2.70506405830383,-0.311276406049728,-0.636321485042572,-0.240901678800583,-0.605841338634491,-6.65470314025879,3.66691899299622,0.565285801887512,0.0272425170987844,-0.00567672401666641,16.8794992875,0.555741791,-0.5483540545,-0.451708962688662,-0.398733767335442,0.550212811761666
-41.8853759765625,-1.52587890625,-374.374389648438,-36.8118286132813,-1.56402587890625,-320.281982421875,0.736139416694641,-9.98401355743408,0.353774845600128,0.303826808929443,0.0685506910085678,0.1356320977211,-1.14413356781006,-4.92620038986206,7.76235914230347,-0.0889243483543396,-0.142971202731133,-0.00989664997905493,0.654451310634613,-10.6613702774048,-2.70765018463135,-0.306509673595428,-0.638532757759094,-0.241361692547798,-0.591590881347656,-6.62450504302979,3.68517398834229,0.558669090270996,0.0316450074315071,-0.00624649552628398,16.8794992,0.55574184,-0.54835377,-0.452723442237097,-0.399470285640892,0.551274670914093
-41.80908203125,-1.373291015625,-374.603271484375,-36.773681640625,-1.6021728515625,-320.12939453125,0.741715669631958,-9.97218799591064,0.341374158859253,0.303695112466812,0.0681645348668098,0.135735869407654,-1.14164185523987,-4.92659997940063,7.76048707962036,-0.0892466530203819,-0.143953084945679,-0.0105881579220295,0.662918984889984,-10.6527452468872,-2.71023631095886,-0.301742941141129,-0.640743970870972,-0.241821721196175,-0.577340483665466,-6.59430694580078,3.70342922210693,0.55205237865448,0.0360474959015846,-0.00681626703590155,16.879150597,0.5557463815,-0.548263127,-0.453490606057212,-0.400238446978862,0.551487560754321
-41.8472290039063,-1.41143798828125,-374.908447265625,-36.7355346679688,-1.52587890625,-320.053100585938,0.757959544658661,-9.96085071563721,0.330023914575577,0.302856922149658,0.0671507120132446,0.135589197278023,-1.13851237297058,-4.94124555587769,7.7605185508728,-0.0891538634896278,-0.144412115216255,-0.0109933000057936,0.671382248401642,-10.6329231262207,-2.70612835884094,-0.297528952360153,-0.641150176525116,-0.239795118570328,-0.565181970596313,-6.57820606231689,3.71572256088257,0.545730888843536,0.0413611084222794,-0.00815936829894781,16.878801994,0.555750923,-0.548172484,-0.454257769877326,-0.40100660831683,0.55170045059455
-41.8853759765625,-1.4495849609375,-375.213623046875,-36.6973876953125,-1.4495849609375,-319.976806640625,0.774203360080719,-9.94951438903809,0.318673640489578,0.302018731832504,0.06613689661026,0.135442510247231,-1.13538289070129,-4.95589065551758,7.76055002212524,-0.0890610814094543,-0.144871145486832,-0.0113984420895576,0.6798455119133,-10.6131010055542,-2.70202016830444,-0.293314963579178,-0.641556322574615,-0.237768515944481,-0.553023457527161,-6.56210517883301,3.72801613807678,0.539409399032593,0.0466747209429741,-0.00950246956199408,16.878453391,0.5557554645,-0.548081841,-0.455024933697441,-0.4017747696548,0.551913340434779
-41.9235229492188,-1.068115234375,-375.747680664063,-36.7355346679688,-1.71661376953125,-319.747924804688,0.790447235107422,-9.93817710876465,0.307323396205902,0.301180511713028,0.0651230737566948,0.135295838117599,-1.13225340843201,-4.97053623199463,7.76058149337769,-0.0889682918787003,-0.145330175757408,-0.0118035832419991,0.688308775424957,-10.5932788848877,-2.69791221618652,-0.289101004600525,-0.64196252822876,-0.235741913318634,-0.540865004062653,-6.54600429534912,3.74030947685242,0.533087909221649,0.0519883334636688,-0.0108455708250403,16.878104788,0.555760006,-0.547991198,-0.455792097517556,-0.402542930992768,0.552126230275007
-41.961669921875,-0.6866455078125,-376.28173828125,-36.773681640625,-1.983642578125,-319.51904296875,0.806691110134125,-9.92683982849121,0.295973151922226,0.300342321395874,0.0641092509031296,0.135149165987968,-1.12912404537201,-4.98518180847168,7.76061248779297,-0.0888755023479462,-0.145789206027985,-0.0122087253257632,0.696772038936615,-10.5734567642212,-2.69380402565002,-0.28488701581955,-0.642368674278259,-0.233715310692787,-0.5287064909935,-6.52990341186523,3.75260281562805,0.526766419410706,0.0573019459843636,-0.0121886720880866,16.877756185,0.5557645475,-0.547900555,-0.45655926133767,-0.403311092330738,0.552339120115236
-41.8853759765625,-0.762939453125,-376.663208007813,-36.6592407226563,-1.983642578125,-319.442749023438,0.822934925556183,-9.91550350189209,0.28462290763855,0.29950413107872,0.063095435500145,0.135002493858337,-1.12599456310272,-4.99982690811157,7.76064395904541,-0.0887827128171921,-0.146248236298561,-0.0126138674095273,0.705235302448273,-10.5536346435547,-2.6896960735321,-0.280673027038574,-0.642774879932404,-0.23168870806694,-0.516547977924347,-6.51380252838135,3.76489639282227,0.520444929599762,0.0626155585050583,-0.0135317733511329,16.877407582,0.555769089,-0.547809912,-0.457326425157785,-0.404079253668707,0.552552009955465
-41.80908203125,-0.8392333984375,-377.044677734375,-36.5447998046875,-1.983642578125,-319.366455078125,0.839178800582886,-9.90416622161865,0.273272633552551,0.298665940761566,0.0620816126465797,0.134855806827545,-1.12286508083344,-5.01447248458862,7.76067543029785,-0.0886899307370186,-0.146707266569138,-0.0130190094932914,0.71369856595993,-10.5338125228882,-2.68558788299561,-0.276459038257599,-0.643181085586548,-0.229662105441093,-0.504389464855194,-6.49770164489746,3.7771897315979,0.514123439788818,0.067929171025753,-0.0148748746141791,16.877058979,0.5557736305,-0.547719269,-0.4580935889779,-0.404847415006676,0.552764899795693
-41.961669921875,-0.72479248046875,-377.426147460938,-36.6592407226563,-1.983642578125,-318.90869140625,0.855422675609589,-9.89282989501953,0.261922389268875,0.297827750444412,0.0610677935183048,0.134709134697914,-1.11973559856415,-5.02911758422852,7.76070690155029,-0.0885971412062645,-0.147166296839714,-0.0134241506457329,0.722161769866943,-10.5139904022217,-2.68147993087769,-0.272245049476624,-0.643587231636047,-0.227635502815247,-0.492230981588364,-6.48160123825073,3.78948330879211,0.50780189037323,0.0732427835464478,-0.016217976808548,16.876710376,0.555778172,-0.547628626,-0.458860752798014,-0.405615576344645,0.552977789635922
-42.1142578125,-0.6103515625,-377.8076171875,-36.773681640625,-1.983642578125,-318.450927734375,0.871666491031647,-9.88149261474609,0.250572144985199,0.296989560127258,0.0600539706647396,0.134562462568283,-1.11660611629486,-5.04376316070557,7.76073837280273,-0.0885043516755104,-0.147625327110291,-0.013829292729497,0.730625033378601,-10.4941682815552,-2.67737174034119,-0.268031060695648,-0.643993437290192,-0.2256089001894,-0.480072498321533,-6.46550035476685,3.80177664756775,0.501480400562286,0.0785563960671425,-0.0175610780715942,16.876361773,0.5557827135,-0.547537983,-0.459627916618129,-0.406383737682614,0.553190679476151
-42.1905517578125,-0.5340576171875,-377.960205078125,-36.62109375,-1.983642578125,-318.832397460938,0.88791036605835,-9.87015533447266,0.239221885800362,0.296151340007782,0.0590401515364647,0.134415790438652,-1.11347663402557,-5.05840873718262,7.76076984405518,-0.0884115695953369,-0.148084357380867,-0.014234434813261,0.739088296890259,-10.4743461608887,-2.67326378822327,-0.263817101716995,-0.644399583339691,-0.223582297563553,-0.46791398525238,-6.44939947128296,3.81406998634338,0.495158940553665,0.0838700085878372,-0.0189041793346405,16.87601317,0.555787255,-0.54744734,-0.460395080438244,-0.407151899020583,0.553403569316379
-42.266845703125,-0.457763671875,-378.11279296875,-36.468505859375,-1.983642578125,-319.2138671875,0.904154241085052,-9.85881900787354,0.227871641516685,0.295313149690628,0.0580263324081898,0.13426910340786,-1.11034715175629,-5.07305383682251,7.76080131530762,-0.0883187800645828,-0.148543387651443,-0.0146395768970251,0.747551560401917,-10.4545240402222,-2.66915583610535,-0.25960311293602,-0.644805788993835,-0.221555694937706,-0.455755472183228,-6.43329858779907,3.8263635635376,0.488837450742722,0.089183621108532,-0.0202472805976868,16.875664567,0.5557917965,-0.547356697,-0.461162244258358,-0.407920060358552,0.553616459156608
-42.3431396484375,-0.30517578125,-378.570556640625,-36.4303588867188,-1.8310546875,-318.832397460938,0.920398056507111,-9.8474817276001,0.216521382331848,0.294474959373474,0.0570125095546246,0.134122431278229,-1.10721778869629,-5.08769941329956,7.7608323097229,-0.0882259905338287,-0.14900241792202,-0.0150447189807892,0.756014823913574,-10.4347019195557,-2.66504764556885,-0.255389124155045,-0.64521199464798,-0.219529092311859,-0.443596988916397,-6.41719770431519,3.83865690231323,0.482515931129456,0.0944972336292267,-0.021590381860733,16.875315964,0.555796338,-0.547266054,-0.461929408078473,-0.408688221696521,0.553829348996837
-42.41943359375,-0.152587890625,-379.0283203125,-36.3922119140625,-1.678466796875,-318.450927734375,0.936641931533813,-9.83614444732666,0.205171138048172,0.29363676905632,0.0559986904263496,0.133975759148598,-1.104088306427,-5.10234498977661,7.76086378097534,-0.0881332084536552,-0.149461448192596,-0.0154498601332307,0.764478087425232,-10.4148797988892,-2.66093969345093,-0.251175135374069,-0.645618140697479,-0.217502489686012,-0.431438475847244,-6.4010968208313,3.85095024108887,0.476194441318512,0.0998108461499214,-0.0229334831237793,16.874967361,0.5558008795,-0.547175411,-0.462696571898587,-0.40945638303449,0.554042238837065
-42.3812866210938,-0.2288818359375,-379.257202148438,-36.31591796875,-1.79290771484375,-318.145751953125,0.952885806560516,-9.82480812072754,0.193820878863335,0.292798578739166,0.0549848712980747,0.133829087018967,-1.10095882415771,-5.1169900894165,7.76089525222778,-0.0880404189229012,-0.149920478463173,-0.0158550031483173,0.77294135093689,-10.3950576782227,-2.65683150291443,-0.246961161494255,-0.646024346351624,-0.215475887060165,-0.419279992580414,-6.38499593734741,3.86324381828308,0.469872951507568,0.105124458670616,-0.0242765843868256,16.874618758,0.555805421,-0.547084768,-0.463463735718702,-0.410224544372459,0.554255128677294
-42.3431396484375,-0.30517578125,-379.486083984375,-36.2396240234375,-1.9073486328125,-317.840576171875,0.966065585613251,-9.81372261047363,0.178773626685143,0.291967362165451,0.0545652434229851,0.133607059717178,-1.09637260437012,-5.13107013702393,7.76232051849365,-0.0879062116146088,-0.150125056505203,-0.0159717686474323,0.782565116882324,-10.373345375061,-2.64965271949768,-0.242643460631371,-0.645518481731415,-0.212553232908249,-0.40999048948288,-6.37529754638672,3.870441198349,0.463798999786377,0.11004438996315,-0.026010325178504,16.874270155,0.5558099625,-0.546994125,-0.464230899538817,-0.410992705710428,0.554468018517523
-42.3431396484375,-0.19073486328125,-379.714965820313,-36.2396240234375,-1.983642578125,-317.68798828125,0.976181268692017,-9.80288887023926,0.160029381513596,0.291143149137497,0.0547398142516613,0.133309707045555,-1.09032952785492,-5.14458417892456,7.76514005661011,-0.0877305939793587,-0.150075182318687,-0.0158001594245434,0.793349325656891,-10.3497428894043,-2.63940286636353,-0.238222032785416,-0.644100606441498,-0.208734542131424,-0.403569996356964,-6.37200164794922,3.8725426197052,0.457972586154938,0.114570640027523,-0.0281347073614597,16.873921552,0.555814504,-0.546903482,-0.464998063358932,-0.411760867048397,0.554680908357752
-42.3431396484375,-0.0762939453125,-379.94384765625,-36.2396240234375,-2.0599365234375,-317.535400390625,0.986296951770782,-9.79205513000488,0.141285136342049,0.29031890630722,0.0549143850803375,0.133012354373932,-1.08428657054901,-5.15809869766235,7.76795959472656,-0.087554968893528,-0.150025308132172,-0.0156285520642996,0.804133534431458,-10.3261404037476,-2.62915301322937,-0.233800604939461,-0.642682731151581,-0.204915851354599,-0.397149503231049,-6.36870574951172,3.87464427947998,0.452146202325821,0.119096882641315,-0.0302590895444155,16.873572949,0.5558190455,-0.546812839,-0.465765227179046,-0.412529028386366,0.55489379819798
-42.4575805664063,0.152587890625,-380.2490234375,-36.163330078125,-2.09808349609375,-317.3828125,0.996412634849548,-9.78122234344482,0.122540891170502,0.289494693279266,0.0550889559090137,0.132715001702309,-1.07824349403381,-5.17161273956299,7.77077913284302,-0.0873793438076973,-0.149975433945656,-0.0154569428414106,0.814917743206024,-10.3025379180908,-2.61890316009521,-0.229379177093506,-0.641264855861664,-0.201097160577774,-0.390729010105133,-6.36541032791138,3.87674570083618,0.446319788694382,0.123623132705688,-0.0323834717273712,16.873224346,0.555823587,-0.546722196,-0.466532390999161,-0.413297189724335,0.555106688038209
-42.572021484375,0.3814697265625,-380.55419921875,-36.0870361328125,-2.13623046875,-317.230224609375,1.00652837753296,-9.77038860321045,0.103796645998955,0.288670480251312,0.0552635230123997,0.132417649030685,-1.07220053672791,-5.18512678146362,7.77359819412231,-0.0872037261724472,-0.14992555975914,-0.0152853336185217,0.825701951980591,-10.2789354324341,-2.60865330696106,-0.224957749247551,-0.639846980571747,-0.197278469800949,-0.384308516979218,-6.36211442947388,3.87884712219238,0.440493375062943,0.128149375319481,-0.0345078520476818,16.872875743,0.5558281285,-0.546631553,-0.467299554819275,-0.414065351062304,0.555319577878437
-42.4957275390625,0.49591064453125,-381.088256835938,-36.163330078125,-2.0599365234375,-317.001342773438,1.01664400100708,-9.75955486297607,0.0850524008274078,0.287846237421036,0.0554380938410759,0.132120296359062,-1.066157579422,-5.19864130020142,7.77641773223877,-0.0870281010866165,-0.149875670671463,-0.0151137253269553,0.836486160755157,-10.2553329467773,-2.59840369224548,-0.220536336302757,-0.63842910528183,-0.193459779024124,-0.377888023853302,-6.35881853103638,3.88094854354858,0.434666961431503,0.132675617933273,-0.0366322360932827,16.87252714,0.55583267,-0.54654091,-0.46806671863939,-0.414833512400274,0.555532467718666
-42.41943359375,0.6103515625,-381.622314453125,-36.2396240234375,-1.983642578125,-316.7724609375,1.02675974369049,-9.7487211227417,0.0663081556558609,0.287022024393082,0.0556126646697521,0.131822943687439,-1.0601145029068,-5.21215534210205,7.77923727035522,-0.0868524760007858,-0.149825796484947,-0.0149421161040664,0.847270369529724,-10.2317304611206,-2.58815383911133,-0.216114908456802,-0.637011229991913,-0.189641088247299,-0.371467530727386,-6.35552263259888,3.88304996490479,0.428840547800064,0.137201860547066,-0.0387566164135933,16.87252545,0.5558324985,-0.546536851,-0.468728884199396,-0.415653673986159,0.55483966163965
-42.4957275390625,0.91552734375,-382.156372070313,-36.2014770507813,-2.02178955078125,-316.619873046875,1.03687536716461,-9.73788738250732,0.0475639067590237,0.286197811365128,0.0557872354984283,0.131525591015816,-1.05407154560089,-5.22566986083984,7.78205680847168,-0.0866768583655357,-0.149775922298431,-0.0147705078125,0.858054578304291,-10.2081279754639,-2.57790398597717,-0.211693480610847,-0.635593354701996,-0.185822412371635,-0.365047037601471,-6.35222673416138,3.88515162467957,0.423014163970947,0.141728118062019,-0.0408810004591942,16.87252376,0.555832327,-0.546532792,-0.469391049759402,-0.416473835572043,0.554146855560633
-42.572021484375,1.220703125,-382.6904296875,-36.163330078125,-2.0599365234375,-316.46728515625,1.04699110984802,-9.72705364227295,0.0288196578621864,0.285373568534851,0.0559618026018143,0.131228238344193,-1.04802846908569,-5.23918390274048,7.78487586975098,-0.086501233279705,-0.149726048111916,-0.0145988985896111,0.868838787078857,-10.1845254898071,-2.56765413284302,-0.207272052764893,-0.634175479412079,-0.18200372159481,-0.358626544475555,-6.34893083572388,3.88725304603577,0.417187750339508,0.146254360675812,-0.0430053807795048,16.87252207,0.5558321555,-0.546528733,-0.470053215319408,-0.417293997157928,0.553454049481617
-42.6483154296875,1.068115234375,-382.919311523438,-36.0870361328125,-2.2125244140625,-316.46728515625,1.05710685253143,-9.71621990203857,0.0100754117593169,0.284549355506897,0.0561363734304905,0.130930870771408,-1.04198551177979,-5.25269794464111,7.78769540786743,-0.086325615644455,-0.1496761739254,-0.0144272902980447,0.879622995853424,-10.1609230041504,-2.55740427970886,-0.202850624918938,-0.632757604122162,-0.178185030817986,-0.35220605134964,-6.34563493728638,3.88935446739197,0.411361336708069,0.150780603289604,-0.0451297610998154,16.87252038,0.555831984,-0.546524674,-0.470715380879414,-0.418114158743813,0.552761243402601
-42.724609375,0.91552734375,-383.148193359375,-36.0107421875,-2.3651123046875,-316.46728515625,1.06722247600555,-9.70538711547852,-0.00866883527487516,0.283725142478943,0.0563109442591667,0.130633518099785,-1.03594243526459,-5.26621246337891,7.79051494598389,-0.0861499905586243,-0.149626299738884,-0.0142556810751557,0.890407204627991,-10.1373205184937,-2.54715442657471,-0.198429197072983,-0.631339728832245,-0.174366340041161,-0.345785558223724,-6.34233951568604,3.89145588874817,0.40553492307663,0.155306845903397,-0.0472541451454163,16.87251869,0.5558318125,-0.546520615,-0.47137754643942,-0.418934320329698,0.552068437323584
-42.8390502929688,1.373291015625,-383.758544921875,-36.1251831054688,-2.288818359375,-316.238403320313,1.07733821868896,-9.69455337524414,-0.0274130813777447,0.282900929450989,0.0564855150878429,0.130336165428162,-1.02989947795868,-5.27972650527954,7.79333448410034,-0.0859743654727936,-0.149576410651207,-0.0140840727835894,0.901191413402557,-10.1137180328369,-2.53690481185913,-0.194007784128189,-0.629921853542328,-0.170547649264336,-0.339365065097809,-6.33904361724854,3.89355754852295,0.399708539247513,0.15983310341835,-0.0493785254657269,16.872517,0.555831641,-0.546516556,-0.472039711999427,-0.419754481915583,0.551375631244567
-42.9534912109375,1.8310546875,-384.368896484375,-36.2396240234375,-2.2125244140625,-316.009521484375,1.08745384216309,-9.68371963500977,-0.0461573302745819,0.282076686620712,0.0566600821912289,0.130038812756538,-1.02385640144348,-5.29324102401733,7.79615354537964,-0.0857987478375435,-0.149526536464691,-0.0139124635607004,0.911975622177124,-10.0901155471802,-2.52665495872498,-0.189586356282234,-0.628503978252411,-0.166728958487511,-0.332944571971893,-6.33574771881104,3.89565896987915,0.393882125616074,0.164359346032143,-0.0515029095113277,16.87251531,0.5558314695,-0.546512497,-0.472701877559432,-0.420574643501468,0.550682825165551
-42.877197265625,1.79290771484375,-384.674072265625,-36.163330078125,-2.288818359375,-315.399169921875,1.0975695848465,-9.67288589477539,-0.0649015754461288,0.281252473592758,0.0568346530199051,0.129741460084915,-1.01781344413757,-5.30675506591797,7.79897308349609,-0.0856231227517128,-0.149476662278175,-0.013740855269134,0.922759830951691,-10.0665130615234,-2.51640510559082,-0.185164928436279,-0.627086102962494,-0.162910267710686,-0.326524078845978,-6.33245182037354,3.89776039123535,0.388055711984634,0.168885588645935,-0.0536272898316383,16.87251362,0.555831298,-0.546508438,-0.473364043119439,-0.421394805087353,0.549990019086534
-42.8009033203125,1.7547607421875,-384.979248046875,-36.0870361328125,-2.3651123046875,-314.788818359375,1.10118424892426,-9.67092800140381,-0.0732311457395554,0.280159801244736,0.0576908215880394,0.129426121711731,-1.02003085613251,-5.31005096435547,7.79868602752686,-0.0851611196994781,-0.149623334407806,-0.0135472575202584,0.931645512580872,-10.052059173584,-2.50305676460266,-0.182071387767792,-0.62466424703598,-0.157758235931396,-0.317997932434082,-6.34351873397827,3.89392614364624,0.3818139731884,0.172716498374939,-0.0559134483337402,16.87251193,0.5558311265,-0.546504379,-0.474026208679445,-0.422214966673238,0.549297213007518
-42.9153442382813,1.86920166015625,-385.43701171875,-35.9725952148438,-2.47955322265625,-314.865112304688,1.10479879379272,-9.66896915435791,-0.0815607160329819,0.279067128896713,0.0585469901561737,0.129110798239708,-1.02224838733673,-5.31334733963013,7.79839897155762,-0.0846991166472435,-0.149770006537437,-0.0133536597713828,0.940531253814697,-10.0376062393188,-2.48970818519592,-0.178977862000465,-0.622242450714111,-0.152606204152107,-0.309471815824509,-6.35458564758301,3.89009213447571,0.375572204589844,0.176547423005104,-0.0581996068358421,16.87251024,0.555830955,-0.54650032,-0.474688374239451,-0.423035128259123,0.548604406928502
-43.02978515625,1.983642578125,-385.894775390625,-35.858154296875,-2.593994140625,-314.94140625,1.10841345787048,-9.66701126098633,-0.0898902863264084,0.277974456548691,0.059403158724308,0.128795459866524,-1.02446579933167,-5.31664323806763,7.79811191558838,-0.0842371135950089,-0.149916678667068,-0.0131600629538298,0.949416935443878,-10.0231523513794,-2.47635984420776,-0.175884321331978,-0.619820594787598,-0.147454172372818,-0.300945669412613,-6.36565256118774,3.8862578868866,0.36933046579361,0.180378332734108,-0.0604857690632343,16.87250855,0.5558307835,-0.546496261,-0.475350539799457,-0.423855289845008,0.547911600849485
-43.1060791015625,1.9073486328125,-386.04736328125,-35.7818603515625,-2.6702880859375,-315.017700195313,1.11202812194824,-9.66505336761475,-0.0982198491692543,0.276881814002991,0.0602593272924423,0.12848012149334,-1.0266832113266,-5.31993961334229,7.79782438278198,-0.0837751105427742,-0.1500633507967,-0.0129664652049541,0.958302617073059,-10.0086984634399,-2.46301126480103,-0.17279078066349,-0.617398738861084,-0.142302140593529,-0.29241955280304,-6.37671947479248,3.88242363929749,0.363088697195053,0.184209242463112,-0.0627719238400459,16.87250686,0.555830612,-0.546492202,-0.476012705359463,-0.424675451430893,0.547218794770469
-43.182373046875,1.8310546875,-386.199951171875,-35.70556640625,-2.74658203125,-315.093994140625,1.11564266681671,-9.66309547424316,-0.106549419462681,0.275789141654968,0.0611154958605766,0.128164798021317,-1.02890074253082,-5.32323551177979,7.79753732681274,-0.0833131074905396,-0.150210008025169,-0.0127728674560785,0.96718829870224,-9.99424457550049,-2.44966292381287,-0.169697254896164,-0.614976942539215,-0.13715010881424,-0.283893406391144,-6.38778638839722,3.87858963012695,0.356846958398819,0.188040152192116,-0.0650580897927284,16.87250517,0.5558304405,-0.546488143,-0.476674870919469,-0.425495613016778,0.546525988691452
-43.2586669921875,1.94549560546875,-386.581420898438,-35.7818603515625,-2.78472900390625,-314.712524414063,1.11925733089447,-9.66113662719727,-0.114878989756107,0.274696469306946,0.0619716644287109,0.127849459648132,-1.03111815452576,-5.32653188705444,7.79725027084351,-0.0828511044383049,-0.1503566801548,-0.0125792697072029,0.976074039936066,-9.97979164123535,-2.43631458282471,-0.166603714227676,-0.612555086612701,-0.13199807703495,-0.275367259979248,-6.39885330200195,3.87475538253784,0.350605189800262,0.191871076822281,-0.0673442482948303,16.87250348,0.555830269,-0.546484084,-0.477337036479475,-0.426315774602662,0.545833182612436
-43.3349609375,2.0599365234375,-386.962890625,-35.858154296875,-2.8228759765625,-314.3310546875,1.12287187576294,-9.65917873382568,-0.123208560049534,0.273603796958923,0.0628278329968452,0.127534136176109,-1.03333556652069,-5.32982778549194,7.79696321487427,-0.0823891013860703,-0.150503352284431,-0.0123856728896499,0.984959721565247,-9.9653377532959,-2.42296600341797,-0.16351018846035,-0.610133290290833,-0.126846060156822,-0.266841143369675,-6.40992021560669,3.87092137336731,0.344363451004028,0.195701986551285,-0.0696304067969322,16.87250179,0.5558300975,-0.546480025,-0.477999202039481,-0.427135936188547,0.545140376533419
-43.2968139648438,2.09808349609375,-387.344360351563,-35.7818603515625,-2.78472900390625,-314.407348632813,1.1264865398407,-9.6572208404541,-0.13153812289238,0.272511124610901,0.0636840015649796,0.127218797802925,-1.03555309772491,-5.3331241607666,7.79667615890503,-0.0819270983338356,-0.150650024414063,-0.0121920751407743,0.993845403194427,-9.95088386535645,-2.40961766242981,-0.160416647791862,-0.607711434364319,-0.121694020926952,-0.258314996957779,-6.42098712921143,3.8670871257782,0.338121682405472,0.199532896280289,-0.0719165652990341,16.8725001,0.555829926,-0.546475966,-0.478661367599488,-0.427956097774433,0.544447570454403
-43.2586669921875,2.13623046875,-387.725830078125,-35.70556640625,-2.74658203125,-314.483642578125,1.13010120391846,-9.65526294708252,-0.139867693185806,0.271418452262878,0.0645401701331139,0.126903459429741,-1.03777050971985,-5.3364200592041,7.79638910293579,-0.081465095281601,-0.150796696543694,-0.0119984773918986,1.00273108482361,-9.93643093109131,-2.39626908302307,-0.157323107123375,-0.605289578437805,-0.116541989147663,-0.249788865447044,-6.43205404281616,3.86325287818909,0.331879943609238,0.203363820910454,-0.074202723801136,16.87249841,0.5558297545,-0.546471907,-0.479323533159493,-0.428776259360317,0.543754764375387
-43.3731079101563,2.3651123046875,-387.87841796875,-35.6674194335938,-2.74658203125,-314.102172851563,1.13371574878693,-9.65330410003662,-0.148197263479233,0.270325779914856,0.0653963387012482,0.126588135957718,-1.03998792171478,-5.3397159576416,7.79610204696655,-0.0810030922293663,-0.150943368673325,-0.011804879643023,1.01161682605743,-9.92197704315186,-2.38292074203491,-0.154229581356049,-0.602867782115936,-0.111389957368374,-0.24126273393631,-6.4431209564209,3.85941886901855,0.325638204813004,0.207194730639458,-0.0764888823032379,16.87249672,0.555829583,-0.546467848,-0.4799856987195,-0.429596420946202,0.54306195829637
-43.487548828125,2.593994140625,-388.031005859375,-35.6292724609375,-2.74658203125,-313.720703125,1.13733041286469,-9.65134620666504,-0.156526833772659,0.269233137369156,0.0662525072693825,0.126272797584534,-1.04220545291901,-5.34301233291626,7.79581451416016,-0.0805410891771317,-0.151090040802956,-0.0116112818941474,1.02050244808197,-9.9075231552124,-2.36957240104675,-0.151136040687561,-0.600445926189423,-0.106237933039665,-0.232736602425575,-6.45418787002563,3.85558462142944,0.319396436214447,0.211025640368462,-0.0787750408053398,16.87249503,0.5558294115,-0.546463789,-0.480647864279506,-0.430416582532087,0.542369152217354
-43.3731079101563,2.55584716796875,-388.565063476563,-35.5911254882813,-2.8228759765625,-313.796997070313,1.14094507694244,-9.64938831329346,-0.164856404066086,0.268140465021133,0.0671086758375168,0.125957459211349,-1.04442286491394,-5.34630823135376,7.79552745819092,-0.080079086124897,-0.151236712932587,-0.0114176850765944,1.0293881893158,-9.89307022094727,-2.35622382164001,-0.148042500019073,-0.598024070262909,-0.101085901260376,-0.224210470914841,-6.46525478363037,3.85175037384033,0.313154697418213,0.214856564998627,-0.0810611993074417,16.87249334,0.55582924,-0.54645973,-0.481310029839512,-0.431236744117972,0.541676346138337
-43.2586669921875,2.5177001953125,-389.09912109375,-35.552978515625,-2.899169921875,-313.873291015625,1.14455962181091,-9.64743041992188,-0.173185974359512,0.267047792673111,0.0679648444056511,0.125642135739326,-1.04664027690887,-5.34960460662842,7.79524040222168,-0.0796170830726624,-0.151383385062218,-0.0112240873277187,1.03827393054962,-9.87861633300781,-2.34287548065186,-0.144948974251747,-0.59560227394104,-0.0959338694810867,-0.215684339404106,-6.47632169723511,3.8479163646698,0.306912928819656,0.218687474727631,-0.0833473578095436,16.8724928555,0.555829197,-0.5464622475,-0.482003853575813,-0.432152773237632,0.540175866114979
-43.3731079101563,2.593994140625,-389.633178710938,-35.4766845703125,-2.9754638671875,-313.491821289063,1.1463760137558,-9.65269374847412,-0.17828693985939,0.265666782855988,0.068835474550724,0.125144213438034,-1.04817795753479,-5.34969043731689,7.79534578323364,-0.0791101828217506,-0.151544526219368,-0.0110788913443685,1.0443309545517,-9.86854934692383,-2.33216023445129,-0.142944648861885,-0.592573285102844,-0.0908208191394806,-0.208686918020248,-6.49830102920532,3.8477611541748,0.301299393177032,0.222394570708275,-0.0855421796441078,16.872492371,0.555829154,-0.546464765,-0.482697677312114,-0.433068802357291,0.538675386091622
-43.487548828125,2.6702880859375,-390.167236328125,-35.400390625,-3.0517578125,-313.1103515625,1.14639401435852,-9.66517925262451,-0.180159285664558,0.263997405767441,0.0697205662727356,0.124463692307472,-1.04903566837311,-5.34656572341919,7.79584407806396,-0.0785583704710007,-0.151720151305199,-0.0109820971265435,1.04755926132202,-9.86286926269531,-2.32407855987549,-0.142029538750648,-0.588937163352966,-0.085746742784977,-0.203218206763268,-6.5311918258667,3.8512852191925,0.296314090490341,0.225977838039398,-0.0876456499099731,16.8724918865,0.555829111,-0.5464672825,-0.483391501048415,-0.433984831476951,0.537174906068263
-43.6019897460938,2.86102294921875,-390.396118164063,-35.3240966796875,-2.9754638671875,-313.262939453125,1.14641213417053,-9.6776647567749,-0.182031646370888,0.262328028678894,0.0706056579947472,0.123783178627491,-1.04989337921143,-5.34344100952148,7.79634237289429,-0.0780065581202507,-0.151895776391029,-0.0108853029087186,1.05078768730164,-9.85719013214111,-2.3159966468811,-0.141114428639412,-0.585301041603088,-0.0806726664304733,-0.197749510407448,-6.56408262252808,3.85480928421021,0.291328758001328,0.229561120271683,-0.0897491201758385,16.872491402,0.555829068,-0.5464698,-0.484085324784716,-0.434900860596611,0.535674426044906
-43.7164306640625,3.0517578125,-390.625,-35.247802734375,-2.899169921875,-313.41552734375,1.14643025398254,-9.69014930725098,-0.183903992176056,0.260658651590347,0.0714907571673393,0.12310266494751,-1.05075109004974,-5.34031629562378,7.79684066772461,-0.0774547457695007,-0.15207140147686,-0.0107885086908937,1.05401599407196,-9.8515100479126,-2.3079149723053,-0.140199318528175,-0.581664979457855,-0.0755985900759697,-0.192280814051628,-6.59697389602661,3.85833334922791,0.286343455314636,0.233144402503967,-0.0918525978922844,16.8724909175,0.555829025,-0.5464723175,-0.484779148521018,-0.435816889716271,0.534173946021548
-43.64013671875,2.9754638671875,-391.2353515625,-35.3240966796875,-3.1280517578125,-312.881469726563,1.14644825458527,-9.70263481140137,-0.185776337981224,0.258989274501801,0.0723758488893509,0.122422143816948,-1.05160880088806,-5.33719158172607,7.79733896255493,-0.0769029408693314,-0.152247026562691,-0.0106917144730687,1.05724442005157,-9.84582996368408,-2.29983305931091,-0.139284208416939,-0.578028857707977,-0.0705245137214661,-0.186812102794647,-6.62986469268799,3.86185741424561,0.281358122825623,0.236727669835091,-0.0939560681581497,16.872490433,0.555828982,-0.546474835,-0.485472972257319,-0.436732918835931,0.53267346599819
-43.5638427734375,2.899169921875,-391.845703125,-35.400390625,-3.35693359375,-312.347412109375,1.14646637439728,-9.71512031555176,-0.187648698687553,0.257319897413254,0.0732609406113625,0.121741630136967,-1.05246663093567,-5.33406686782837,7.79783725738525,-0.0763511285185814,-0.152422651648521,-0.0105949202552438,1.0604727268219,-9.84015083312988,-2.29175114631653,-0.138369098305702,-0.574392735958099,-0.0654504373669624,-0.181343406438828,-6.66275548934937,3.86538147926331,0.276372820138931,0.240310952067375,-0.096059538424015,16.8724899485,0.555828939,-0.5464773525,-0.48616679599362,-0.43764894795559,0.531172985974832
-43.5256958007813,2.93731689453125,-391.998291015625,-35.2096557617188,-3.31878662109375,-312.423706054688,1.14648449420929,-9.72760581970215,-0.189521044492722,0.255650520324707,0.0741460397839546,0.121061116456985,-1.05332434177399,-5.33094215393066,7.79833555221558,-0.0757993161678314,-0.152598276734352,-0.0104981260374188,1.06370115280151,-9.83447074890137,-2.28366947174072,-0.137453988194466,-0.570756614208221,-0.0603763610124588,-0.175874710083008,-6.6956467628479,3.86890554428101,0.271387487649918,0.24389423429966,-0.098163016140461,16.872489464,0.555828896,-0.54647987,-0.486860619729921,-0.43856497707525,0.529672505951474
-43.487548828125,2.9754638671875,-392.15087890625,-35.0189208984375,-3.2806396484375,-312.5,1.14650249481201,-9.74009132385254,-0.191393405199051,0.25398114323616,0.0750311315059662,0.120380602777004,-1.0541820526123,-5.32781744003296,7.7988338470459,-0.0752475038170815,-0.152773901820183,-0.0104013327509165,1.06692945957184,-9.82879066467285,-2.27558755874634,-0.136538878083229,-0.567120492458344,-0.0553022883832455,-0.170405998826027,-6.72853755950928,3.87242960929871,0.266402184963226,0.247477501630783,-0.100266486406326,16.8724889795,0.555828853,-0.5464823875,-0.487554443466222,-0.439481006194909,0.528172025928117
-43.5638427734375,3.0517578125,-392.379760742188,-35.1333618164063,-3.47137451171875,-312.5,1.14652061462402,-9.75257682800293,-0.193265751004219,0.252311766147614,0.0759162232279778,0.119700081646442,-1.05503976345062,-5.32469272613525,7.79933214187622,-0.0746956989169121,-0.152949526906013,-0.0103045385330915,1.07015788555145,-9.82311153411865,-2.26750588417053,-0.135623767971992,-0.563484370708466,-0.0502282120287418,-0.164937302470207,-6.76142835617065,3.87595367431641,0.261416852474213,0.251060783863068,-0.102369956672192,16.872488495,0.55582881,-0.546484905,-0.488248267202523,-0.440397035314569,0.526671545904759
-43.64013671875,3.1280517578125,-392.608642578125,-35.247802734375,-3.662109375,-312.5,1.14653861522675,-9.76506233215332,-0.195138096809387,0.250642389059067,0.0768013224005699,0.119019567966461,-1.05589747428894,-5.32156848907471,7.79983043670654,-0.0741438865661621,-0.153125151991844,-0.0102077443152666,1.07338619232178,-9.81743144989014,-2.25942397117615,-0.134708657860756,-0.559848248958588,-0.0451541356742382,-0.159468591213226,-6.79431962966919,3.87947773933411,0.256431549787521,0.254644066095352,-0.104473434388638,16.8724880105,0.555828767,-0.5464874225,-0.488942090938825,-0.441313064434229,0.5251710658814
-43.7164306640625,3.16619873046875,-392.76123046875,-35.1333618164063,-3.62396240234375,-312.042236328125,1.14655673503876,-9.77754688262939,-0.197010457515717,0.24897301197052,0.0776864141225815,0.11833905428648,-1.05675518512726,-5.318443775177,7.80032873153687,-0.0735920742154121,-0.153300777077675,-0.0101109500974417,1.07661461830139,-9.81175136566162,-2.25134229660034,-0.133793547749519,-0.556212186813354,-0.0400800593197346,-0.153999894857407,-6.82721042633057,3.88300180435181,0.251446217298508,0.258227348327637,-0.106576904654503,16.872487526,0.555828724,-0.54648994,-0.489635914675126,-0.442229093553889,0.523670585858043
-43.792724609375,3.204345703125,-392.913818359375,-35.0189208984375,-3.5858154296875,-311.58447265625,1.14657485485077,-9.79003238677979,-0.198882803320885,0.247303634881973,0.078571505844593,0.117658540606499,-1.05761301517487,-5.3153190612793,7.80082702636719,-0.0730402618646622,-0.153476402163506,-0.0100141558796167,1.07984292507172,-9.80607128143311,-2.24326038360596,-0.132878437638283,-0.552576065063477,-0.0350059866905212,-0.148531198501587,-6.86010122299194,3.88652586936951,0.246460914611816,0.261810600757599,-0.108680374920368,16.8724870415,0.555828681,-0.5464924575,-0.490329738411427,-0.443145122673549,0.522170105834685
-43.8690185546875,3.16619873046875,-393.218994140625,-34.942626953125,-3.62396240234375,-311.660766601563,1.14659285545349,-9.80251789093018,-0.200755164027214,0.245634257793427,0.0794566050171852,0.116978019475937,-1.05847072601318,-5.31219434738159,7.80132532119751,-0.0724884569644928,-0.153652027249336,-0.0099173616617918,1.08307135105133,-9.80039215087891,-2.23517870903015,-0.131963327527046,-0.548939943313599,-0.0299319103360176,-0.143062487244606,-6.89299249649048,3.89004993438721,0.241475597023964,0.265393882989883,-0.110783852636814,16.872486557,0.555828638,-0.546494975,-0.491023562147728,-0.444061151793208,0.520669625811327
-43.9453125,3.1280517578125,-393.524169921875,-34.8663330078125,-3.662109375,-311.737060546875,1.1466109752655,-9.81500339508057,-0.202627509832382,0.24396488070488,0.0803416967391968,0.116297505795956,-1.0593284368515,-5.30906963348389,7.80182361602783,-0.0719366446137428,-0.153827652335167,-0.00982056744396687,1.08629965782166,-9.79471206665039,-2.22709679603577,-0.13104821741581,-0.545303821563721,-0.024857833981514,-0.137593790888786,-6.92588329315186,3.89357399940491,0.236490279436111,0.268977165222168,-0.112887322902679,16.8724860725,0.555828595,-0.5464974925,-0.491717385884029,-0.444977180912868,0.519169145787969
-44.0216064453125,3.39508056640625,-393.524169921875,-34.5993041992188,-3.77655029296875,-311.508178710938,1.13905513286591,-9.83589458465576,-0.18945087492466,0.242882147431374,0.081452302634716,0.115509197115898,-1.05541360378265,-5.30234861373901,7.80206632614136,-0.0717500224709511,-0.15380272269249,-0.00986346695572138,1.0880731344223,-9.79491806030273,-2.2313928604126,-0.132966950535774,-0.539597153663635,-0.0206218529492617,-0.137171491980553,-6.97048902511597,3.89604353904724,0.234230950474739,0.271429002285004,-0.114815205335617,16.872485588,0.555828552,-0.54650001,-0.49241120962033,-0.445893210032528,0.517668665764611
-44.097900390625,3.662109375,-393.524169921875,-34.332275390625,-3.8909912109375,-311.279296875,1.13149917125702,-9.85678482055664,-0.176274225115776,0.241799414157867,0.0825629085302353,0.11472088098526,-1.05149865150452,-5.29562759399414,7.80230855941772,-0.0715633928775787,-0.153777778148651,-0.00990636739879847,1.08984661102295,-9.79512500762939,-2.23568892478943,-0.134885683655739,-0.53389048576355,-0.0163858700543642,-0.136749193072319,-7.01509523391724,3.89851331710815,0.231971636414528,0.273880809545517,-0.116743087768555,16.8724851035,0.555828509,-0.5465025275,-0.493105033356631,-0.446809239152187,0.516168185741254
-44.1360473632813,3.5858154296875,-394.287109375,-34.4085693359375,-3.92913818359375,-311.203002929688,1.12394332885742,-9.87767601013184,-0.163097590208054,0.240716680884361,0.0836735144257545,0.113932572305202,-1.04758381843567,-5.28890657424927,7.80255126953125,-0.071376770734787,-0.153752848505974,-0.00994926691055298,1.0916200876236,-9.79533100128174,-2.23998498916626,-0.136804416775703,-0.528183817863464,-0.0121498890221119,-0.136326879262924,-7.05970096588135,3.90098285675049,0.229712307453156,0.276332646608353,-0.118670970201492,16.872484619,0.555828466,-0.546505045,-0.493798857092933,-0.447725268271847,0.514667705717895
-44.1741943359375,3.509521484375,-395.050048828125,-34.48486328125,-3.96728515625,-311.126708984375,1.11638736724854,-9.89856624603271,-0.149920955300331,0.239633947610855,0.0847841203212738,0.113144256174564,-1.04366898536682,-5.28218555450439,7.80279350280762,-0.0711901411414146,-0.153727918863297,-0.00999216735363007,1.09339356422424,-9.79553699493408,-2.24428105354309,-0.138723164796829,-0.522477209568024,-0.00791390705853701,-0.135904580354691,-7.10430717468262,3.90345239639282,0.227452993392944,0.278784483671188,-0.120598845183849,16.8724841345,0.555828423,-0.5465075625,-0.494492680829234,-0.448641297391507,0.513167225694538
-44.2123413085938,3.662109375,-395.050048828125,-34.4085693359375,-4.0435791015625,-311.203002929688,1.10883152484894,-9.91945743560791,-0.136744305491447,0.23855122923851,0.0858947262167931,0.112355947494507,-1.03975403308868,-5.27546405792236,7.80303621292114,-0.0710035189986229,-0.153702974319458,-0.0100350668653846,1.09516704082489,-9.79574298858643,-2.24857687950134,-0.140641897916794,-0.516770541667938,-0.00367792509496212,-0.135482281446457,-7.14891290664673,3.90592217445374,0.225193664431572,0.281236320734024,-0.122526727616787,16.87248365,0.55582838,-0.54651008,-0.495186504565535,-0.449557326511167,0.51166674567118
-44.25048828125,3.814697265625,-395.050048828125,-34.332275390625,-4.119873046875,-311.279296875,1.10127556324005,-9.94034767150879,-0.123567670583725,0.237468495965004,0.0870053321123123,0.111567631363869,-1.03583920001984,-5.26874303817749,7.80327892303467,-0.0708168894052505,-0.153678044676781,-0.0100779663771391,1.09694051742554,-9.79594993591309,-2.25287294387817,-0.142560631036758,-0.511063873767853,0.000558056752197444,-0.135059982538223,-7.19351863861084,3.90839171409607,0.222934350371361,0.283688127994537,-0.124454610049725,16.7087331455,0.612201259500013,-0.563508552000004,-0.495574354141838,-0.450474189934915,0.509733352897778
-44.0597534179688,3.96728515625,-395.431518554688,-34.2941284179688,-4.119873046875,-311.126708984375,1.09371972084045,-9.96123886108398,-0.110391028225422,0.236385762691498,0.0881159380078316,0.110779322683811,-1.0319242477417,-5.26202201843262,7.80352115631104,-0.0706302672624588,-0.153653115034103,-0.0101208668202162,1.09871399402618,-9.79615592956543,-2.257169008255,-0.144479364156723,-0.505357205867767,0.00479403836652637,-0.134637668728828,-7.23812484741211,3.91086149215698,0.220675021409988,0.286139965057373,-0.126382485032082,16.544982641,0.668574138999994,-0.580507023999998,-0.49596220371814,-0.451391053358662,0.507799960124376
-43.8690185546875,4.119873046875,-395.81298828125,-34.2559814453125,-4.119873046875,-310.97412109375,1.08616375923157,-9.98212909698486,-0.0972143933176994,0.235303029417992,0.0892265439033508,0.109991006553173,-1.02800941467285,-5.25530099868774,7.80376386642456,-0.0704436376690865,-0.153628170490265,-0.0101637663319707,1.10048747062683,-9.79636192321777,-2.26146507263184,-0.146398097276688,-0.499650537967682,0.00903002079576254,-0.134215369820595,-7.28273057937622,3.91333103179932,0.218415707349777,0.288591802120209,-0.128310367465019,16.3812321365,0.724947018500006,-0.597505496000002,-0.496350053294443,-0.452307916782411,0.505866567350974
-43.9071655273438,4.1961669921875,-395.889282226563,-34.1796875,-4.15802001953125,-310.821533203125,1.07860791683197,-10.0030202865601,-0.0840377509593964,0.234220296144485,0.0903371497988701,0.109202697873116,-1.024094581604,-5.24857997894287,7.80400609970093,-0.0702570155262947,-0.153603240847588,-0.0102066667750478,1.10226094722748,-9.79656887054443,-2.26576113700867,-0.148316830396652,-0.493943899869919,0.0132660018280149,-0.133793070912361,-7.32733678817749,3.91580057144165,0.216156378388405,0.291043609380722,-0.130238249897957,16.217481632,0.781319897999987,-0.614503967999996,-0.496737902870746,-0.453224780206158,0.503933174577573
-43.9453125,4.2724609375,-395.965576171875,-34.1033935546875,-4.1961669921875,-310.6689453125,1.07105195522308,-10.0239114761353,-0.0708611086010933,0.233137562870979,0.0914477556943893,0.108414381742477,-1.02017962932587,-5.241858959198,7.80424880981445,-0.070070393383503,-0.15357831120491,-0.0102495662868023,1.10403442382813,-9.79677486419678,-2.2700572013855,-0.150235563516617,-0.488237231969833,0.0175019837915897,-0.133370772004128,-7.3719425201416,3.91827034950256,0.213897064328194,0.293495446443558,-0.132166132330894,16.0537311275,0.8376927775,-0.63150244,-0.497125752447049,-0.454141643629906,0.50199978180417
-44.097900390625,4.2724609375,-396.42333984375,-33.9889526367188,-4.15802001953125,-310.745239257813,1.06349611282349,-10.0448017120361,-0.0576844699680805,0.232054829597473,0.0925583615899086,0.10762607306242,-1.01626479625702,-5.23513793945313,7.80449151992798,-0.0698837637901306,-0.153553366661072,-0.0102924657985568,1.10580790042877,-9.79698085784912,-2.27435326576233,-0.152154311537743,-0.482530564069748,0.021737964823842,-0.132948473095894,-7.41654825210571,3.9207398891449,0.211637735366821,0.295947283506393,-0.134094014763832,15.889980623,0.894065657000013,-0.648500912000004,-0.497513602023352,-0.455058507053655,0.500066389030768
-44.25048828125,4.2724609375,-396.881103515625,-33.87451171875,-4.119873046875,-310.821533203125,1.0559401512146,-10.0656929016113,-0.0445078313350677,0.230972096323967,0.0936689674854279,0.106837756931782,-1.01234996318817,-5.22841691970825,7.80473375320435,-0.0696971416473389,-0.153528437018394,-0.0103353662416339,1.10758137702942,-9.79718780517578,-2.27864933013916,-0.154073044657707,-0.476823925971985,0.0259739477187395,-0.132526159286499,-7.46115446090698,3.92320942878723,0.20937842130661,0.298399090766907,-0.13602189719677,15.7262301185,0.950438536499994,-0.665499383999998,-0.497901451599655,-0.455975370477402,0.498132996257367
-44.2886352539063,4.46319580078125,-397.262573242188,-33.9126586914063,-4.23431396484375,-310.821533203125,1.048384308815,-10.0865831375122,-0.031331192702055,0.229889363050461,0.0947795733809471,0.106049448251724,-1.00843501091003,-5.22169589996338,7.80497646331787,-0.0695105120539665,-0.153503507375717,-0.0103782657533884,1.10935485363007,-9.79739379882813,-2.28294539451599,-0.155991777777672,-0.471117258071899,0.0302099287509918,-0.132103860378265,-7.50576019287109,3.92567920684814,0.207119092345238,0.300850927829742,-0.137949779629707,15.562479614,1.00681141600001,-0.682497856000002,-0.498289301175958,-0.45689223390115,0.496199603483964
-44.3267822265625,4.6539306640625,-397.64404296875,-33.9508056640625,-4.3487548828125,-310.821533203125,1.03324568271637,-10.1028614044189,-0.0200238712131977,0.22927962243557,0.0945566743612289,0.105504594743252,-1.00919795036316,-5.21543264389038,7.80674076080322,-0.0694995149970055,-0.153512477874756,-0.0104086985811591,1.11016976833344,-9.79984951019287,-2.2878589630127,-0.158769175410271,-0.464693695306778,0.0337903015315533,-0.134301275014877,-7.54814577102661,3.91954469680786,0.20529243350029,0.302958458662033,-0.139494493603706,15.3987291095,1.06318429549999,-0.699496327999996,-0.49867715075226,-0.457809097324898,0.494266210710563
-44.3267822265625,4.8065185546875,-397.796630859375,-33.87451171875,-4.38690185546875,-310.745239257813,1.0105242729187,-10.1145267486572,-0.0105858696624637,0.229142859578133,0.0930002555251122,0.105203211307526,-1.01463866233826,-5.20962715148926,7.81002712249756,-0.0696641355752945,-0.153555378317833,-0.010426664724946,1.11002624034882,-9.8045539855957,-2.29339051246643,-0.162405222654343,-0.457553207874298,0.0367150604724884,-0.139118418097496,-7.58831119537354,3.90480637550354,0.203898444771767,0.304721653461456,-0.140656039118767,15.234978605,1.119557175,-0.7164948,-0.499065000328563,-0.458725960748646,0.492332817937161
-44.3267822265625,4.9591064453125,-397.94921875,-33.7982177734375,-4.425048828125,-310.6689453125,0.987802863121033,-10.1261911392212,-0.00114786787889898,0.229006096720695,0.0914438366889954,0.104901820421219,-1.02007937431335,-5.20382165908813,7.81331300735474,-0.0698287636041641,-0.15359827876091,-0.0104446308687329,1.1098827123642,-9.80925941467285,-2.29892206192017,-0.166041269898415,-0.450412720441818,0.0396398194134235,-0.143935546278954,-7.62847661972046,3.89006781578064,0.202504441142082,0.306484878063202,-0.141817584633827,15.0712281005,1.17593005450001,-0.733493272000004,-0.499452849904866,-0.459642824172394,0.490399425163758
-44.5175170898438,4.8828125,-398.025512695313,-33.7600708007813,-4.31060791015625,-310.516357421875,0.965081453323364,-10.1378564834595,0.00829013343900442,0.228869333863258,0.0898874253034592,0.104600436985493,-1.02552008628845,-5.19801616668701,7.81659936904907,-0.0699933841824532,-0.153641179203987,-0.0104625970125198,1.10973918437958,-9.81396389007568,-2.3044536113739,-0.169677332043648,-0.443272233009338,0.0425645783543587,-0.148752689361572,-7.66864204406738,3.87532949447632,0.201110452413559,0.308248102664948,-0.142979130148888,14.907477596,1.23230293399999,-0.750491743999998,-0.499840699481169,-0.460559687596142,0.488466032390357
-44.708251953125,4.8065185546875,-398.101806640625,-33.721923828125,-4.1961669921875,-310.36376953125,0.942360043525696,-10.1495218276978,0.0177281349897385,0.228732571005821,0.0883310064673424,0.104299053549767,-1.03096079826355,-5.19221115112305,7.81988573074341,-0.0701580122113228,-0.153684079647064,-0.0104805631563067,1.10959565639496,-9.81866931915283,-2.30998492240906,-0.17331337928772,-0.436131745576859,0.0454893372952938,-0.153569832444191,-7.70880746841431,3.86059093475342,0.199716448783875,0.310011297464371,-0.144140675663948,14.7437270915,1.28867581350001,-0.767490216000002,-0.500228549057472,-0.46147655101989,0.486532639616955
-44.6319580078125,4.8065185546875,-398.406982421875,-33.7982177734375,-4.38690185546875,-310.6689453125,0.919638693332672,-10.161187171936,0.0271661356091499,0.228595808148384,0.0867745876312256,0.10399766266346,-1.03640151023865,-5.18640565872192,7.82317161560059,-0.0703226402401924,-0.15372696518898,-0.0104985283687711,1.10945212841034,-9.82337379455566,-2.31551647186279,-0.176949426531792,-0.428991258144379,0.0484140962362289,-0.158386960625648,-7.74897289276123,3.84585237503052,0.19832244515419,0.311774522066116,-0.145302221179008,14.579976587,1.34504869299999,-0.784488687999996,-0.500616398633774,-0.462393414443638,0.484599246843554
-44.5556640625,4.8065185546875,-398.712158203125,-33.87451171875,-4.57763671875,-310.97412109375,0.896917283535004,-10.1728525161743,0.0366041362285614,0.228459045290947,0.0852181762456894,0.103696279227734,-1.04184222221375,-5.1806001663208,7.82645797729492,-0.0704872608184814,-0.153769865632057,-0.010516494512558,1.10930860042572,-9.82807922363281,-2.32104802131653,-0.180585488677025,-0.421850770711899,0.0513388551771641,-0.163204103708267,-7.78913831710815,3.8311140537262,0.196928456425667,0.313537746667862,-0.146463766694069,14.4162260825,1.4014215725,-0.80148716,-0.501004248210077,-0.463310277867386,0.482665854070151
-44.6701049804688,5.035400390625,-398.788452148438,-33.7600708007813,-4.61578369140625,-310.897827148438,0.874195873737335,-10.1845169067383,0.0460421405732632,0.228322297334671,0.0836617574095726,0.103394888341427,-1.04728293418884,-5.17479467391968,7.82974433898926,-0.0706518888473511,-0.153812766075134,-0.0105344606563449,1.10916519165039,-9.83278369903564,-2.32657957077026,-0.184221535921097,-0.414710283279419,0.0542636141180992,-0.168021231889725,-7.82930374145508,3.8163754940033,0.195534452795982,0.315300941467285,-0.147625297307968,14.252475578,1.45779445200001,-0.818485632000004,-0.50139209778638,-0.464227141291134,0.480732461296749
-44.7845458984375,5.2642822265625,-398.86474609375,-33.6456298828125,-4.6539306640625,-310.821533203125,0.851474523544312,-10.1961822509766,0.0554801411926746,0.228185534477234,0.0821053385734558,0.103093504905701,-1.05272364616394,-5.16898965835571,7.83303022384644,-0.0708165094256401,-0.153855666518211,-0.0105524268001318,1.10902166366577,-9.83748912811279,-2.33211088180542,-0.187857583165169,-0.407569795846939,0.0571883730590343,-0.172838374972343,-7.869469165802,3.80163717269897,0.194140464067459,0.317064166069031,-0.148786842823029,14.0887250735,1.51416733149999,-0.835484103999998,-0.501779947362683,-0.465144004714882,0.478799068523348
-44.6319580078125,5.14984130859375,-399.093627929688,-33.6074829101563,-4.8828125,-310.897827148438,0.828753113746643,-10.2078475952148,0.0649181455373764,0.228048771619797,0.0805489271879196,0.102792121469975,-1.05816435813904,-5.16318416595459,7.83631658554077,-0.0709811374545097,-0.153898566961288,-0.0105703929439187,1.10887813568115,-9.84219360351563,-2.33764243125916,-0.191493645310402,-0.400429338216782,0.0601131319999695,-0.177655518054962,-7.90963459014893,3.78689861297607,0.192746460437775,0.318827360868454,-0.149948388338089,13.924974569,1.57054021100001,-0.852482576000002,-0.502167796938986,-0.46606086813863,0.476865675749945
-44.4793701171875,5.035400390625,-399.322509765625,-33.5693359375,-5.1116943359375,-310.97412109375,0.806031703948975,-10.2195129394531,0.0743561461567879,0.22791200876236,0.0789925083518028,0.102490730583668,-1.06360507011414,-5.15737867355347,7.83960294723511,-0.0711457580327988,-0.153941467404366,-0.0105883590877056,1.10873460769653,-9.84689903259277,-2.34317398071289,-0.195129692554474,-0.393288850784302,0.0630378872156143,-0.18247264623642,-7.94980001449585,3.77216029167175,0.191352471709251,0.3205905854702,-0.151109933853149,13.7612240645,1.62691309049999,-0.869481047999996,-0.502555646515288,-0.466977731562377,0.474932282976544
-44.5175170898438,4.99725341796875,-399.856567382813,-33.721923828125,-5.22613525390625,-310.897827148438,0.783310294151306,-10.2311773300171,0.0837941467761993,0.227775245904922,0.077436089515686,0.102189347147942,-1.06904578208923,-5.15157318115234,7.84288930892944,-0.0713103860616684,-0.153984352946281,-0.0106063243001699,1.10859107971191,-9.85160350799561,-2.34870553016663,-0.198765739798546,-0.386148363351822,0.0659626498818398,-0.187289789319038,-7.98996543884277,3.75742173194885,0.189958468079567,0.322353810071945,-0.15227147936821,13.59747356,1.68328597,-0.88647952,-0.502943496091591,-0.467894594986126,0.472998890203142
-44.5556640625,4.9591064453125,-400.390625,-33.87451171875,-5.340576171875,-310.821533203125,0.760588943958282,-10.2428426742554,0.0932321473956108,0.227638483047485,0.0758796781301498,0.101887956261635,-1.07448649406433,-5.14576816558838,7.84617519378662,-0.0714750066399574,-0.154027253389359,-0.0106242904439569,1.10844755172729,-9.85630893707275,-2.35423684120178,-0.202401801943779,-0.379007875919342,0.0688874050974846,-0.192106917500496,-8.03013134002686,3.74268341064453,0.188564479351044,0.324117004871368,-0.15343302488327,13.5974737305,1.6832862075,-0.886479993,-0.502455012410728,-0.468376492729793,0.471352887510417
-44.5175170898438,4.99725341796875,-400.466918945313,-33.5693359375,-5.2642822265625,-310.97412109375,0.737867534160614,-10.2545080184937,0.102670148015022,0.227501720190048,0.0743232592940331,0.101586572825909,-1.07992720603943,-5.13996267318726,7.84946155548096,-0.0716396346688271,-0.154070153832436,-0.0106422565877438,1.10830402374268,-9.86101341247559,-2.35976839065552,-0.206037849187851,-0.371867388486862,0.07181216776371,-0.196924060583115,-8.07029628753662,3.72794485092163,0.187170475721359,0.325880229473114,-0.154594570398331,13.597473901,1.683286445,-0.886480466,-0.501966528729864,-0.468858390473459,0.469706884817692
-44.4793701171875,5.035400390625,-400.543212890625,-33.26416015625,-5.18798828125,-311.126708984375,0.724684000015259,-10.255352973938,0.0996316224336624,0.228554368019104,0.0701324269175529,0.101489774882793,-1.07611668109894,-5.14504861831665,7.84824085235596,-0.0719369947910309,-0.15384466946125,-0.0105205299332738,1.10540378093719,-9.87106990814209,-2.36446022987366,-0.20772747695446,-0.364031195640564,0.0735615119338036,-0.199667692184448,-8.09135055541992,3.71199655532837,0.184856534004211,0.328935533761978,-0.155783995985985,13.5974740715,1.6832866825,-0.886480939,-0.501478045049001,-0.469340288217127,0.468060882124967
-44.708251953125,4.92095947265625,-400.772094726563,-33.1878662109375,-5.37872314453125,-311.279296875,0.711500525474548,-10.2561979293823,0.096593089401722,0.229607000946999,0.0659415870904922,0.101392976939678,-1.07230615615845,-5.15013456344604,7.84702014923096,-0.0722343474626541,-0.153619185090065,-0.0103988032788038,1.102503657341,-9.88112735748291,-2.3691520690918,-0.209417089819908,-0.356195032596588,0.0753108635544777,-0.202411308884621,-8.11240577697754,3.69604849815369,0.182542592287064,0.331990838050842,-0.156973421573639,13.597474242,1.68328692,-0.886481412,-0.500989561368137,-0.469822185960793,0.466414879432243
-44.9371337890625,4.8065185546875,-401.0009765625,-33.111572265625,-5.5694580078125,-311.431884765625,0.698316991329193,-10.2570428848267,0.0935545638203621,0.230659648776054,0.0617507547140121,0.101296171545982,-1.06849551200867,-5.15522050857544,7.84579944610596,-0.0725317075848579,-0.15339370071888,-0.0102770775556564,1.09960341453552,-9.89118385314941,-2.37384414672852,-0.211106717586517,-0.34835883975029,0.0770602077245712,-0.205154940485954,-8.13346004486084,3.68010020256042,0.180228650569916,0.335046172142029,-0.158162862062454,13.5974744125,1.6832871575,-0.886481885,-0.500501077687273,-0.47030408370446,0.464768876739518
-44.8226928710938,5.1116943359375,-401.077270507813,-33.0734252929688,-5.5694580078125,-311.508178710938,0.685133457183838,-10.257887840271,0.0905160307884216,0.23171229660511,0.0575599186122417,0.101199373602867,-1.06468498706818,-5.16030597686768,7.84457874298096,-0.0728290602564812,-0.153168216347694,-0.0101553509011865,1.09670329093933,-9.90124034881592,-2.37853598594666,-0.212796345353127,-0.340522676706314,0.0788095518946648,-0.207898572087288,-8.15451526641846,3.66415214538574,0.177914693951607,0.338101476430893,-0.159352287650108,13.597474583,1.683287395,-0.886482358,-0.50001259400641,-0.470785981448127,0.463122874046793
-44.708251953125,5.4168701171875,-401.153564453125,-33.0352783203125,-5.5694580078125,-311.58447265625,0.671949982643127,-10.2587327957153,0.0874775052070618,0.232764944434166,0.0533690862357616,0.101102575659752,-1.06087446212769,-5.16539192199707,7.84335803985596,-0.073126420378685,-0.152942731976509,-0.0100336242467165,1.09380304813385,-9.91129684448242,-2.38322782516479,-0.214485958218575,-0.332686483860016,0.0805589035153389,-0.21064218878746,-8.17556953430176,3.64820384979248,0.175600752234459,0.341156780719757,-0.160541713237762,13.5974747535,1.6832876325,-0.886482831,-0.499524110325546,-0.471267879191794,0.461476871354069
-44.7845458984375,5.30242919921875,-401.153564453125,-32.806396484375,-5.4931640625,-311.58447265625,0.658766448497772,-10.2595777511597,0.0844389721751213,0.233817577362061,0.0491782501339912,0.101005777716637,-1.05706393718719,-5.17047786712646,7.84213733673096,-0.0734237805008888,-0.152717247605324,-0.00991189759224653,1.09090292453766,-9.92135429382324,-2.38791966438293,-0.216175585985184,-0.32485032081604,0.0823082476854324,-0.213385820388794,-8.19662380218506,3.6322557926178,0.173286810517311,0.344212085008621,-0.161731138825417,13.597474924,1.68328787,-0.886483304,-0.499035626644683,-0.471749776935461,0.459830868661344
-44.86083984375,5.18798828125,-401.153564453125,-32.5775146484375,-5.4168701171875,-311.58447265625,0.645582914352417,-10.2604217529297,0.0814004465937614,0.234870225191116,0.0449874140322208,0.100908972322941,-1.0532534122467,-5.17556381225586,7.84091711044312,-0.0737211331725121,-0.152491748332977,-0.00979017093777657,1.08800268173218,-9.93141078948975,-2.39261150360107,-0.217865213751793,-0.317014127969742,0.084057591855526,-0.216129437088966,-8.21767902374268,3.61630749702454,0.170972868800163,0.347267389297485,-0.162920564413071,13.5974750945,1.6832881075,-0.886483777,-0.498547142963819,-0.472231674679128,0.45818486596862
-44.8226928710938,5.30242919921875,-401.535034179688,-32.7682495117188,-5.4931640625,-311.8896484375,0.632399439811707,-10.261266708374,0.078361913561821,0.235922873020172,0.0407965816557407,0.100812174379826,-1.04944288730621,-5.18064975738525,7.83969640731812,-0.0740184932947159,-0.152266263961792,-0.0096684442833066,1.08510255813599,-9.94146728515625,-2.39730334281921,-0.219554826617241,-0.309177964925766,0.0858069434762001,-0.2188730686903,-8.23873329162598,3.60035943984985,0.168658927083015,0.350322693586349,-0.164109990000725,13.597475265,1.683288345,-0.88648425,-0.498058659282956,-0.472713572422795,0.456538863275894
-44.7845458984375,5.4168701171875,-401.91650390625,-32.958984375,-5.5694580078125,-312.19482421875,0.619215905666351,-10.2621116638184,0.0753233879804611,0.236975505948067,0.0366057455539703,0.10071537643671,-1.04563224315643,-5.18573570251465,7.83847570419312,-0.0743158459663391,-0.152040779590607,-0.00954671856015921,1.08220231533051,-9.95152378082275,-2.40199542045593,-0.22124445438385,-0.301341772079468,0.0875562876462936,-0.221616700291634,-8.25978851318359,3.58441114425659,0.166344985365868,0.353378027677536,-0.16529943048954,13.5974754355,1.6832885825,-0.886484723,-0.497570175602092,-0.473195470166462,0.454892860583169
-44.7463989257813,5.60760498046875,-402.069091796875,-32.958984375,-5.76019287109375,-312.271118164063,0.606032371520996,-10.2629566192627,0.0722848623991013,0.238028153777122,0.0324149094521999,0.100618578493595,-1.04182171821594,-5.19082164764404,7.83725500106812,-0.0746132060885429,-0.151815295219421,-0.00942499190568924,1.07930219173431,-9.96158123016357,-2.40668725967407,-0.222934082150459,-0.293505609035492,0.0893056318163872,-0.224360316991806,-8.28084278106689,3.56846284866333,0.16403104364872,0.3564333319664,-0.166488856077194,13.597475606,1.68328882,-0.886485196,-0.497081691921228,-0.473677367910129,0.453246857890445
-44.708251953125,5.79833984375,-402.2216796875,-32.958984375,-5.950927734375,-312.347412109375,0.592848896980286,-10.263801574707,0.0692463293671608,0.239080801606178,0.0282240752130747,0.10052178055048,-1.03801119327545,-5.19590711593628,7.83603429794312,-0.0749105662107468,-0.151589810848236,-0.00930326525121927,1.07640194892883,-9.97163772583008,-2.41137909889221,-0.224623695015907,-0.285669416189194,0.0910549834370613,-0.22710394859314,-8.3018970489502,3.55251479148865,0.161717087030411,0.359488636255264,-0.167678281664848,13.5974757765,1.6832890575,-0.886485669,-0.496593208240365,-0.474159265653796,0.45160085519772
-44.6319580078125,5.79833984375,-402.297973632813,-32.8826904296875,-5.950927734375,-312.347412109375,0.57966536283493,-10.2646465301514,0.0662078037858009,0.240133434534073,0.0240332409739494,0.100424975156784,-1.03420066833496,-5.20099306106567,7.83481359481812,-0.07520791888237,-0.151364326477051,-0.00918153859674931,1.07350182533264,-9.98169422149658,-2.41607093811035,-0.226313322782516,-0.277833253145218,0.0928043276071548,-0.229847580194473,-8.32295227050781,3.53656649589539,0.159403145313263,0.362543940544128,-0.168867707252502,13.597475947,1.683289295,-0.886486142,-0.496104724559501,-0.474641163397463,0.449954852504996
-44.5556640625,5.79833984375,-402.374267578125,-32.806396484375,-5.950927734375,-312.347412109375,0.566481828689575,-10.2654914855957,0.0631692707538605,0.241186082363129,0.0198424067348242,0.100328177213669,-1.03039014339447,-5.20607900619507,7.83359289169312,-0.0755052790045738,-0.151138842105865,-0.00905981194227934,1.07060158252716,-9.99175071716309,-2.42076277732849,-0.228002950549126,-0.26999706029892,0.0945536717772484,-0.232591196894646,-8.34400653839111,3.5206184387207,0.157089203596115,0.365599244832993,-0.170057132840157,13.5974761175,1.6832895325,-0.886486615,-0.495616240878638,-0.47512306114113,0.448308849812271
-44.6701049804688,6.103515625,-402.52685546875,-32.8826904296875,-5.98907470703125,-312.347412109375,0.568697333335876,-10.2591800689697,0.0548014007508755,0.242412880063057,0.015686409547925,0.10030122846365,-1.02489757537842,-5.21393299102783,7.83211135864258,-0.0754768773913383,-0.150929301977158,-0.00885925814509392,1.06806266307831,-10.0043716430664,-2.43048024177551,-0.228660240769386,-0.263619631528854,0.0956294760107994,-0.232795923948288,-8.35498428344727,3.51792931556702,0.154266372323036,0.369043737649918,-0.171373784542084,13.597476288,1.68328977,-0.886487088,-0.495127757197774,-0.475604958884797,0.446662847119546
-44.7845458984375,6.40869140625,-402.679443359375,-32.958984375,-6.0272216796875,-312.347412109375,0.586311817169189,-10.2457122802734,0.0411041863262653,0.243813842535019,0.0115652531385422,0.100344121456146,-1.0177229642868,-5.22455549240112,7.83036947250366,-0.0751227214932442,-0.150735706090927,-0.00857987720519304,1.06588494777679,-10.0195550918579,-2.44522333145142,-0.228285223245621,-0.258700907230377,0.0960317328572273,-0.2304617613554,-8.35588359832764,3.52849960327148,0.150934666395187,0.372877418994904,-0.172817632555962,13.5974764585,1.6832900075,-0.886487561,-0.494639273516911,-0.476086856628464,0.445016844426822
-44.86083984375,6.37054443359375,-402.83203125,-32.9971313476563,-6.256103515625,-312.652587890625,0.603926301002502,-10.2322444915771,0.0274069719016552,0.245214805006981,0.00744409672915936,0.100387014448643,-1.01054835319519,-5.23517799377441,7.82862710952759,-0.07476856559515,-0.150542110204697,-0.00830049533396959,1.06370735168457,-10.0347385406494,-2.45996642112732,-0.227910190820694,-0.2537821829319,0.0964339971542358,-0.228127583861351,-8.35678386688232,3.53906989097595,0.147602960467339,0.376711070537567,-0.174261495471001,13.597476629,1.683290245,-0.886488034,-0.494150789836047,-0.476568754372131,0.443370841734097
-44.9371337890625,6.3323974609375,-402.984619140625,-33.0352783203125,-6.4849853515625,-312.957763671875,0.621540784835815,-10.2187767028809,0.0137097565457225,0.246615767478943,0.00332294008694589,0.100429907441139,-1.00337374210358,-5.24580049514771,7.82688522338867,-0.0744144096970558,-0.150348514318466,-0.00802111439406872,1.06152963638306,-10.0499219894409,-2.47470951080322,-0.227535173296928,-0.248863458633423,0.0968362540006638,-0.225793421268463,-8.3576831817627,3.54964017868042,0.14427125453949,0.380544751882553,-0.175705343484879,13.5974767995,1.6832904825,-0.886488507,-0.493662306155183,-0.477050652115798,0.441724839041372
-44.9371337890625,6.52313232421875,-402.83203125,-32.8445434570313,-6.561279296875,-312.347412109375,0.639155268669128,-10.2053089141846,1.25418109746533e-05,0.248016729950905,-0.000798216729890555,0.100472800433636,-0.996199131011963,-5.25642251968384,7.8251428604126,-0.0740602537989616,-0.150154918432236,-0.00774173298850656,1.05935192108154,-10.0651063919067,-2.48945236206055,-0.227160140872002,-0.243944749236107,0.0972385108470917,-0.223459243774414,-8.35858249664307,3.56021046638489,0.140939548611641,0.384378403425217,-0.177149206399918,13.59747697,1.68329072,-0.88648898,-0.49317382247432,-0.477532549859465,0.440078836348647
-44.9371337890625,6.7138671875,-402.679443359375,-32.65380859375,-6.6375732421875,-311.737060546875,0.656769752502441,-10.1918411254883,-0.0136846732348204,0.249417692422867,-0.00491937343031168,0.100515693426132,-0.989024579524994,-5.26704502105713,7.82340097427368,-0.0737060979008675,-0.149961322546005,-0.00746235158294439,1.05717432498932,-10.0802898406982,-2.50419545173645,-0.226785123348236,-0.23902602493763,0.0976407676935196,-0.221125081181526,-8.35948276519775,3.57078075408936,0.137607842683792,0.38821205496788,-0.178593054413795,13.5974769985,1.6832907725,-0.8864888585,-0.493064727524037,-0.478360442343134,0.439606874990666
-45.0515747070313,6.67572021484375,-402.908325195313,-32.7682495117188,-6.75201416015625,-312.652587890625,0.674384236335754,-10.178373336792,-0.0273818876594305,0.25081866979599,-0.0090405298396945,0.100558586418629,-0.98184996843338,-5.27766752243042,7.82165861129761,-0.0733519420027733,-0.149767726659775,-0.00718297017738223,1.05499660968781,-10.0954732894897,-2.51893854141235,-0.226410090923309,-0.234107300639153,0.0980430245399475,-0.218790903687477,-8.36038208007813,3.58135104179382,0.134276136755943,0.392045736312866,-0.180036917328835,13.597477027,1.683290825,-0.886488737,-0.492955632573755,-0.479188334826802,0.439134913632684
-45.166015625,6.6375732421875,-403.13720703125,-32.8826904296875,-6.866455078125,-313.568115234375,0.691998720169067,-10.16490650177,-0.0410791039466858,0.252219617366791,-0.0131616871803999,0.100601479411125,-0.974675357341766,-5.28829002380371,7.81991672515869,-0.0729977935552597,-0.149574130773544,-0.00690358877182007,1.05281889438629,-10.1106567382813,-2.53368163108826,-0.226035073399544,-0.229188591241837,0.098445288836956,-0.216456741094589,-8.36128234863281,3.59192132949829,0.130944430828094,0.39587938785553,-0.181480765342712,13.5974770555,1.6832908775,-0.8864886155,-0.492846537623472,-0.480016227310471,0.438662952274703
-45.2423095703125,6.561279296875,-403.4423828125,-32.9208374023438,-7.01904296875,-313.796997070313,0.70961320400238,-10.1514387130737,-0.0547763183712959,0.253620594739914,-0.0172828435897827,0.100644372403622,-0.967500805854797,-5.29891204833984,7.81817436218262,-0.0726436376571655,-0.149380534887314,-0.00662420736625791,1.05064129829407,-10.1258411407471,-2.54842448234558,-0.225660040974617,-0.224269866943359,0.0988475456833839,-0.21412256360054,-8.36218166351318,3.60249161720276,0.127612724900246,0.399713069200516,-0.182924628257751,13.597477084,1.68329093,-0.886488494,-0.49273744267319,-0.48084411979414,0.438190990916721
-45.318603515625,6.4849853515625,-403.74755859375,-32.958984375,-7.171630859375,-314.02587890625,0.727227687835693,-10.1379709243774,-0.0684735327959061,0.255021542310715,-0.0214039999991655,0.100687265396118,-0.960326194763184,-5.30953454971313,7.8164324760437,-0.0722894817590714,-0.149186939001083,-0.00634482642635703,1.04846358299255,-10.1410245895386,-2.56316757202148,-0.225285023450851,-0.219351157546043,0.0992498025298119,-0.211788401007652,-8.36308097839355,3.61306190490723,0.124281018972397,0.403546720743179,-0.184368476271629,13.5974771125,1.6832909825,-0.8864883725,-0.492628347722908,-0.481672012277809,0.43771902955874
-45.2423095703125,6.67572021484375,-404.129028320313,-32.958984375,-7.20977783203125,-313.949584960938,0.744842171669006,-10.1245031356812,-0.0821707472205162,0.256422519683838,-0.0255251564085484,0.100730158388615,-0.95315158367157,-5.32015705108643,7.81469011306763,-0.0719353258609772,-0.148993343114853,-0.00606544502079487,1.04628586769104,-10.1562080383301,-2.57791066169739,-0.224909991025925,-0.214432433247566,0.0996520593762398,-0.209454223513603,-8.36398124694824,3.62363219261169,0.120949305593967,0.407380402088165,-0.185812339186668,13.597477141,1.683291035,-0.886488251,-0.492519252772625,-0.482499904761478,0.437247068200758
-45.166015625,6.866455078125,-404.510498046875,-32.958984375,-7.2479248046875,-313.873291015625,0.762456655502319,-10.1110353469849,-0.0958679616451263,0.257823467254639,-0.0296463146805763,0.100773051381111,-0.945976972579956,-5.33077955245972,7.81294822692871,-0.071581169962883,-0.148799747228622,-0.00578606361523271,1.04410815238953,-10.1713914871216,-2.59265375137329,-0.224534973502159,-0.209513708949089,0.100054323673248,-0.207120060920715,-8.36488056182861,3.63420248031616,0.117617599666119,0.411214053630829,-0.187256187200546,13.5974771695,1.6832910875,-0.8864881295,-0.492410157822343,-0.483327797245147,0.436775106842777
-45.2041625976563,6.7901611328125,-404.739379882813,-32.9971313476563,-7.171630859375,-314.178466796875,0.780071139335632,-10.0975675582886,-0.109565176069736,0.259224444627762,-0.033767469227314,0.100815944373608,-0.938802421092987,-5.34140157699585,7.81120586395264,-0.0712270140647888,-0.148606151342392,-0.00550668220967054,1.0419305562973,-10.1865758895874,-2.60739660263062,-0.224159941077232,-0.204594999551773,0.100456580519676,-0.204785883426666,-8.3657808303833,3.64477276802063,0.11428589373827,0.415047734975815,-0.188700050115585,13.597477198,1.68329114,-0.886488008,-0.49230106287206,-0.484155689728816,0.436303145484795
-45.2423095703125,6.7138671875,-404.96826171875,-33.0352783203125,-7.0953369140625,-314.483642578125,0.797685623168945,-10.0840997695923,-0.123262390494347,0.260625392198563,-0.037888627499342,0.100858837366104,-0.931627810001373,-5.35202407836914,7.80946397781372,-0.0708728581666946,-0.148412555456161,-0.00522730080410838,1.03975284099579,-10.2017593383789,-2.62213969230652,-0.223784923553467,-0.199676275253296,0.100858837366104,-0.202451720833778,-8.36668014526367,3.6553430557251,0.110954187810421,0.418881386518478,-0.190143898129463,13.5974772265,1.6832911925,-0.8864878865,-0.492191967921778,-0.484983582212484,0.435831184126813
-45.318603515625,6.90460205078125,-404.891967773438,-32.9971313476563,-7.2479248046875,-314.559936523438,0.828974962234497,-10.0703601837158,-0.143057852983475,0.260705411434174,-0.0393349081277847,0.1009376719594,-0.928093791007996,-5.35406398773193,7.8077712059021,-0.0703210309147835,-0.148376613855362,-0.0049728318117559,1.03852701187134,-10.2032880783081,-2.64069628715515,-0.22232711315155,-0.192551806569099,0.100511632859707,-0.203012391924858,-8.35217952728271,3.68219590187073,0.107893608510494,0.421666651964188,-0.192372068762779,13.597477255,1.683291245,-0.886487765,-0.492082872971496,-0.485811474696154,0.435359222768832
-45.3948974609375,7.0953369140625,-404.815673828125,-32.958984375,-7.4005126953125,-314.63623046875,0.860264301300049,-10.0566205978394,-0.162853315472603,0.260785430669785,-0.0407811850309372,0.101016499102116,-0.924559712409973,-5.35610342025757,7.80607843399048,-0.0697691962122917,-0.148340672254562,-0.0047183632850647,1.03730118274689,-10.2048168182373,-2.65925288200378,-0.220869287848473,-0.185427352786064,0.10016442835331,-0.203573063015938,-8.33767795562744,3.70904874801636,0.104833029210567,0.424451887607574,-0.194600239396095,13.5974772835,1.6832912975,-0.8864876435,-0.491973778021213,-0.486639367179823,0.43488726141085
-45.2041625976563,7.13348388671875,-404.6630859375,-32.958984375,-7.476806640625,-315.017700195313,0.891553640365601,-10.0428810119629,-0.182648777961731,0.260865449905396,-0.04222746565938,0.101095333695412,-0.921025693416595,-5.35814332962036,7.80438613891602,-0.0692173689603806,-0.148304730653763,-0.00446389429271221,1.03607535362244,-10.2063455581665,-2.677809715271,-0.219411477446556,-0.178302884101868,0.0998172238469124,-0.204133734107018,-8.32317733764648,3.73590183258057,0.101772457361221,0.427237153053284,-0.196828424930573,13.597477312,1.68329135,-0.886487522,-0.491864683070931,-0.487467259663491,0.434415300052869
-45.013427734375,7.171630859375,-404.510498046875,-32.958984375,-7.5531005859375,-315.399169921875,0.922843039035797,-10.0291414260864,-0.202444240450859,0.260945469141006,-0.0436737462878227,0.101174168288708,-0.917491614818573,-5.360182762146,7.80269336700439,-0.0686655417084694,-0.148268789052963,-0.00420942530035973,1.03484952449799,-10.2078742980957,-2.69636631011963,-0.21795366704464,-0.171178430318832,0.0994700193405151,-0.204694390296936,-8.30867671966553,3.7627546787262,0.0987118780612946,0.430022418498993,-0.199056595563889,13.5974773405,1.6832914025,-0.8864874005,-0.491755588120648,-0.488295152147161,0.433943338694887
-45.0515747070313,7.05718994140625,-404.891967773438,-32.5393676757813,-7.59124755859375,-315.628051757813,0.954132378101349,-10.01540184021,-0.222239688038826,0.261025458574295,-0.0451200231909752,0.101253002882004,-0.913957595825195,-5.36222267150879,7.80100059509277,-0.0681137070059776,-0.148232847452164,-0.00395495630800724,1.03362381458282,-10.2094020843506,-2.71492290496826,-0.216495841741562,-0.164053961634636,0.0991228148341179,-0.205255061388016,-8.29417514801025,3.78960752487183,0.0956512987613678,0.432807683944702,-0.201284766197205,13.597477369,1.683291455,-0.886487279,-0.491646493170366,-0.489123044630829,0.433471377336906
-45.0897216796875,6.9427490234375,-405.2734375,-32.1197509765625,-7.62939453125,-315.85693359375,0.985421717166901,-10.0016622543335,-0.242035150527954,0.261105477809906,-0.046566303819418,0.101331830024719,-0.910423517227173,-5.36426210403442,7.79930782318115,-0.0675618797540665,-0.148196905851364,-0.0037004875484854,1.03239798545837,-10.2109308242798,-2.73347949981689,-0.215038031339645,-0.156929507851601,0.0987756103277206,-0.205815732479095,-8.2796745300293,3.81646037101746,0.092590719461441,0.435592919588089,-0.203512936830521,13.5974773975,1.6832915075,-0.8864871575,-0.491537398220083,-0.489950937114498,0.432999415978924
-45.2804565429688,7.05718994140625,-405.197143554688,-32.1578979492188,-7.82012939453125,-316.085815429688,1.0167111158371,-9.98792266845703,-0.261830627918243,0.261185497045517,-0.0480125844478607,0.101410664618015,-0.906889498233795,-5.36630201339722,7.79761552810669,-0.0670100525021553,-0.148160979151726,-0.00344601878896356,1.03117215633392,-10.212459564209,-2.75203633308411,-0.213580206036568,-0.149805039167404,0.0984284058213234,-0.206376403570175,-8.26517391204834,3.84331321716309,0.0895301476120949,0.438378185033798,-0.205741122364998,13.597477426,1.68329156,-0.886487036,-0.491428303269801,-0.490778829598167,0.432527454620942
-45.47119140625,7.171630859375,-405.120849609375,-32.196044921875,-8.0108642578125,-316.314697265625,1.04800045490265,-9.97418308258057,-0.28162607550621,0.261265516281128,-0.0494588613510132,0.101489499211311,-0.903355419635773,-5.36834144592285,7.79592275619507,-0.0664582177996635,-0.148125037550926,-0.00319154979661107,1.02994632720947,-10.2139883041382,-2.77059292793274,-0.212122395634651,-0.142680585384369,0.0980812013149261,-0.206937074661255,-8.25067234039307,3.87016606330872,0.0864695683121681,0.441163450479507,-0.207969292998314,13.5974774545,1.6832916125,-0.8864869145,-0.491319208319519,-0.491606722081836,0.432055493262961
-45.2804565429688,7.36236572265625,-405.502319335938,-32.196044921875,-8.087158203125,-316.390991210938,1.0792897939682,-9.9604434967041,-0.301421523094177,0.261345535516739,-0.0509051419794559,0.101568333804607,-0.899821400642395,-5.37038135528564,7.79422998428345,-0.0659063905477524,-0.148089095950127,-0.00293708103708923,1.02872049808502,-10.2155170440674,-2.78914952278137,-0.210664585232735,-0.135556116700172,0.0977339968085289,-0.207497745752335,-8.23617172241211,3.89701914787292,0.0834089890122414,0.443948686122894,-0.21019746363163,13.597477483,1.683291665,-0.886486793,-0.491210113369236,-0.492434614565505,0.431583531904979
-45.0897216796875,7.5531005859375,-405.8837890625,-32.196044921875,-8.1634521484375,-316.46728515625,1.11057913303375,-9.94670391082764,-0.321217000484467,0.26142555475235,-0.0523514226078987,0.101647160947323,-0.896287322044373,-5.37242126464844,7.79253721237183,-0.0653545632958412,-0.148053154349327,-0.00268261204473674,1.02749466896057,-10.2170457839966,-2.80770611763,-0.209206759929657,-0.128431648015976,0.0973867923021317,-0.208058416843414,-8.22167110443115,3.92387199401855,0.0803484097123146,0.446733951568604,-0.212425634264946,13.5974775115,1.6832917175,-0.8864866715,-0.491101018418954,-0.493262507049174,0.431111570546998
-45.2423095703125,7.62939453125,-405.807495117188,-32.3867797851563,-8.23974609375,-316.314697265625,1.1418684720993,-9.93296432495117,-0.341012448072433,0.261505573987961,-0.0537976995110512,0.101725995540619,-0.892753303050995,-5.37446069717407,7.79084444046021,-0.0648027285933495,-0.148017212748528,-0.0024281432852149,1.02626883983612,-10.2185745239258,-2.82626271247864,-0.20774894952774,-0.121307194232941,0.0970395877957344,-0.208619073033333,-8.20716953277588,3.95072484016418,0.0772878304123878,0.449519217014313,-0.214653804898262,13.59747754,1.68329177,-0.88648655,-0.490991923468671,-0.494090399532843,0.430639609189016
-45.3948974609375,7.7056884765625,-405.731201171875,-32.5775146484375,-8.3160400390625,-316.162109375,1.17315781116486,-9.91922473907471,-0.360807925462723,0.261585593223572,-0.0552439801394939,0.101804830133915,-0.889219224452972,-5.37650060653687,7.78915214538574,-0.0642509013414383,-0.147981271147728,-0.00217367429286242,1.02504301071167,-10.220103263855,-2.84481954574585,-0.206291139125824,-0.114182732999325,0.0966923832893372,-0.209179744124413,-8.19266891479492,3.97757768630981,0.0742272585630417,0.4523044526577,-0.216881990432739,13.621203293,1.70725005050001,-0.890772635500001,-0.490676409207535,-0.494852292587017,0.431993157761111
-45.318603515625,7.781982421875,-406.112670898438,-32.806396484375,-8.3160400390625,-316.162109375,1.20444715023041,-9.90548515319824,-0.38060337305069,0.261665612459183,-0.0566902607679367,0.101883664727211,-0.885685205459595,-5.3785400390625,7.78745937347412,-0.0636990740895271,-0.147945329546928,-0.00191920541692525,1.02381718158722,-10.2216320037842,-2.86337614059448,-0.204833313822746,-0.107058271765709,0.0963451787829399,-0.209740415215492,-8.17816829681396,4.00443077087402,0.0711666792631149,0.455089718103409,-0.219110161066055,13.644929046,1.731208331,-0.895058721,-0.490360894946399,-0.495614185641191,0.433346706333205
-45.2423095703125,7.8582763671875,-406.494140625,-33.0352783203125,-8.3160400390625,-316.162109375,1.23904943466187,-9.89921474456787,-0.396719932556152,0.261578381061554,-0.0566117763519287,0.101597331464291,-0.882265985012054,-5.3779730796814,7.78695869445801,-0.0632689744234085,-0.147866502404213,-0.00176501751411706,1.02089238166809,-10.2191972732544,-2.87698769569397,-0.20364186167717,-0.0998408794403076,0.0957524999976158,-0.211044400930405,-8.1598596572876,4.02148628234863,0.067812867462635,0.457156479358673,-0.22123309969902,13.668654799,1.7551666115,-0.8993448065,-0.490045380685263,-0.496376078695365,0.434700254905299
-45.2041625976563,7.97271728515625,-406.265258789063,-33.1497192382813,-8.23974609375,-316.619873046875,1.27696466445923,-9.90041160583496,-0.409157603979111,0.261323928833008,-0.0550085306167603,0.100945830345154,-0.878961682319641,-5.3747992515564,7.78764963150024,-0.062960609793663,-0.14774477481842,-0.00171111046802253,1.01626837253571,-10.2128000259399,-2.88565421104431,-0.202716767787933,-0.0925305560231209,0.0949143543839455,-0.213091686367989,-8.13774394989014,4.0287446975708,0.0641658306121826,0.45850470662117,-0.223250806331635,13.692380552,1.77912489199999,-0.903630891999999,-0.489729866424127,-0.497137971749539,0.436053803477393
-45.166015625,8.087158203125,-406.036376953125,-33.26416015625,-8.1634521484375,-317.07763671875,1.31487989425659,-9.90160846710205,-0.421595275402069,0.261069446802139,-0.0534052848815918,0.100294329226017,-0.875657320022583,-5.37162494659424,7.78834056854248,-0.0626522451639175,-0.147623062133789,-0.00165720342192799,1.01164436340332,-10.2064027786255,-2.89432072639465,-0.201791658997536,-0.0852202326059341,0.0940762087702751,-0.215138971805573,-8.11562824249268,4.03600263595581,0.0605187900364399,0.459852933883667,-0.225268498063087,13.716106305,1.8030831725,-0.9079169775,-0.489414352162991,-0.497899864803713,0.437407352049488
-45.2041625976563,8.0108642578125,-406.417846679688,-33.2260131835938,-8.12530517578125,-317.001342773438,1.35279512405396,-9.90280532836914,-0.434032946825027,0.260814994573593,-0.0518020391464233,0.0996428281068802,-0.872352957725525,-5.36845111846924,7.78903198242188,-0.0623438768088818,-0.147501334547997,-0.00160329625941813,1.00702035427094,-10.2000045776367,-2.902987241745,-0.200866565108299,-0.0779099091887474,0.0932380631566048,-0.217186257243156,-8.0935115814209,4.04326105117798,0.0568717531859875,0.461201161146164,-0.227286204695702,13.739832058,1.82704145300001,-0.912203063000001,-0.489098837901855,-0.498661757857888,0.438760900621582
-45.2423095703125,7.9345703125,-406.79931640625,-33.1878662109375,-8.087158203125,-316.925048828125,1.39071035385132,-9.90400218963623,-0.446470588445663,0.260560542345047,-0.0501987934112549,0.0989913269877434,-0.869048655033112,-5.36527729034424,7.78972291946411,-0.0620355121791363,-0.147379606962204,-0.00154938921332359,1.00239646434784,-10.1936073303223,-2.91165375709534,-0.199941471219063,-0.0705995857715607,0.0923999175429344,-0.21923354268074,-8.07139587402344,4.05051946640015,0.0532247126102448,0.462549388408661,-0.229303911328316,13.763557811,1.8509997335,-0.9164891485,-0.488783323640719,-0.499423650912061,0.440114449193676
-45.2041625976563,8.0108642578125,-406.79931640625,-33.0352783203125,-8.087158203125,-316.925048828125,1.42862558364868,-9.90519905090332,-0.458908259868622,0.260306090116501,-0.0485955476760864,0.0983398258686066,-0.865744292736053,-5.36210346221924,7.79041385650635,-0.0617271438241005,-0.147257894277573,-0.00149548216722906,0.997772455215454,-10.1872100830078,-2.92032027244568,-0.199016362428665,-0.0632892623543739,0.0915617719292641,-0.221280828118324,-8.04928016662598,4.05777740478516,0.049577672034502,0.463897615671158,-0.231321603059769,13.787283564,1.874958014,-0.920775234,-0.488467809379583,-0.500185543966236,0.44146799776577
-45.166015625,8.087158203125,-406.79931640625,-32.8826904296875,-8.087158203125,-316.925048828125,1.46654081344604,-9.90639591217041,-0.47134593129158,0.260051637887955,-0.046992301940918,0.0976883247494698,-0.862439930438995,-5.35892963409424,7.79110527038574,-0.061418779194355,-0.14713616669178,-0.00144157512113452,0.993148446083069,-10.1808128356934,-2.92898678779602,-0.198091268539429,-0.0559789352118969,0.0907236263155937,-0.223328113555908,-8.02716445922852,4.06503582000732,0.0459306351840496,0.465245842933655,-0.233339309692383,13.811009317,1.89891629449999,-0.925061319499999,-0.488152295118447,-0.50094743702041,0.442821546337864
-45.2423095703125,7.9345703125,-406.646728515625,-32.8445434570313,-7.89642333984375,-317.001342773438,1.50445592403412,-9.9075927734375,-0.483783602714539,0.259797155857086,-0.0453890562057495,0.0970368236303329,-0.859135627746582,-5.35575532913208,7.79179620742798,-0.0611104145646095,-0.147014454007149,-0.00138766807503998,0.988524496555328,-10.1744155883789,-2.93765306472778,-0.197166174650192,-0.0486686155200005,0.089885488152504,-0.225375398993492,-8.00504875183105,4.07229423522949,0.0422835946083069,0.466594070196152,-0.235357016324997,13.83473507,1.922874575,-0.929347405,-0.487836780857311,-0.501709330074584,0.444175094909959
-45.318603515625,7.781982421875,-406.494140625,-32.806396484375,-7.7056884765625,-317.07763671875,1.54237115383148,-9.90878963470459,-0.496221244335175,0.25954270362854,-0.0437858104705811,0.0963853225111961,-0.855831265449524,-5.35258150100708,7.79248714447021,-0.0608020462095737,-0.146892726421356,-0.00133376102894545,0.983900487422943,-10.1680183410645,-2.94631958007813,-0.196241065859795,-0.0413582921028137,0.0890473425388336,-0.227422684431076,-7.98293256759644,4.0795521736145,0.0386365540325642,0.467942297458649,-0.23737470805645,13.858460823,1.94683285550001,-0.933633490500001,-0.487521266596175,-0.502471223128758,0.445528643482053
-45.1278686523438,8.04901123046875,-406.570434570313,-32.8445434570313,-7.59124755859375,-317.68798828125,1.58028638362885,-9.909987449646,-0.508658945560455,0.259288251399994,-0.0421825647354126,0.0957338213920593,-0.852526962757111,-5.34940767288208,7.79317855834961,-0.0604936815798283,-0.146770998835564,-0.00127985398285091,0.979276537895203,-10.16162109375,-2.95498609542847,-0.195315971970558,-0.034047968685627,0.0882091969251633,-0.229469984769821,-7.96081638336182,4.08681058883667,0.0349895171821117,0.469290554523468,-0.239392414689064,13.882186576,1.970791136,-0.937919575999999,-0.487205752335039,-0.503233116182932,0.446882192054147
-44.9371337890625,8.3160400390625,-406.646728515625,-32.8826904296875,-7.476806640625,-318.29833984375,1.61820161342621,-9.91118431091309,-0.521096587181091,0.259033799171448,-0.0405793190002441,0.0950823202729225,-0.849222600460052,-5.34623384475708,7.79386949539185,-0.0601853169500828,-0.146649286150932,-0.00122594682034105,0.974652528762817,-10.1552228927612,-2.96365261077881,-0.194390878081322,-0.0267376452684402,0.0873710513114929,-0.231517270207405,-7.93870067596436,4.09406900405884,0.031342476606369,0.470638781785965,-0.241410121321678,13.905912329,1.9947494165,-0.942205661500001,-0.486890238073903,-0.503995009237106,0.448235740626242
-44.9752807617188,8.23974609375,-406.875610351563,-32.7682495117188,-7.66754150390625,-318.90869140625,1.65611684322357,-9.91238117218018,-0.533534228801727,0.258779317140579,-0.0389760732650757,0.0944308191537857,-0.845918238162994,-5.34305953979492,7.79456043243408,-0.0598769523203373,-0.14652755856514,-0.00117203977424651,0.970028579235077,-10.1488256454468,-2.97231912612915,-0.193465784192085,-0.0194273218512535,0.0865329056978226,-0.233564555644989,-7.91658496856689,4.10132741928101,0.0276954378932714,0.471987009048462,-0.243427827954292,13.929638082,2.01870769699999,-0.946491746999999,-0.486574723812767,-0.50475690229128,0.449589289198335
-45.013427734375,8.1634521484375,-407.1044921875,-32.65380859375,-7.8582763671875,-319.51904296875,1.69403207302094,-9.91357803344727,-0.545971930027008,0.258524864912033,-0.0373728275299072,0.0937793180346489,-0.842613935470581,-5.33988571166992,7.79525184631348,-0.0595685839653015,-0.146405845880508,-0.00111813272815198,0.965404570102692,-10.1424283981323,-2.98098564147949,-0.192540675401688,-0.0121169984340668,0.0856947600841522,-0.235611841082573,-7.89446878433228,4.10858535766602,0.0240483973175287,0.473335236310959,-0.245445519685745,13.953363835,2.0426659775,-0.9507778325,-0.486259209551631,-0.505518795345454,0.45094283777043
-44.8989868164063,8.20159912109375,-406.951904296875,-32.6919555664063,-7.8582763671875,-319.2138671875,1.7319473028183,-9.91477489471436,-0.558409571647644,0.258270412683487,-0.0357695817947388,0.0931278169155121,-0.839309573173523,-5.33671188354492,7.79594278335571,-0.059260219335556,-0.146284118294716,-0.00106422568205744,0.960780620574951,-10.1360311508179,-2.98965215682983,-0.191615581512451,-0.00480667501688004,0.0848566144704819,-0.237659126520157,-7.87235307693481,4.11584377288818,0.0204013586044312,0.474683463573456,-0.247463226318359,13.977089588,2.06662425800001,-0.955063918000001,-0.485943695290494,-0.506280688399629,0.452296386342524
-44.7845458984375,8.23974609375,-406.79931640625,-32.7301025390625,-7.8582763671875,-318.90869140625,1.75379288196564,-9.92694091796875,-0.554375290870667,0.258459955453873,-0.0303187277168036,0.0926866978406906,-0.842608571052551,-5.33061933517456,7.79626607894897,-0.0593888908624649,-0.146187320351601,-0.000820783316157758,0.950450241565704,-10.1176290512085,-2.98957657814026,-0.190480083227158,0.000949198729358613,0.0840932205319405,-0.247728586196899,-7.86290884017944,4.10642099380493,0.0178167037665844,0.475464820861816,-0.248198822140694,14.000815341,2.0905825385,-0.9593500035,-0.485628181029359,-0.507042581453802,0.453649934914618
-45.0515747070313,8.0108642578125,-406.79931640625,-32.5775146484375,-7.9345703125,-318.832397460938,1.77563834190369,-9.93910789489746,-0.550341069698334,0.258649468421936,-0.0248678736388683,0.0922455787658691,-0.84590756893158,-5.32452726364136,7.79658985137939,-0.0595175586640835,-0.146090507507324,-0.000577341008465737,0.940119922161102,-10.0992269515991,-2.98950123786926,-0.189344570040703,0.00670507224276662,0.083329826593399,-0.257798045873642,-7.85346460342407,4.09699869155884,0.0152320470660925,0.476246178150177,-0.248934417963028,14.024541094,2.114540819,-0.963636089000001,-0.485312666768222,-0.507804474507977,0.455003483486713
-45.318603515625,7.781982421875,-406.79931640625,-32.4249267578125,-8.0108642578125,-318.756103515625,1.79748392105103,-9.95127391815186,-0.546306788921356,0.258839011192322,-0.019417017698288,0.0918044596910477,-0.849206566810608,-5.318434715271,7.79691314697266,-0.0596462301909924,-0.145993709564209,-0.000333898642566055,0.929789543151855,-10.0808248519897,-2.98942565917969,-0.188209071755409,0.0124609461054206,0.0825664326548576,-0.267867505550385,-7.84402084350586,4.08757591247559,0.0126473912969232,0.47702756524086,-0.249670013785362,14.048266847,2.13849909949999,-0.967922174499999,-0.484997152507087,-0.50856636756215,0.456357032058807
-45.2804565429688,8.23974609375,-406.951904296875,-32.3867797851563,-8.20159912109375,-318.90869140625,1.81932938098907,-9.96343994140625,-0.542272508144379,0.259028524160385,-0.0139661645516753,0.0913633406162262,-0.852505505084991,-5.31234264373779,7.79723644256592,-0.0597748979926109,-0.145896911621094,-9.04562839423306e-05,0.919459223747253,-10.0624227523804,-2.98935031890869,-0.187073558568954,0.0182168204337358,0.0818030387163162,-0.277936965227127,-7.83457660675049,4.07815313339233,0.0100627355277538,0.477808922529221,-0.250405609607697,14.0719926,2.16245738,-0.97220826,-0.48468163824595,-0.509328260616325,0.457710580630901
-45.2423095703125,8.697509765625,-407.1044921875,-32.3486328125,-8.392333984375,-319.061279296875,1.84117496013641,-9.97560691833496,-0.538238227367401,0.259218066930771,-0.00851530954241753,0.0909222215414047,-0.85580450296402,-5.30625009536743,7.79755973815918,-0.0599035695195198,-0.145800113677979,0.000152986060129479,0.909128844738007,-10.044020652771,-2.98927474021912,-0.185938060283661,0.0239726938307285,0.0810396522283554,-0.28800642490387,-7.82513236999512,4.06873083114624,0.0074780797585845,0.478590279817581,-0.251141220331192,14.078170321,2.181837805,-0.976022972500001,-0.485393470762356,-0.510595724407168,0.460990295221497
-45.166015625,8.50677490234375,-407.1044921875,-32.4630737304688,-8.392333984375,-319.061279296875,1.86302042007446,-9.98777294158936,-0.534204006195068,0.259407579898834,-0.00306445523165166,0.0904811024665833,-0.859103500843048,-5.30015802383423,7.7978835105896,-0.0600322373211384,-0.145703300833702,0.00039642839692533,0.89879846572876,-10.0256185531616,-2.98919916152954,-0.184802547097206,0.0297285672277212,0.080276258289814,-0.298075884580612,-7.81568813323975,4.05930805206299,0.00489342398941517,0.479371637105942,-0.251876801252365,14.084348042,2.20121823,-0.979837685,-0.486105303278762,-0.51186318819801,0.464270009812091
-45.0897216796875,8.3160400390625,-407.1044921875,-32.5775146484375,-8.392333984375,-319.061279296875,1.8848659992218,-9.99993896484375,-0.530169725418091,0.25959712266922,0.0023863990791142,0.0900399759411812,-0.862402498722076,-5.29406547546387,7.79820680618286,-0.0601609088480473,-0.145606502890587,0.000639870762825012,0.888468146324158,-10.0072164535522,-2.98912382125854,-0.183667048811913,0.0354844406247139,0.0795128643512726,-0.308145344257355,-7.80624437332153,4.04988574981689,0.00230876845307648,0.480153024196625,-0.252612411975861,14.090525763,2.220598655,-0.983652397500001,-0.486817135795168,-0.513130651988853,0.467549724402687
-45.166015625,8.35418701171875,-407.257080078125,-32.7301025390625,-8.35418701171875,-319.061279296875,1.90671145915985,-10.0121059417725,-0.526135444641113,0.259786635637283,0.0078372536227107,0.0895988568663597,-0.865701496601105,-5.28797340393066,7.79853010177612,-0.0602895766496658,-0.145509704947472,0.000883313128724694,0.878137767314911,-9.98881435394287,-2.98904824256897,-0.182531535625458,0.0412403158843517,0.0787494704127312,-0.318214803934097,-7.79680013656616,4.04046297073364,-0.000275887286989018,0.480934381484985,-0.253347992897034,14.096703484,2.23997908,-0.987467109999999,-0.487528968311573,-0.514398115779695,0.470829438993282
-45.2423095703125,8.392333984375,-407.40966796875,-32.8826904296875,-8.3160400390625,-319.061279296875,1.92855703830719,-10.0242719650269,-0.522101223468781,0.259976178407669,0.0132881077006459,0.0891577377915382,-0.869000494480133,-5.2818808555603,7.79885387420654,-0.0604182481765747,-0.145412892103195,0.00112675549462438,0.867807447910309,-9.9704122543335,-2.98897290229797,-0.181396037340164,0.0469961874186993,0.0779860764741898,-0.32828426361084,-7.78735589981079,4.03104019165039,-0.00286054308526218,0.481715738773346,-0.254083603620529,14.102881205,2.259359505,-0.9912818225,-0.488240800827979,-0.515665579570538,0.474109153583878
-45.2423095703125,8.392333984375,-407.180786132813,-33.111572265625,-8.0108642578125,-319.442749023438,1.95040261745453,-10.0364379882813,-0.518066942691803,0.260165721178055,0.0187389627099037,0.0887166187167168,-0.872299492359161,-5.2757887840271,7.7991771697998,-0.0605469197034836,-0.14531609416008,0.00137019786052406,0.857477068901062,-9.95201015472412,-2.9888973236084,-0.180260539054871,0.0527520626783371,0.0772226825356483,-0.338353723287582,-7.77791166305542,4.0216178894043,-0.00544519862160087,0.482497096061707,-0.254819184541702,14.109058926,2.27873993,-0.995096535000001,-0.488952633344385,-0.516933043361381,0.477388868174474
-45.2423095703125,8.392333984375,-406.951904296875,-33.3404541015625,-7.7056884765625,-319.82421875,1.97224807739258,-10.04860496521,-0.514032661914825,0.260355234146118,0.0241898167878389,0.0882754996418953,-0.875598430633545,-5.26969623565674,7.79950046539307,-0.0606755875051022,-0.145219296216965,0.00161364011000842,0.847146689891815,-9.93360805511475,-2.98882174491882,-0.179125025868416,0.0585079379379749,0.0764592885971069,-0.348423182964325,-7.76846742630005,4.01219511032104,-0.00802985485643148,0.483278453350067,-0.255554795265198,14.115236647,2.298120355,-0.9989112475,-0.489664465860791,-0.518200507152223,0.480668582765068
-45.318603515625,8.27789306640625,-406.723022460938,-33.3404541015625,-7.66754150390625,-319.900512695313,1.99409365653992,-10.0607709884644,-0.509998440742493,0.260544776916504,0.0296406708657742,0.0878343805670738,-0.878897428512573,-5.26360416412354,7.79982423782349,-0.060804259032011,-0.145122483372688,0.0018570824759081,0.836816370487213,-9.91520595550537,-2.98874640464783,-0.177989527583122,0.0642638131976128,0.0756958946585655,-0.358492642641068,-7.75902366638184,4.00277233123779,-0.0106145106256008,0.48405984044075,-0.256290376186371,14.121414368,2.31750078,-1.00272596,-0.490376298377197,-0.519467970943066,0.483948297355664
-45.3948974609375,8.1634521484375,-406.494140625,-33.3404541015625,-7.62939453125,-319.976806640625,2.01593923568726,-10.0729370117188,-0.505964159965515,0.260734289884567,0.0350915268063545,0.0873932614922523,-0.882196426391602,-5.25751161575317,7.80014753341675,-0.0609329268336296,-0.145025685429573,0.0021005249582231,0.826485991477966,-9.896803855896,-2.98867082595825,-0.176854014396667,0.0700196847319603,0.0749325007200241,-0.36856210231781,-7.74957942962646,3.9933500289917,-0.0131991663947701,0.484841197729111,-0.257025986909866,14.127592089,2.336881205,-1.0065406725,-0.491088130893602,-0.520735434733908,0.487228011946258
-45.3948974609375,8.1634521484375,-406.875610351563,-33.2260131835938,-7.36236572265625,-320.358276367188,2.02328562736511,-10.082691192627,-0.499320447444916,0.260986715555191,0.0416789874434471,0.0872280448675156,-0.88883364200592,-5.25506639480591,7.80085706710815,-0.0610546469688416,-0.145120441913605,0.00222775875590742,0.814920842647552,-9.8789758682251,-2.9845974445343,-0.174468889832497,0.0746345147490501,0.0741352140903473,-0.378571659326553,-7.74781084060669,3.98859286308289,-0.0166297014802694,0.485525757074356,-0.257469147443771,14.13376981,2.35626163,-1.010355385,-0.491799963410008,-0.522002898524751,0.490507726536854
-45.3948974609375,8.1634521484375,-407.257080078125,-33.111572265625,-7.0953369140625,-320.73974609375,2.01613283157349,-10.090033531189,-0.490067332983017,0.261302053928375,0.0494030602276325,0.0873387381434441,-0.898809015750885,-5.25626850128174,7.80195236206055,-0.0611694194376469,-0.145406767725945,0.00223878398537636,0.802120864391327,-9.86172103881836,-2.9765260219574,-0.170834138989449,0.0781083032488823,0.0733040347695351,-0.388521254062653,-7.75371742248535,3.98850107192993,-0.0209061149507761,0.486113488674164,-0.257619857788086,14.139947531,2.375642055,-1.0141700975,-0.492511795926414,-0.523270362315594,0.49378744112745
-45.318603515625,8.1634521484375,-406.951904296875,-33.0734252929688,-6.7138671875,-320.73974609375,2.00898003578186,-10.0973749160767,-0.480814218521118,0.261617362499237,0.0571271330118179,0.0874494314193726,-0.90878438949585,-5.25747060775757,7.80304765701294,-0.0612841919064522,-0.145693093538284,0.0022498092148453,0.789320826530457,-9.84446620941162,-2.96845436096191,-0.1671993881464,0.0815820917487144,0.0724728554487228,-0.398470848798752,-7.75962400436401,3.98840928077698,-0.0251825284212828,0.486701250076294,-0.257770568132401,14.146125252,2.39502248,-1.01798481,-0.493223628442819,-0.524537826106436,0.497067155718045
-45.2423095703125,8.1634521484375,-406.646728515625,-33.0352783203125,-6.3323974609375,-320.73974609375,2.00182723999023,-10.1047172546387,-0.471561104059219,0.261932671070099,0.0648512095212936,0.0875601246953011,-0.918759763240814,-5.25867223739624,7.80414295196533,-0.0613989643752575,-0.145979419350624,0.00226083444431424,0.776520848274231,-9.82721138000488,-2.96038293838501,-0.163564637303352,0.0850558876991272,0.07164166867733,-0.408420443534851,-7.76553058624268,3.98831748962402,-0.0294589418917894,0.487288981676102,-0.257921278476715,14.152302973,2.414402905,-1.0217995225,-0.493935460959225,-0.525805289897279,0.500346870308641
-45.3567504882813,8.087158203125,-406.723022460938,-32.958984375,-6.40869140625,-320.816040039063,1.9946745634079,-10.1120586395264,-0.462307989597321,0.262248009443283,0.0725752785801888,0.0876708179712296,-0.928735196590424,-5.25987434387207,7.80523824691772,-0.0615137331187725,-0.146265730261803,0.00227185967378318,0.763720870018005,-9.80995655059814,-2.95231151580811,-0.159929886460304,0.0885296761989594,0.0708104893565178,-0.41837003827095,-7.77143716812134,3.98822569847107,-0.0337353572249413,0.487876743078232,-0.25807198882103,14.158480694,2.43378333,-1.025614235,-0.494647293475631,-0.527072753688122,0.503626584899235
-45.47119140625,8.0108642578125,-406.79931640625,-32.8826904296875,-6.4849853515625,-320.892333984375,1.98752176761627,-10.1194000244141,-0.453054875135422,0.262563318014145,0.0802993476390839,0.0877815037965775,-0.938710570335388,-5.2610764503479,7.80633354187012,-0.0616285055875778,-0.146552056074142,0.00228288513608277,0.75092089176178,-9.79270267486572,-2.9442400932312,-0.156295135617256,0.0920034646987915,0.0699793100357056,-0.428319662809372,-7.77734375,3.98813390731812,-0.0380117706954479,0.488464504480362,-0.258222699165344,14.164658415,2.453163755,-1.0294289475,-0.495359125992037,-0.528340217478964,0.506906299489831
-45.2804565429688,7.89642333984375,-406.723022460938,-32.806396484375,-6.59942626953125,-321.502685546875,1.98036897182465,-10.1267423629761,-0.443801760673523,0.262878626585007,0.0880234241485596,0.087892197072506,-0.948685944080353,-5.26227807998657,7.80742883682251,-0.0617432780563831,-0.146838381886482,0.00229391036555171,0.738120913505554,-9.77544784545898,-2.9361686706543,-0.152660384774208,0.0954772531986237,0.0691481232643127,-0.438269257545471,-7.78325033187866,3.98804211616516,-0.0422881841659546,0.48905223608017,-0.258373409509659,14.170836136,2.47254418,-1.03324366,-0.496070958508443,-0.529607681269807,0.510186014080427
-45.0897216796875,7.781982421875,-406.646728515625,-32.7301025390625,-6.7138671875,-322.113037109375,1.97321629524231,-10.1340837478638,-0.434548646211624,0.263193964958191,0.0957474932074547,0.0880028903484344,-0.958661317825317,-5.2634801864624,7.8085241317749,-0.0618580505251884,-0.147124707698822,0.00230493559502065,0.725320875644684,-9.75819301605225,-2.92809700965881,-0.149025619029999,0.0989510416984558,0.0683169439435005,-0.44821885228157,-7.78915691375732,3.98795032501221,-0.0465645976364613,0.4896399974823,-0.258524119853973,14.177013857,2.491924605,-1.0370583725,-0.496782791024848,-0.53087514506065,0.513465728671021
-45.166015625,7.82012939453125,-407.028198242188,-33.0734252929688,-6.7138671875,-322.113037109375,1.96606349945068,-10.1414260864258,-0.425295531749725,0.263509273529053,0.10347156971693,0.0881135836243629,-0.968636751174927,-5.26468229293823,7.80961942672729,-0.0619728192687035,-0.147411018610001,0.00231596082448959,0.712520897388458,-9.74093818664551,-2.92002558708191,-0.145390868186951,0.102424830198288,0.0674857646226883,-0.45816844701767,-7.79506349563599,3.98785853385925,-0.0508410111069679,0.490227729082108,-0.258674830198288,14.183191578,2.51130503,-1.040873085,-0.497494623541254,-0.532142608851493,0.516745443261617
-45.2423095703125,7.8582763671875,-407.40966796875,-33.416748046875,-6.7138671875,-322.113037109375,1.95891082286835,-10.1487674713135,-0.416042387485504,0.263824611902237,0.111195638775826,0.0882242769002914,-0.978612124919891,-5.2658839225769,7.81071472167969,-0.0620875917375088,-0.14769734442234,0.00232698605395854,0.699720919132233,-9.72368335723877,-2.911954164505,-0.141756117343903,0.10589861869812,0.0666545778512955,-0.468118041753769,-7.80097055435181,3.9877667427063,-0.0551174245774746,0.490815490484238,-0.258825570344925,14.189369299,2.530685455,-1.0446877975,-0.49820645605766,-0.533410072642335,0.520025157852211
-45.2423095703125,7.9345703125,-407.180786132813,-33.5311889648438,-6.90460205078125,-322.494506835938,1.95175802707672,-10.1561098098755,-0.406789273023605,0.264139920473099,0.118919715285301,0.0883349701762199,-0.988587498664856,-5.26708602905273,7.81181001663208,-0.0622023642063141,-0.14798367023468,0.00233801128342748,0.686920940876007,-9.70642852783203,-2.9038827419281,-0.138121366500854,0.109372414648533,0.0658233985304832,-0.478067636489868,-7.80687713623047,3.98767495155334,-0.0593938417732716,0.491403222084045,-0.25897628068924,14.19554702,2.55006588,-1.04850251,-0.498918288574066,-0.534677536433178,0.523304872442808
-45.2423095703125,8.0108642578125,-406.951904296875,-33.6456298828125,-7.0953369140625,-322.8759765625,1.9446052312851,-10.1634511947632,-0.397536158561707,0.264455229043961,0.126643791794777,0.0884456560015678,-0.998562872409821,-5.26828813552856,7.81290531158447,-0.0623171366751194,-0.14826999604702,0.00234903674572706,0.674120903015137,-9.68917465209961,-2.89581108093262,-0.134486615657806,0.112846203148365,0.064992219209671,-0.48801726102829,-7.81278371810913,3.98758316040039,-0.0636702552437782,0.491990983486176,-0.259126991033554,14.195546972,2.5500658495,-1.0485032295,-0.499219488277761,-0.535605920775947,0.528095477043888
-45.2423095703125,8.087158203125,-407.028198242188,-33.6837768554688,-7.28607177734375,-322.952270507813,1.93745255470276,-10.1707935333252,-0.388283044099808,0.264770567417145,0.134367853403091,0.0885563492774963,-1.00853824615479,-5.26948976516724,7.81400060653687,-0.0624319054186344,-0.148556306958199,0.002360061975196,0.661320924758911,-9.67191982269287,-2.88773965835571,-0.130851864814758,0.116319991648197,0.0641610324382782,-0.497966855764389,-7.81869029998779,3.98749136924744,-0.0679466649889946,0.492578715085983,-0.259277701377869,14.195546924,2.550065819,-1.048503949,-0.499520687981457,-0.536534305118716,0.532886081644966
-45.2423095703125,8.1634521484375,-407.1044921875,-33.721923828125,-7.476806640625,-323.028564453125,1.93029975891113,-10.1781349182129,-0.379029929637909,0.265085875988007,0.142091929912567,0.0886670425534248,-1.01851367950439,-5.27069187164307,7.81509590148926,-0.0625466778874397,-0.148842632770538,0.00237108720466495,0.648520946502686,-9.65466499328613,-2.87966823577881,-0.12721711397171,0.119793780148029,0.063329853117466,-0.507916450500488,-7.82459688186646,3.98739957809448,-0.0722230821847916,0.493166476488113,-0.259428411722183,14.195546876,2.5500657885,-1.0485046685,-0.499821887685153,-0.537462689461485,0.537676686246047
-45.5856323242188,8.12530517578125,-406.875610351563,-33.7982177734375,-7.62939453125,-323.410034179688,1.90378975868225,-10.1689424514771,-0.372465252876282,0.26509690284729,0.148750945925713,0.0895121172070503,-1.02247059345245,-5.27642965316772,7.81405019760132,-0.0623820759356022,-0.149480223655701,0.00217053946107626,0.634028077125549,-9.64609718322754,-2.86809372901917,-0.122942253947258,0.120519638061523,0.0625844225287437,-0.517960011959076,-7.85243940353394,4.00655460357666,-0.0761368870735168,0.493657439947128,-0.258655220270157,14.195546828,2.550065758,-1.048505388,-0.500123087388848,-0.538391073804254,0.542467290847124
-45.928955078125,8.087158203125,-406.646728515625,-33.87451171875,-7.781982421875,-323.79150390625,1.87727975845337,-10.1597499847412,-0.365900576114655,0.265107929706573,0.155409976840019,0.0903571918606758,-1.02642750740051,-5.28216695785522,7.81300449371338,-0.0622174739837646,-0.150117814540863,0.00196999195031822,0.619535207748413,-9.63752937316895,-2.8565194606781,-0.118667393922806,0.121245503425598,0.0618389993906021,-0.528003573417664,-7.88028144836426,4.02570962905884,-0.0800506919622421,0.494148403406143,-0.257882058620453,14.19554678,2.5500657275,-1.0485061075,-0.500424287092544,-0.539319458147023,0.547257895448205
-45.5474853515625,7.97271728515625,-406.646728515625,-33.8363647460938,-7.9345703125,-324.172973632813,1.85076975822449,-10.1505575180054,-0.359335899353027,0.265118986368179,0.162068992853165,0.0912022739648819,-1.03038442134857,-5.28790473937988,7.81195878982544,-0.0620528720319271,-0.150755405426025,0.00176944420672953,0.605042338371277,-9.62896156311035,-2.84494495391846,-0.114392533898354,0.121971361339092,0.0610935725271702,-0.538047134876251,-7.90812397003174,4.04486513137817,-0.0839644968509674,0.494639366865158,-0.257108867168427,14.195546732,2.550065697,-1.048506827,-0.50072548679624,-0.540247842489792,0.552048500049286
-45.166015625,7.8582763671875,-406.646728515625,-33.7982177734375,-8.087158203125,-324.554443359375,1.82425963878632,-10.1413650512695,-0.3527712225914,0.265130013227463,0.16872800886631,0.0920473486185074,-1.03434133529663,-5.29364204406738,7.8109130859375,-0.0618882700800896,-0.151392981410027,0.00156889646314085,0.590549528598785,-9.62039279937744,-2.83337044715881,-0.110117673873901,0.122697219252586,0.0603481456637383,-0.548090696334839,-7.93596601486206,4.06402015686035,-0.0878783017396927,0.495130300521851,-0.2563356757164,14.195546684,2.5500656665,-1.0485075465,-0.501026686499936,-0.541176226832561,0.556839104650363
-45.2804565429688,7.82012939453125,-406.417846679688,-33.7600708007813,-8.12530517578125,-324.40185546875,1.79774963855743,-10.1321725845337,-0.346206545829773,0.265141040086746,0.175387039780617,0.0928924232721329,-1.03829824924469,-5.29937982559204,7.80986785888672,-0.061723668128252,-0.152030572295189,0.00136834883596748,0.576056659221649,-9.61182498931885,-2.82179617881775,-0.105842813849449,0.123423084616661,0.0596027188003063,-0.558134198188782,-7.96380853652954,4.08317518234253,-0.091792106628418,0.495621263980865,-0.255562484264374,14.195546636,2.550065636,-1.048508266,-0.501327886203632,-0.54210461117533,0.561629709251444
-45.3948974609375,7.781982421875,-406.18896484375,-33.721923828125,-8.1634521484375,-324.249267578125,1.77123963832855,-10.1229801177979,-0.339641869068146,0.26515206694603,0.182046055793762,0.0937374979257584,-1.04225516319275,-5.30511713027954,7.80882215499878,-0.0615590661764145,-0.152668163180351,0.00116780120879412,0.561563789844513,-9.60325717926025,-2.81022167205811,-0.101567953824997,0.124148942530155,0.0588572919368744,-0.568177759647369,-7.99165058135986,4.10233020782471,-0.0957059115171432,0.49611222743988,-0.25478932261467,14.195546588,2.5500656055,-1.0485089855,-0.501629085907327,-0.543032995518099,0.566420313852522
-45.2804565429688,7.82012939453125,-406.341552734375,-33.8363647460938,-7.9345703125,-324.859619140625,1.74472963809967,-10.113787651062,-0.333077222108841,0.265163123607635,0.188705071806908,0.0945825800299644,-1.04621207714081,-5.3108549118042,7.80777645111084,-0.061394464224577,-0.153305754065514,0.000967253465205431,0.547070920467377,-9.59468936920166,-2.79864716529846,-0.0972930938005447,0.124874800443649,0.0581118650734425,-0.578221321105957,-8.01949310302734,4.12148523330688,-0.0996197238564491,0.496603190898895,-0.254016131162643,14.19554654,2.550065575,-1.048509705,-0.501930285611023,-0.543961379860868,0.571210918453602
-45.166015625,7.8582763671875,-406.494140625,-33.9508056640625,-7.7056884765625,-325.469970703125,1.71821963787079,-10.1045951843262,-0.326512545347214,0.265174150466919,0.195364102721214,0.0954276546835899,-1.05016899108887,-5.3165922164917,7.8067307472229,-0.0612298622727394,-0.153943344950676,0.000766705779824406,0.53257805109024,-9.58612155914307,-2.7870728969574,-0.0930182337760925,0.125600665807724,0.0573664382100105,-0.588264882564545,-8.04733562469482,4.14064025878906,-0.103533528745174,0.49709415435791,-0.253242939710617,14.195546492,2.5500655445,-1.0485104245,-0.502231485314719,-0.544889764203638,0.576001523054683
-45.2423095703125,7.74383544921875,-406.417846679688,-34.2178344726563,-7.51495361328125,-325.393676757813,1.69170963764191,-10.0954027175903,-0.319947868585587,0.265185177326202,0.20202311873436,0.0962727293372154,-1.05412590503693,-5.32232999801636,7.80568504333496,-0.0610652603209019,-0.154580935835838,0.000566158152651042,0.518085181713104,-9.57755374908447,-2.77549839019775,-0.0887433737516403,0.126326531171799,0.0566210113465786,-0.598308444023132,-8.0751781463623,4.1597957611084,-0.1074473336339,0.497585117816925,-0.252469778060913,14.195546444,2.550065514,-1.048511144,-0.502532685018414,-0.545818148546406,0.580792127655761
-45.318603515625,7.62939453125,-406.341552734375,-34.48486328125,-7.32421875,-325.3173828125,1.66519963741302,-10.0862102508545,-0.313383191823959,0.265196204185486,0.208682134747505,0.0971178039908409,-1.05808281898499,-5.32806730270386,7.80463933944702,-0.0609006583690643,-0.155218526721001,0.000365610467270017,0.503592312335968,-9.56898593902588,-2.76392388343811,-0.0844685137271881,0.127052381634712,0.0558755844831467,-0.60835200548172,-8.10301971435547,4.17895078659058,-0.111361138522625,0.49807608127594,-0.251696586608887,14.195546396,2.5500654835,-1.0485118635,-0.50283388472211,-0.546746532889176,0.585582732256841
-45.2423095703125,7.82012939453125,-405.8837890625,-34.5611572265625,-7.13348388671875,-325.851440429688,1.63868951797485,-10.0770177841187,-0.306818515062332,0.265207231044769,0.215341165661812,0.0979628786444664,-1.06203973293304,-5.33380508422852,7.80359363555908,-0.0607360564172268,-0.155856102705002,0.000165062781888992,0.489099472761154,-9.56041717529297,-2.75234961509705,-0.0801936537027359,0.127778246998787,0.0551301576197147,-0.618395566940308,-8.13086223602295,4.19810581207275,-0.11527494341135,0.498567014932632,-0.25092339515686,14.195546348,2.550065453,-1.048512583,-0.503135084425806,-0.547674917231945,0.590373336857919
-45.166015625,8.0108642578125,-405.426025390625,-34.637451171875,-6.9427490234375,-326.385498046875,1.61217951774597,-10.0678253173828,-0.300253838300705,0.265218287706375,0.222000181674957,0.0988079607486725,-1.0659966468811,-5.33954238891602,7.80254793167114,-0.0605714544653893,-0.156493693590164,-3.54848889401183e-05,0.47460663318634,-9.55184936523438,-2.7407751083374,-0.0759187936782837,0.1285040974617,0.0543847307562828,-0.628439128398895,-8.15870475769043,4.21726083755493,-0.119188748300076,0.499057978391647,-0.250150233507156,14.1955463,2.5500654225,-1.0485133025,-0.503436284129502,-0.548603301574714,0.595163941459
-45.2423095703125,7.9345703125,-405.2734375,-34.6755981445313,-6.866455078125,-326.309204101563,1.58566951751709,-10.058632850647,-0.293689161539078,0.265229314565659,0.228659197688103,0.099653035402298,-1.06995356082916,-5.34528017044067,7.8015022277832,-0.0604068525135517,-0.157131284475327,-0.000236032559769228,0.460113763809204,-9.54328155517578,-2.72920060157776,-0.0716439336538315,0.129229962825775,0.0536393038928509,-0.638482689857483,-8.18654727935791,4.23641586303711,-0.123102553188801,0.499548941850662,-0.24937704205513,14.195546252,2.550065392,-1.048514022,-0.503737483833197,-0.549531685917483,0.59995454606008
-45.318603515625,7.8582763671875,-405.120849609375,-34.7137451171875,-6.7901611328125,-326.23291015625,1.56226897239685,-10.0493516921997,-0.286884784698486,0.265377968549728,0.233246371150017,0.100466251373291,-1.06638407707214,-5.34846591949463,7.80009269714355,-0.0600845962762833,-0.15750053524971,-0.000393694470403716,0.447609424591064,-9.53676414489746,-2.71943736076355,-0.068443089723587,0.129541024565697,0.0528509989380836,-0.64919501543045,-8.22042369842529,4.24363708496094,-0.12522941827774,0.499878764152527,-0.24841719865799,14.195546204,2.5500653615,-1.0485147415,-0.504038683536893,-0.550460070260252,0.604745150661158
-45.318603515625,7.89642333984375,-405.349731445313,-34.6755981445313,-6.6375732421875,-326.766967773438,1.54197800159454,-10.0399808883667,-0.279840707778931,0.265664279460907,0.235761672258377,0.101247608661652,-1.05528807640076,-5.34910011291504,7.7983193397522,-0.0596046820282936,-0.157601431012154,-0.000508470577187836,0.437093645334244,-9.5322961807251,-2.71148538589478,-0.0663162618875504,0.129437282681465,0.0520198233425617,-0.660576224327087,-8.26033592224121,4.23892402648926,-0.125569343566895,0.500047445297241,-0.247270703315735,14.195546156,2.550065331,-1.048515461,-0.504339883240589,-0.551388454603021,0.609535755262239
-45.318603515625,7.9345703125,-405.57861328125,-34.637451171875,-6.4849853515625,-327.301025390625,1.52168703079224,-10.0306100845337,-0.272796601057053,0.265950590372086,0.238276973366737,0.102028965950012,-1.04419207572937,-5.34973430633545,7.79654598236084,-0.0591247715055943,-0.157702341675758,-0.000623246654868126,0.426577866077423,-9.52782821655273,-2.70353317260742,-0.0641894415020943,0.129333540797234,0.0511886440217495,-0.671957433223724,-8.30024814605713,4.23421096801758,-0.125909268856049,0.5002161860466,-0.24612420797348,14.195546108,2.5500653005,-1.0485161805,-0.504641082944285,-0.55231683894579,0.614326359863317
-45.3567504882813,7.89642333984375,-405.2734375,-34.5993041992188,-6.561279296875,-327.377319335938,1.50139605998993,-10.0212392807007,-0.265752524137497,0.266236901283264,0.240792274475098,0.102810330688953,-1.03309607505798,-5.35036849975586,7.79477262496948,-0.0586448572576046,-0.157803237438202,-0.000738022790756077,0.416062086820602,-9.52336120605469,-2.69558119773865,-0.0620626136660576,0.129229813814163,0.0503574684262276,-0.683338642120361,-8.34016036987305,4.2294979095459,-0.126249179244041,0.500384867191315,-0.244977712631226,14.19554606,2.55006527,-1.0485169,-0.50494228264798,-0.553245223288559,0.619116964464397
-45.3948974609375,7.8582763671875,-404.96826171875,-34.5611572265625,-6.6375732421875,-327.45361328125,1.48110508918762,-10.0118684768677,-0.258708447217941,0.266523212194443,0.243307575583458,0.103591687977314,-1.0220000743866,-5.35100269317627,7.79299926757813,-0.0581649430096149,-0.157904148101807,-0.000852798868436366,0.405546307563782,-9.51889324188232,-2.68762898445129,-0.0599357858300209,0.129126071929932,0.0495262891054153,-0.694719851016998,-8.38007259368896,4.22478485107422,-0.126589104533195,0.500553548336029,-0.243831217288971,14.195545835,2.5500651725,-1.0485182225,-0.505309580790702,-0.554190219069509,0.624769837861533
-45.3948974609375,7.781982421875,-404.891967773438,-34.637451171875,-6.82830810546875,-327.911376953125,1.46081411838531,-10.0024976730347,-0.251664340496063,0.266809523105621,0.245822891592979,0.104373045265675,-1.01090407371521,-5.35163688659668,7.79122543334961,-0.0576850324869156,-0.158005058765411,-0.000967575004324317,0.395030528306961,-9.51442527770996,-2.67967700958252,-0.0578089617192745,0.1290223300457,0.0486951097846031,-0.706101059913635,-8.41998481750488,4.22007179260254,-0.12692902982235,0.500722289085388,-0.242684721946716,14.19554561,2.550065075,-1.048519545,-0.505676878933424,-0.555135214850459,0.630422711258665
-45.3948974609375,7.7056884765625,-404.815673828125,-34.7137451171875,-7.01904296875,-328.369140625,1.44052314758301,-9.99312686920166,-0.244620263576508,0.2670958340168,0.24833819270134,0.105154402554035,-0.999808073043823,-5.35227108001709,7.78945207595825,-0.0572051182389259,-0.158105954527855,-0.00108235108200461,0.38451474905014,-9.50995826721191,-2.67172479629517,-0.0556821338832378,0.128918588161469,0.0478639341890812,-0.717482268810272,-8.4598970413208,4.21535873413086,-0.127268955111504,0.500890970230103,-0.241538226604462,14.195545385,2.5500649775,-1.0485208675,-0.506044177076146,-0.556080210631409,0.636075584655801
-45.2041625976563,7.82012939453125,-404.891967773438,-34.7137451171875,-7.32421875,-328.369140625,1.4202321767807,-9.98375606536865,-0.237576186656952,0.267382144927979,0.250853478908539,0.105935759842396,-0.988712131977081,-5.3529052734375,7.78767871856689,-0.0567252039909363,-0.15820686519146,-0.0011971271596849,0.37399896979332,-9.50549030303955,-2.66377282142639,-0.0535553097724915,0.128814846277237,0.047032754868269,-0.728863477706909,-8.49980926513672,4.21064615249634,-0.127608880400658,0.501059651374817,-0.240391716361046,14.19554516,2.55006488,-1.04852219,-0.506411475218868,-0.557025206412358,0.641728458052933
-45.013427734375,7.9345703125,-404.96826171875,-34.7137451171875,-7.62939453125,-328.369140625,1.39994120597839,-9.97438526153564,-0.230532094836235,0.267668455839157,0.25336879491806,0.106717117130756,-0.977616131305695,-5.35353946685791,7.78590536117554,-0.0562452934682369,-0.158307760953903,-0.00131190335378051,0.363483190536499,-9.50102233886719,-2.65582060813904,-0.0514284819364548,0.128711104393005,0.046201579272747,-0.740244686603546,-8.53972148895264,4.20593309402466,-0.127948805689812,0.501228392124176,-0.239245221018791,14.195544935,2.5500647825,-1.0485235125,-0.50677877336159,-0.557970202193309,0.647381331450069
-45.013427734375,7.89642333984375,-404.815673828125,-34.9044799804688,-7.66754150390625,-328.750610351563,1.3796501159668,-9.96501445770264,-0.223488003015518,0.267954736948013,0.255884110927582,0.107498474419117,-0.966520130634308,-5.35417366027832,7.78413200378418,-0.0557653792202473,-0.158408671617508,-0.0014266794314608,0.352967381477356,-9.49655532836914,-2.64786863327026,-0.0493016578257084,0.128607362508774,0.0453703999519348,-0.751625835895538,-8.57963371276855,4.20122003555298,-0.128288730978966,0.50139707326889,-0.238098725676537,14.19554471,2.550064685,-1.048524835,-0.507146071504312,-0.558915197974259,0.653034204847204
-45.013427734375,7.8582763671875,-404.6630859375,-35.09521484375,-7.7056884765625,-329.132080078125,1.35935914516449,-9.95564365386963,-0.216443926095963,0.268241047859192,0.258399397134781,0.108279839158058,-0.955424129962921,-5.35480785369873,7.78235864639282,-0.0552854649722576,-0.158509567379951,-0.00154145550914109,0.342451602220535,-9.49208736419678,-2.63991641998291,-0.0471748299896717,0.128503635525703,0.0445392243564129,-0.763007044792175,-8.61954593658447,4.1965069770813,-0.128628641366959,0.501565754413605,-0.236952230334282,14.195544485,2.5500645875,-1.0485261575,-0.507513369647033,-0.559860193755208,0.658687078244337
-44.9752807617188,7.8582763671875,-404.6630859375,-35.247802734375,-7.82012939453125,-329.208374023438,1.33906817436218,-9.94627285003662,-0.209399834275246,0.26852735877037,0.260914713144302,0.109061196446419,-0.944328129291534,-5.35544204711914,7.78058481216431,-0.054805550724268,-0.158610478043556,-0.00165623158682138,0.331935822963715,-9.48761940002441,-2.63196444511414,-0.0450480058789253,0.128399893641472,0.0437080450356007,-0.774388253688812,-8.65945816040039,4.19179391860962,-0.128968566656113,0.501734435558319,-0.235805734992027,14.19554426,2.55006449,-1.04852748,-0.507880667789755,-0.560805189536158,0.664339951641472
-44.9371337890625,7.8582763671875,-404.6630859375,-35.400390625,-7.9345703125,-329.28466796875,1.31877720355988,-9.93690204620361,-0.20235575735569,0.268813669681549,0.263429999351501,0.109842553734779,-0.933232128620148,-5.35607624053955,7.77881145477295,-0.0543256402015686,-0.158711373806,-0.00177100778091699,0.321420043706894,-9.48315238952637,-2.62401223182678,-0.0429211780428886,0.12829615175724,0.0428768694400787,-0.785769462585449,-8.69937038421631,4.18708086013794,-0.129308491945267,0.501903176307678,-0.234659239649773,14.195544035,2.5500643925,-1.0485288025,-0.508247965932477,-0.561750185317108,0.669992825038605
-44.708251953125,7.781982421875,-404.6630859375,-35.552978515625,-7.9345703125,-329.437255859375,1.29848623275757,-9.92753124237061,-0.195311665534973,0.269099980592728,0.265945315361023,0.11062391102314,-0.922136127948761,-5.35671043395996,7.77703809738159,-0.0538457259535789,-0.158812284469604,-0.00188578385859728,0.310904264450073,-9.478684425354,-2.61606025695801,-0.0407943539321423,0.128192409873009,0.0420456901192665,-0.797150671482086,-8.73928260803223,4.18236780166626,-0.129648417234421,0.502071857452393,-0.233512744307518,14.19554381,2.550064295,-1.048530125,-0.508615264075199,-0.562695181098058,0.675645698435741
-44.4793701171875,7.7056884765625,-404.6630859375,-35.70556640625,-7.9345703125,-329.58984375,1.28959429264069,-9.92539691925049,-0.189779683947563,0.269676715135574,0.265356004238129,0.110968261957169,-0.917643904685974,-5.34962224960327,7.78128862380981,-0.0538416132330894,-0.158611729741096,-0.00135604187380522,0.295384049415588,-9.47231864929199,-2.61014246940613,-0.0410005375742912,0.128765031695366,0.0416045300662518,-0.806117594242096,-8.76963710784912,4.14898109436035,-0.127252891659737,0.501846373081207,-0.2331822514534,14.195543585,2.5500641975,-1.0485314475,-0.508982562217921,-0.563640176879008,0.681298571832876
-44.708251953125,7.74383544921875,-404.510498046875,-35.5148315429688,-7.89642333984375,-329.818725585938,1.28070247173309,-9.92326354980469,-0.184247687458992,0.270253449678421,0.264766693115234,0.111312612891197,-0.913151741027832,-5.34253406524658,7.78553915023804,-0.0538375005125999,-0.15841118991375,-0.000826300005428493,0.279863834381104,-9.46595191955566,-2.60422444343567,-0.0412067249417305,0.129337653517723,0.0411633737385273,-0.81508457660675,-8.79999160766602,4.11559391021729,-0.124857358634472,0.501620948314667,-0.232851773500443,14.19554336,2.5500641,-1.04853277,-0.509349860360643,-0.564585172659958,0.686951445230008
-44.9371337890625,7.781982421875,-404.35791015625,-35.3240966796875,-7.8582763671875,-330.047607421875,1.27181053161621,-9.92112922668457,-0.178715705871582,0.270830184221268,0.26417738199234,0.111656963825226,-0.908659517765045,-5.33544588088989,7.78978967666626,-0.0538333877921104,-0.158210635185242,-0.00029655804974027,0.264343649148941,-9.45958614349365,-2.59830665588379,-0.0414129085838795,0.12991027534008,0.0407222136855125,-0.82405149936676,-8.83034515380859,4.08220720291138,-0.122461825609207,0.501395463943481,-0.232521280646324,14.195543135,2.5500640025,-1.0485340925,-0.509717158503365,-0.565530168440908,0.692604318627144
-44.9371337890625,7.7056884765625,-404.052734375,-35.400390625,-7.62939453125,-330.047607421875,1.26291871070862,-9.91899490356445,-0.173183724284172,0.271406918764114,0.263588100671768,0.112001314759254,-0.904167294502258,-5.3283576965332,7.79404067993164,-0.0538292750716209,-0.158010095357895,0.000233183891396038,0.248823419213295,-9.45321941375732,-2.59238862991333,-0.0416190959513187,0.130482912063599,0.0402810536324978,-0.83301842212677,-8.86069965362549,4.04882001876831,-0.120066300034523,0.501170039176941,-0.232190787792206,14.19554291,2.550063905,-1.048535415,-0.510084456646086,-0.566475164221858,0.698257192024276
-44.9371337890625,7.62939453125,-403.74755859375,-35.4766845703125,-7.4005126953125,-330.047607421875,1.25402677059174,-9.91686058044434,-0.167651727795601,0.271983653306961,0.262998789548874,0.112345665693283,-0.899675071239471,-5.32126951217651,7.79829120635986,-0.0538251623511314,-0.157809540629387,0.000762925832532346,0.233303219079971,-9.44685363769531,-2.58647084236145,-0.0418252795934677,0.131055533885956,0.039839893579483,-0.841985404491425,-8.89105415344238,4.0154333114624,-0.117670767009258,0.500944554805756,-0.231860309839249,14.195542685,2.5500638075,-1.0485367375,-0.510451754788808,-0.567420160002808,0.703910065421412
-44.86083984375,7.59124755859375,-403.74755859375,-35.6292724609375,-7.13348388671875,-330.429077148438,1.24513483047485,-9.91472721099854,-0.162119746208191,0.272560387849808,0.26240947842598,0.112690016627312,-0.895182907581329,-5.31418132781982,7.80254173278809,-0.0538210496306419,-0.15760900080204,0.0012926678173244,0.217783004045486,-9.4404878616333,-2.58055305480957,-0.042031466960907,0.131628155708313,0.0393987372517586,-0.850952327251434,-8.92140865325928,3.98204612731934,-0.115275233983994,0.500719130039215,-0.23152981698513,14.19554246,2.55006371,-1.04853806,-0.510819052931531,-0.568365155783758,0.709562938818548
-44.7845458984375,7.5531005859375,-403.74755859375,-35.7818603515625,-6.866455078125,-330.810546875,1.23624300956726,-9.91259288787842,-0.156587764620781,0.273137122392654,0.261820167303085,0.11303436011076,-0.890690684318542,-5.30709314346313,7.80679225921631,-0.0538169406354427,-0.157408446073532,0.00182240968570113,0.202262803912163,-9.43412113189697,-2.57463502883911,-0.042237650603056,0.13220077753067,0.0389575771987438,-0.859919309616089,-8.95176315307617,3.94865918159485,-0.112879708409309,0.50049364566803,-0.231199324131012,14.195542235,2.5500636125,-1.0485393825,-0.511186351074252,-0.569310151564707,0.71521581221568
-44.7463989257813,7.62939453125,-403.671264648438,-35.7437133789063,-6.82830810546875,-330.429077148438,1.22735106945038,-9.9104585647583,-0.15105576813221,0.273713856935501,0.261230856180191,0.113378711044788,-0.886198461055756,-5.30000495910645,7.81104278564453,-0.0538128279149532,-0.157207906246185,0.00235215155407786,0.186742588877678,-9.42775535583496,-2.56871724128723,-0.0424438379704952,0.132773399353027,0.0385164171457291,-0.868886232376099,-8.98211765289307,3.91527223587036,-0.110484175384045,0.500268220901489,-0.230868846178055,14.19554201,2.550063515,-1.048540705,-0.511553649216974,-0.570255147345658,0.720868685612816
-44.708251953125,7.7056884765625,-403.594970703125,-35.70556640625,-6.7901611328125,-330.047607421875,1.21845924854279,-9.9083251953125,-0.1455237865448,0.274290591478348,0.260641545057297,0.113723061978817,-0.881706237792969,-5.29291677474976,7.81529331207275,-0.0538087151944637,-0.157007351517677,0.00288189365528524,0.171222373843193,-9.42138862609863,-2.56279921531677,-0.0426500216126442,0.133346021175385,0.0380752570927143,-0.877853155136108,-9.01247119903564,3.88188529014587,-0.108088649809361,0.500042736530304,-0.230538353323936,14.195541785,2.5500634175,-1.0485420275,-0.511920947359696,-0.571200143126607,0.726521559009948
-44.5938110351563,7.7056884765625,-403.366088867188,-35.70556640625,-6.6375732421875,-330.581665039063,1.2095673084259,-9.90619087219238,-0.13999180495739,0.274867326021194,0.260052233934402,0.114067412912846,-0.877214074134827,-5.28582859039307,7.81954383850098,-0.0538046024739742,-0.156806811690331,0.00341163552366197,0.155702173709869,-9.41502285003662,-2.55688142776489,-0.0428562089800835,0.133918642997742,0.0376341007649899,-0.886820137500763,-9.04282569885254,3.84849834442139,-0.105693116784096,0.499817311763763,-0.230207860469818,14.19554156,2.55006332,-1.04854335,-0.512288245502418,-0.572145138907557,0.732174432407084
-44.4793701171875,7.7056884765625,-403.13720703125,-35.70556640625,-6.4849853515625,-331.11572265625,1.20067536830902,-9.90405654907227,-0.134459808468819,0.275444060564041,0.259462952613831,0.114411763846874,-0.87272185087204,-5.27874040603638,7.82379484176636,-0.0538004897534847,-0.156606256961823,0.00394137762486935,0.140181958675385,-9.40865707397461,-2.55096364021301,-0.0430623926222324,0.13449127972126,0.0371929407119751,-0.895787060260773,-9.07318019866943,3.8151113986969,-0.103297583758831,0.499591857194901,-0.229877382516861,14.226541678,2.571188463,-1.054456307,-0.513208131909161,-0.573187142657658,0.738012719517551
-44.5556640625,7.5531005859375,-402.984619140625,-35.7818603515625,-6.40869140625,-331.039428710938,1.19178354740143,-9.90192317962646,-0.128927826881409,0.276020795106888,0.258873641490936,0.114756114780903,-0.868229627609253,-5.27165222167969,7.82804536819458,-0.0537963770329952,-0.156405717134476,0.00447111949324608,0.12466175109148,-9.40229034423828,-2.54504561424255,-0.0432685799896717,0.135063901543617,0.0367517806589603,-0.904753983020782,-9.10353469848633,3.78172445297241,-0.100902058184147,0.499366402626038,-0.229546889662743,14.257541796,2.592313606,-1.060369264,-0.514128018315904,-0.574229146407759,0.743851006628015
-44.6319580078125,7.4005126953125,-402.83203125,-35.858154296875,-6.3323974609375,-330.963134765625,1.18289160728455,-9.89978885650635,-0.123395837843418,0.276597529649734,0.258284330368042,0.115100465714931,-0.863737404346466,-5.264564037323,7.8322958946228,-0.0537922643125057,-0.156205162405968,0.00500086136162281,0.109141543507576,-9.39592456817627,-2.53912782669067,-0.0434747636318207,0.135636523365974,0.0363106206059456,-0.913720965385437,-9.13388919830322,3.74833750724792,-0.0985065251588821,0.499140948057175,-0.229216396808624,14.288541914,2.613438749,-1.066282221,-0.515047904722648,-0.57527115015786,0.749689293738482
-44.4793701171875,7.51495361328125,-402.755737304688,-35.8200073242188,-6.21795654296875,-331.039428710938,1.17648565769196,-9.90374660491943,-0.117051757872105,0.277353346347809,0.257033318281174,0.115451745688915,-0.862972497940063,-5.26124095916748,7.83524560928345,-0.0537777543067932,-0.155956223607063,0.00531618762761354,0.0931022688746452,-9.38796234130859,-2.53333139419556,-0.0440543033182621,0.13592141866684,0.0357498154044151,-0.918176114559174,-9.15460395812988,3.71401262283325,-0.0964285358786583,0.501030921936035,-0.229072600603104,14.319542032,2.634563892,-1.072195178,-0.515967791129391,-0.57631315390796,0.755527580848946
-44.3267822265625,7.62939453125,-402.679443359375,-35.7818603515625,-6.103515625,-331.11572265625,1.17256557941437,-9.91379737854004,-0.109895572066307,0.278288275003433,0.255120605230331,0.115809947252274,-0.865934789180756,-5.26168346405029,7.83689403533936,-0.0537528470158577,-0.15565887093544,0.00541709829121828,0.0765439420938492,-9.37840366363525,-2.5276563167572,-0.0450071953237057,0.135918587446213,0.0350693613290787,-0.918119490146637,-9.16567897796631,3.67874932289124,-0.0946680903434753,0.505036354064941,-0.22911548614502,14.35054215,2.655689035,-1.078108135,-0.516887677536134,-0.577355157658061,0.761365867959413
-44.1741943359375,7.5531005859375,-402.52685546875,-35.8200073242188,-6.103515625,-331.268310546875,1.16864550113678,-9.92384719848633,-0.102739386260509,0.279223203659058,0.253207862377167,0.116168148815632,-0.868897080421448,-5.26212596893311,7.83854293823242,-0.0537279397249222,-0.155361533164978,0.00551800848916173,0.0599856078624725,-9.36884593963623,-2.52198123931885,-0.0459600910544395,0.135915771126747,0.0343889035284519,-0.918062806129456,-9.17675399780273,3.64348602294922,-0.0929076448082924,0.509041845798492,-0.229158356785774,14.381542268,2.676814178,-1.084021092,-0.517807563942878,-0.578397161408162,0.767204155069881
-44.0216064453125,7.476806640625,-402.374267578125,-35.858154296875,-6.103515625,-331.4208984375,1.16472554206848,-9.93389797210693,-0.0955832004547119,0.280158132314682,0.251295149326324,0.11652635037899,-0.87185937166214,-5.26256847381592,7.84019136428833,-0.0537030287086964,-0.155064180493355,0.00561891915276647,0.0434272773563862,-9.35928726196289,-2.51630616188049,-0.0469129830598831,0.13591293990612,0.0337084494531155,-0.918006181716919,-9.18782901763916,3.6082227230072,-0.0911471992731094,0.513047277927399,-0.22920124232769,14.412542386,2.697939321,-1.089934049,-0.518727450349621,-0.579439165158263,0.773042442180345
-44.2123413085938,7.476806640625,-402.069091796875,-35.8963012695313,-6.37054443359375,-331.649780273438,1.16080546379089,-9.94394779205322,-0.0884270220994949,0.281093031167984,0.249382436275482,0.116884551942348,-0.874821722507477,-5.26301097869873,7.8418402671814,-0.0536781214177608,-0.154766842722893,0.0057198298163712,0.0268689449876547,-9.34972953796387,-2.51063108444214,-0.0478658750653267,0.135910108685493,0.033027995377779,-0.917949557304382,-9.19890403747559,3.57295942306519,-0.0893867537379265,0.517052710056305,-0.229244127869606,14.443542504,2.719064464,-1.095847006,-0.519647336756364,-0.580481168908364,0.778880729290812
-44.403076171875,7.476806640625,-401.763916015625,-35.9344482421875,-6.6375732421875,-331.878662109375,1.15688538551331,-9.95399856567383,-0.0812708362936974,0.282027959823608,0.247469708323479,0.117242753505707,-0.877784013748169,-5.26345348358154,7.8434886932373,-0.0536532141268253,-0.15446949005127,0.00582074047997594,0.0103106126189232,-9.34017181396484,-2.50495624542236,-0.0488187670707703,0.135907292366028,0.0323475375771523,-0.917892932891846,-9.20997905731201,3.53769612312317,-0.0876263082027435,0.521058201789856,-0.229287013411522,14.474542622,2.740189607,-1.101759963,-0.520567223163108,-0.581523172658464,0.784719016401276
-44.1741943359375,7.32421875,-401.91650390625,-36.0488891601563,-6.7138671875,-332.107543945313,1.15296530723572,-9.96404838562012,-0.0741146504878998,0.282962888479233,0.245556995272636,0.117600955069065,-0.880746304988861,-5.26389598846436,7.84513759613037,-0.0536283068358898,-0.154172152280807,0.00592165114358068,-0.00624771835282445,-9.3306131362915,-2.49928116798401,-0.0497716590762138,0.135904461145401,0.0316670835018158,-0.917836308479309,-9.22105407714844,3.50243282318115,-0.0858658626675606,0.525063633918762,-0.229329898953438,14.50554274,2.76131475,-1.10767292,-0.521487109569851,-0.582565176408565,0.790557303511743
-43.9453125,7.171630859375,-402.069091796875,-36.163330078125,-6.7901611328125,-332.33642578125,1.14904522895813,-9.97409915924072,-0.0669584646821022,0.283897817134857,0.243644267320633,0.117959156632423,-0.883708596229553,-5.26433849334717,7.84678602218628,-0.0536033995449543,-0.153874799609184,0.00602256134152412,-0.0228060502558947,-9.32105541229248,-2.49360609054565,-0.0507245548069477,0.135901629924774,0.0309866294264793,-0.917779624462128,-9.23212909698486,3.46716952323914,-0.0841054171323776,0.529069066047668,-0.229372769594193,14.536542858,2.782439893,-1.113585877,-0.522406995976594,-0.583607180158666,0.79639559062221
-44.0216064453125,7.13348388671875,-401.687622070313,-36.0488891601563,-6.82830810546875,-332.565307617188,1.14512515068054,-9.98414897918701,-0.0598022826015949,0.284832715988159,0.241731554269791,0.118317358195782,-0.88667094707489,-5.26478099822998,7.84843492507935,-0.0535784922540188,-0.153577461838722,0.00612347200512886,-0.0393643826246262,-9.31149673461914,-2.4879310131073,-0.0516774468123913,0.135898813605309,0.0303061734884977,-0.917723000049591,-9.24320411682129,3.43190622329712,-0.0823449715971947,0.533074557781219,-0.229415655136108,14.567542976,2.803565036,-1.119498834,-0.523326882383337,-0.584649183908767,0.802233877732674
-44.097900390625,7.0953369140625,-401.30615234375,-35.9344482421875,-6.866455078125,-332.794189453125,1.14120507240295,-9.99419975280762,-0.0526461005210876,0.285767644643784,0.239818826317787,0.11867555975914,-0.889633238315582,-5.26522350311279,7.85008335113525,-0.0535535849630833,-0.153280109167099,0.0062243826687336,-0.0559227131307125,-9.30193901062012,-2.48225593566895,-0.0526303388178349,0.135895982384682,0.0296257175505161,-0.917666375637054,-9.25427913665771,3.39664316177368,-0.0805845260620117,0.537079989910126,-0.229458540678024,14.598543094,2.824690179,-1.125411791,-0.524246768790081,-0.585691187658868,0.808072164843142
-44.097900390625,7.05718994140625,-401.153564453125,-36.0107421875,-6.75201416015625,-332.870483398438,1.13728511333466,-10.0042495727539,-0.0454899147152901,0.286702573299408,0.237906113266945,0.119033761322498,-0.892595529556274,-5.26566600799561,7.85173225402832,-0.0535286739468575,-0.152982771396637,0.00632529333233833,-0.0724810436367989,-9.29238033294678,-2.47658085823059,-0.0535832308232784,0.135893151164055,0.0289452634751797,-0.917609751224518,-9.26535415649414,3.36137986183167,-0.0788240805268288,0.541085422039032,-0.22950142621994,14.629543212,2.845815322,-1.131324748,-0.525166655196824,-0.586733191408968,0.813910451953605
-44.097900390625,7.01904296875,-401.0009765625,-36.0870361328125,-6.6375732421875,-332.94677734375,1.13336503505707,-10.0143003463745,-0.0383337326347828,0.287637501955032,0.235993385314941,0.119391962885857,-0.895557820796967,-5.26610851287842,7.85338068008423,-0.0535037666559219,-0.152685418725014,0.00642620353028178,-0.0890393778681755,-9.28282260894775,-2.47090601921082,-0.0545361265540123,0.135890319943428,0.0282648075371981,-0.917553067207336,-9.27642917633057,3.32611656188965,-0.0770636349916458,0.545090854167938,-0.229544296860695,14.66054333,2.866940465,-1.137237705,-0.526086541603567,-0.587775195159069,0.819748739064073
-44.2123413085938,7.01904296875,-400.924682617188,-36.0488891601563,-6.561279296875,-332.794189453125,1.12944495677948,-10.0243501663208,-0.0311775486916304,0.288572400808334,0.234080672264099,0.119750164449215,-0.898520171642303,-5.26655101776123,7.85502958297729,-0.0534788593649864,-0.152388080954552,0.00652711419388652,-0.105597704648972,-9.27326393127441,-2.46523094177246,-0.0554890185594559,0.135887503623962,0.0275843534618616,-0.9174964427948,-9.28750419616699,3.29085326194763,-0.0753031894564629,0.549096345901489,-0.229587182402611,14.691543448,2.888065608,-1.143150662,-0.527006428010311,-0.58881719890917,0.82558702617454
-44.3267822265625,7.01904296875,-400.848388671875,-36.0107421875,-6.4849853515625,-332.6416015625,1.12552487850189,-10.0344009399414,-0.0240213647484779,0.289507329463959,0.232167944312096,0.120108366012573,-0.901482462882996,-5.26699352264404,7.8566780090332,-0.0534539520740509,-0.152090728282928,0.00662802485749125,-0.122156038880348,-9.26370620727539,-2.45955586433411,-0.0564419105648994,0.135884672403336,0.02690389752388,-0.917439818382263,-9.29857921600342,3.25558996200562,-0.0735427439212799,0.553101778030396,-0.229630067944527,14.722543566,2.909190751,-1.149063619,-0.527926314417054,-0.589859202659271,0.831425313285004
-44.1741943359375,7.01904296875,-400.543212890625,-36.163330078125,-6.37054443359375,-332.794189453125,1.11411821842194,-10.0387620925903,-0.0225158203393221,0.290836423635483,0.230648055672646,0.120441667735577,-0.904095888137817,-5.26936435699463,7.85566377639771,-0.0532534085214138,-0.151653692126274,0.00648833811283112,-0.137924388051033,-9.2578010559082,-2.45415449142456,-0.0573450066149235,0.134978771209717,0.0263590067625046,-0.920433282852173,-9.29948711395264,3.23659896850586,-0.0734017491340637,0.560878574848175,-0.229039490222931,14.753543684,2.930315894,-1.154976576,-0.528846200823798,-0.590901206409372,0.837263600395471
-44.0216064453125,7.01904296875,-400.238037109375,-36.31591796875,-6.256103515625,-332.94677734375,1.10271143913269,-10.0431241989136,-0.0210102740675211,0.292165488004684,0.229128167033195,0.12077496945858,-0.906709372997284,-5.27173519134521,7.85464906692505,-0.053052868694067,-0.15121665596962,0.00634865090250969,-0.153692752122879,-9.25189590454102,-2.44875335693359,-0.0582480989396572,0.134072855114937,0.0258141178637743,-0.923426687717438,-9.30039596557617,3.21760821342468,-0.0732607543468475,0.56865531206131,-0.228448912501335,14.784543802,2.951441037,-1.160889533,-0.529766087230541,-0.591943210159472,0.843101887505935
-44.1360473632813,6.90460205078125,-400.08544921875,-36.3540649414063,-6.29425048828125,-332.870483398438,1.09130477905273,-10.0474853515625,-0.0195047296583652,0.293494582176208,0.227608278393745,0.121108271181583,-0.909322798252106,-5.2741060256958,7.85363483428955,-0.0528523251414299,-0.150779619812965,0.00620896415784955,-0.169461101293564,-9.24599075317383,-2.44335198402405,-0.0591511949896812,0.133166953921318,0.0252692271023989,-0.926420152187347,-9.30130386352539,3.19861721992493,-0.0731197595596313,0.576432108879089,-0.227858319878578,14.81554392,2.97256618,-1.16680249,-0.530685973637284,-0.592985213909573,0.848940174616402
-44.25048828125,6.7901611328125,-399.932861328125,-36.3922119140625,-6.3323974609375,-332.794189453125,1.07989799976349,-10.0518474578857,-0.0179991852492094,0.294823676347733,0.226088389754295,0.121441572904587,-0.911936283111572,-5.27647686004639,7.85262060165405,-0.0526517815887928,-0.150342583656311,0.00606927741318941,-0.185229450464249,-9.24008560180664,-2.4379506111145,-0.0600542910397053,0.132261052727699,0.0247243382036686,-0.929413557052612,-9.30221176147461,3.17962622642517,-0.0729787647724152,0.584208846092224,-0.227267742156982,14.815543924,2.972566107,-1.1668048985,-0.530893358841785,-0.59348220085068,0.854291197784589
-44.0216064453125,6.90460205078125,-399.7802734375,-36.2777709960938,-6.29425048828125,-333.328247070313,1.06849133968353,-10.0562086105347,-0.0164936389774084,0.296152740716934,0.224568501114845,0.12177486717701,-0.914549708366394,-5.27884769439697,7.8516058921814,-0.0524512380361557,-0.149905547499657,0.00592959020286798,-0.200997814536095,-9.23418045043945,-2.43254923820496,-0.060957383364439,0.131355151534081,0.0241794474422932,-0.932407021522522,-9.30311965942383,3.16063547134399,-0.072837769985199,0.591985642910004,-0.226677164435387,14.815543928,2.972566034,-1.166807307,-0.531100744046285,-0.593979187791786,0.859642220952773
-43.792724609375,7.01904296875,-399.627685546875,-36.163330078125,-6.256103515625,-333.8623046875,1.05708456039429,-10.0605707168579,-0.0149880945682526,0.297481834888458,0.223048612475395,0.122108168900013,-0.917163193225861,-5.28121852874756,7.8505916595459,-0.0522506982088089,-0.149468511343002,0.00578990345820785,-0.216766163706779,-9.22827529907227,-2.42714810371399,-0.061860479414463,0.130449235439301,0.0236345585435629,-0.935400426387787,-9.30402851104736,3.14164447784424,-0.0726967751979828,0.599762439727783,-0.226086586713791,14.815543932,2.972565961,-1.1668097155,-0.531308129250786,-0.594476174732893,0.86499324412096
-43.7164306640625,7.05718994140625,-399.703979492188,-36.1251831054688,-5.98907470703125,-333.633422851563,1.04567790031433,-10.0649318695068,-0.0134825492277741,0.298810929059982,0.221528738737106,0.122441470623016,-0.919776618480682,-5.28358936309814,7.8495774269104,-0.0520501546561718,-0.149031475186348,0.00565021671354771,-0.232534527778625,-9.22237014770508,-2.42174673080444,-0.0627635717391968,0.129543334245682,0.0230896677821875,-0.938393890857697,-9.30493640899658,3.12265372276306,-0.0725557804107666,0.607539176940918,-0.225496008992195,14.815543936,2.972565888,-1.166812124,-0.531515514455287,-0.594973161673999,0.870344267289143
-43.64013671875,7.0953369140625,-399.7802734375,-36.0870361328125,-5.7220458984375,-333.404541015625,1.03427112102509,-10.0692939758301,-0.0119770048186183,0.300139993429184,0.220008850097656,0.12277477234602,-0.922390103340149,-5.28596019744873,7.84856271743774,-0.0518496111035347,-0.148594439029694,0.00551052950322628,-0.24830287694931,-9.21646499633789,-2.4163453578949,-0.0636666715145111,0.128637433052063,0.0225447788834572,-0.941387295722961,-9.3058443069458,3.10366272926331,-0.0724147856235504,0.615315973758698,-0.224905431270599,14.81554394,2.972565815,-1.1668145325,-0.531722899659788,-0.595470148615106,0.87569529045733
-43.6019897460938,7.05718994140625,-399.398803710938,-36.2777709960938,-5.68389892578125,-333.633422851563,1.02286446094513,-10.073655128479,-0.0104714594781399,0.301469087600708,0.218488961458206,0.123108074069023,-0.925003528594971,-5.28833103179932,7.84754848480225,-0.0516490675508976,-0.148157402873039,0.00537084275856614,-0.264071226119995,-9.2105598449707,-2.41094398498535,-0.0645697638392448,0.127731516957283,0.0219998881220818,-0.944380760192871,-9.30675315856934,3.08467173576355,-0.0722737908363342,0.623092710971832,-0.224314838647842,14.815543944,2.972565742,-1.166816941,-0.531930284864288,-0.595967135556213,0.881046313625517
-43.5638427734375,7.01904296875,-399.017333984375,-36.468505859375,-5.645751953125,-333.8623046875,1.01145768165588,-10.0780172348022,-0.00896591506898403,0.302798181772232,0.216969072818756,0.123441375792027,-0.927616953849792,-5.2907018661499,7.84653425216675,-0.0514485277235508,-0.147720366716385,0.005231156013906,-0.27983957529068,-9.20465469360352,-2.40554285049438,-0.0654728561639786,0.126825615763664,0.0214549973607063,-0.947374224662781,-9.30766105651855,3.06568098068237,-0.072132796049118,0.630869507789612,-0.223724260926247,14.815543948,2.972565669,-1.1668193495,-0.532137670068789,-0.596464122497319,0.8863973367937
-43.64013671875,7.01904296875,-398.788452148438,-36.468505859375,-5.68389892578125,-333.938598632813,1.00005102157593,-10.0823783874512,-0.00746036972850561,0.304127246141434,0.215449184179306,0.12377467751503,-0.930230438709259,-5.29307270050049,7.84551954269409,-0.0512479841709137,-0.147283330559731,0.00509146880358458,-0.295607954263687,-9.19874954223633,-2.40014147758484,-0.0663759559392929,0.125919714570045,0.0209101084619761,-0.950367629528046,-9.30856895446777,3.04668998718262,-0.0719918012619019,0.638646304607391,-0.223133683204651,14.815543952,2.972565596,-1.166821758,-0.53234505527329,-0.596961109438426,0.891748359961887
-43.7164306640625,7.01904296875,-398.5595703125,-36.468505859375,-5.7220458984375,-334.014892578125,0.988644242286682,-10.0867404937744,-0.00595482438802719,0.305456340312958,0.213929295539856,0.124107979238033,-0.932843863964081,-5.29544353485107,7.84450531005859,-0.0510474406182766,-0.146846294403076,0.00495178205892444,-0.311376303434372,-9.19284439086914,-2.39474010467529,-0.0672790482640266,0.125013798475266,0.0203652177006006,-0.953361093997955,-9.30947780609131,3.02769899368286,-0.0718508064746857,0.646423041820526,-0.222543105483055,14.815543956,2.972565523,-1.1668241665,-0.53255244047779,-0.597458096379532,0.897099383130071
-43.792724609375,7.01904296875,-398.406982421875,-36.6973876953125,-5.79833984375,-334.014892578125,0.977237522602081,-10.0911016464233,-0.00444927951321006,0.306785434484482,0.212409406900406,0.124441280961037,-0.935457348823547,-5.29781436920166,7.8434910774231,-0.0508468970656395,-0.146409258246422,0.0048120953142643,-0.327144652605057,-9.18693923950195,-2.38933873176575,-0.0681821405887604,0.124107897281647,0.0198203288018703,-0.95635449886322,-9.31038570404053,3.00870823860168,-0.0717098116874695,0.654199838638306,-0.221952527761459,14.81554396,2.97256545,-1.166826575,-0.532759825682291,-0.597955083320639,0.902450406298258
-43.8690185546875,7.01904296875,-398.25439453125,-36.92626953125,-5.8746337890625,-334.014892578125,0.967082023620605,-10.09348487854,-0.00346314162015915,0.308068156242371,0.209792762994766,0.12488729506731,-0.936595976352692,-5.29691505432129,7.84241104125977,-0.0507196635007858,-0.146106377243996,0.00490683643147349,-0.343379557132721,-9.18387126922607,-2.38151383399963,-0.0694019496440887,0.122494600713253,0.0190375540405512,-0.963442385196686,-9.30651473999023,2.99344754219055,-0.0719096958637238,0.658328652381897,-0.221171796321869,14.815543964,2.972565377,-1.1668289835,-0.532967210886792,-0.598452070261745,0.907801429466444
-43.8690185546875,7.0953369140625,-398.025512695313,-36.773681640625,-5.83648681640625,-334.243774414063,0.958177745342255,-10.0938892364502,-0.00299641047604382,0.309304535388947,0.206079378724098,0.125446021556854,-0.936259865760803,-5.29274559020996,7.84126615524292,-0.0506657361984253,-0.145937666296959,0.0052360063418746,-0.360081017017365,-9.18364143371582,-2.37126493453979,-0.0709384605288506,0.120173916220665,0.0180168952792883,-0.974624633789063,-9.29786491394043,2.98191714286804,-0.0724504515528679,0.65880960226059,-0.220200940966606,14.815543968,2.972565304,-1.166831392,-0.533174596091293,-0.598949057202852,0.913152452634628
-43.8690185546875,7.171630859375,-397.796630859375,-36.62109375,-5.79833984375,-334.47265625,0.949273467063904,-10.0942935943604,-0.00252967956475914,0.3105408847332,0.202365979552269,0.126004755496979,-0.935923755168915,-5.28857612609863,7.84012126922607,-0.0506118088960648,-0.145768955349922,0.00556517578661442,-0.37678250670433,-9.18341159820557,-2.36101603507996,-0.072474978864193,0.117853231728077,0.0169962365180254,-0.985806941986084,-9.28921508789063,2.97038698196411,-0.072991207242012,0.659290492534637,-0.219230085611343,14.815543972,2.972565231,-1.1668338005,-0.533381981295793,-0.599446044143959,0.918503475802815
-43.6782836914063,7.0953369140625,-397.186279296875,-36.5447998046875,-5.98907470703125,-334.396362304688,0.940369188785553,-10.0946979522705,-0.00206294842064381,0.311777263879776,0.198652595281601,0.126563489437103,-0.935587584972382,-5.2844066619873,7.83897638320923,-0.0505578815937042,-0.145600244402885,0.00589434569701552,-0.393483966588974,-9.18318176269531,-2.3507673740387,-0.0740114897489548,0.115532547235489,0.0159755758941174,-0.996989190578461,-9.28056526184082,2.9588565826416,-0.0735319629311562,0.659771382808685,-0.218259230256081,14.815543976,2.972565158,-1.166836209,-0.533589366500294,-0.599943031085065,0.923854498970999
-43.487548828125,7.01904296875,-396.575927734375,-36.468505859375,-6.1798095703125,-334.320068359375,0.931464850902557,-10.0951023101807,-0.0015962173929438,0.313013643026352,0.194939211010933,0.127122223377228,-0.935251474380493,-5.28023719787598,7.83783149719238,-0.0505039542913437,-0.145431533455849,0.00622351514175534,-0.410185426473618,-9.18295192718506,-2.34051847457886,-0.0755480006337166,0.113211862742901,0.014954918064177,-1.00817143917084,-9.27191543579102,2.94732618331909,-0.0740727186203003,0.660252332687378,-0.217288374900818,14.81554398,2.972565085,-1.1668386175,-0.533796751704795,-0.600440018026172,0.929205522139185
-43.792724609375,7.0953369140625,-396.347045898438,-36.5447998046875,-6.37054443359375,-334.396362304688,0.922560572624207,-10.0955066680908,-0.00112948624882847,0.314249992370605,0.191225811839104,0.127680957317352,-0.934915363788605,-5.27606773376465,7.83668661117554,-0.0504500269889832,-0.145262822508812,0.00655268505215645,-0.426886916160583,-9.18272113800049,-2.33026957511902,-0.077084518969059,0.110891178250313,0.0139342583715916,-1.01935374736786,-9.26326560974121,2.93579602241516,-0.0746134743094444,0.660733222961426,-0.216317519545555,14.815543984,2.972565012,-1.166841026,-0.534004136909296,-0.600937004967278,0.934556545307372
-44.097900390625,7.171630859375,-396.1181640625,-36.62109375,-6.561279296875,-334.47265625,0.913656294345856,-10.095911026001,-0.000662755279336125,0.315486371517181,0.187512427568436,0.128239691257477,-0.934579193592072,-5.27189826965332,7.83554172515869,-0.0503960996866226,-0.145094111561775,0.00688185449689627,-0.443588376045227,-9.18249130249023,-2.32002091407776,-0.0786210298538208,0.108570493757725,0.0129135996103287,-1.03053605556488,-9.25461578369141,2.92426562309265,-0.0751542299985886,0.661214113235474,-0.215346664190292,14.815543988,2.972564939,-1.1668434345,-0.534211522113796,-0.601433991908385,0.939907568475556
-43.9453125,7.05718994140625,-395.736694335938,-36.62109375,-6.4849853515625,-334.625244140625,0.904752016067505,-10.0963163375854,-0.000196024207980372,0.316722750663757,0.183799028396606,0.128798425197601,-0.934243083000183,-5.26772928237915,7.83439683914185,-0.0503421686589718,-0.1449254155159,0.00721102440729737,-0.460289835929871,-9.18226146697998,-2.30977201461792,-0.0801575481891632,0.106249809265137,0.0118929408490658,-1.0417183637619,-9.24596691131592,2.91273522377014,-0.0756949856877327,0.661695063114166,-0.21437580883503,14.815543992,2.972564866,-1.166845843,-0.534418907318297,-0.601930978849491,0.945258591643742
-43.792724609375,6.9427490234375,-395.355224609375,-36.62109375,-6.40869140625,-334.77783203125,0.895847678184509,-10.0967206954956,0.00027070683427155,0.317959100008011,0.180085644125938,0.129357159137726,-0.933906972408295,-5.26355981826782,7.833251953125,-0.0502882413566113,-0.144756704568863,0.00754019385203719,-0.476991325616837,-9.18203163146973,-2.29952311515808,-0.081694059073925,0.103929124772549,0.0108722811564803,-1.05290055274963,-9.23731708526611,2.90120506286621,-0.0762357413768768,0.662175953388214,-0.213404953479767,14.815543996,2.972564793,-1.1668482515,-0.534626292522798,-0.602427965790598,0.950609614811926
-43.8308715820313,6.98089599609375,-395.5078125,-36.6592407226563,-6.40869140625,-334.854125976563,0.886943399906158,-10.0971250534058,0.000737437920179218,0.319195479154587,0.17637225985527,0.129915878176689,-0.933570802211761,-5.25939035415649,7.832106590271,-0.0502343140542507,-0.144587993621826,0.0078693637624383,-0.49369278550148,-9.18180179595947,-2.28927445411682,-0.0832305699586868,0.101608440279961,0.00985162239521742,-1.06408286094666,-9.22866725921631,2.8896746635437,-0.0767765045166016,0.662656903266907,-0.212434098124504,14.815544,2.97256472,-1.16685066,-0.534833677727298,-0.602924952731704,0.955960637980113
-43.8690185546875,7.01904296875,-395.660400390625,-36.6973876953125,-6.40869140625,-334.930419921875,0.878039121627808,-10.0975294113159,0.00120416888967156,0.320431858301163,0.172658860683441,0.130474612116814,-0.933234691619873,-5.25522089004517,7.83096170425415,-0.0501803867518902,-0.144419282674789,0.00819853320717812,-0.510394275188446,-9.18157196044922,-2.27902555465698,-0.0847670882940292,0.0992877557873726,0.00883096363395452,-1.07526516914368,-9.2200174331665,2.87814426422119,-0.0773172602057457,0.663137793540955,-0.211463242769241,14.815543951,2.9725646855,-1.1668495705,-0.535120889368292,-0.603252173781553,0.960208656654451
-43.8308715820313,6.90460205078125,-395.126342773438,-36.6973876953125,-6.1798095703125,-334.930419921875,0.869134843349457,-10.0979337692261,0.00167090003378689,0.321668237447739,0.168945476412773,0.131033346056938,-0.932898581027985,-5.25105142593384,7.8298168182373,-0.0501264594495296,-0.144250571727753,0.00852770265191793,-0.52709573507309,-9.18134117126465,-2.26877665519714,-0.086303599178791,0.0969670712947845,0.00781030440703034,-1.0864474773407,-9.2113676071167,2.86661386489868,-0.0778580158948898,0.663618683815002,-0.210492387413979,14.815543902,2.972564651,-1.166848481,-0.535408101009286,-0.603579394831402,0.964456675328787
-43.792724609375,6.7901611328125,-394.59228515625,-36.6973876953125,-5.950927734375,-334.930419921875,0.860230505466461,-10.0983381271362,0.00213763094507158,0.322904586791992,0.165232077240944,0.131592079997063,-0.932562410831451,-5.24688196182251,7.82867193222046,-0.0500725321471691,-0.144081860780716,0.00885687302798033,-0.543797194957733,-9.18111133575439,-2.25852799415588,-0.0878401175141335,0.0946463868021965,0.00678964564576745,-1.09762966632843,-9.20271778106689,2.85508370399475,-0.078398771584034,0.664099633693695,-0.209521532058716,14.815543853,2.9725646165,-1.1668473915,-0.53569531265028,-0.603906615881251,0.968704694003125
-43.6782836914063,6.90460205078125,-394.439697265625,-36.8118286132813,-5.79833984375,-335.235595703125,0.85132622718811,-10.0987424850464,0.00260436208918691,0.324140965938568,0.161518692970276,0.132150813937187,-0.932226300239563,-5.24271249771118,7.82752704620361,-0.0500186048448086,-0.143913149833679,0.00918604247272015,-0.560498654842377,-9.18088150024414,-2.24827909469604,-0.0893766283988953,0.0923257023096085,0.00576898641884327,-1.10881197452545,-9.19406795501709,2.84355330467224,-0.0789395272731781,0.664580523967743,-0.208550676703453,14.815543804,2.972564582,-1.166846302,-0.535982524291274,-0.6042338369311,0.972952712677461
-43.5638427734375,7.01904296875,-394.287109375,-36.92626953125,-5.645751953125,-335.540771484375,0.840865790843964,-10.0987424850464,0.00851604714989662,0.325566858053207,0.15619133412838,0.132659763097763,-0.923495650291443,-5.24298000335693,7.82427263259888,-0.050079457461834,-0.143651753664017,0.00935476366430521,-0.572321712970734,-9.18413639068604,-2.23602652549744,-0.0905632376670837,0.0904973819851875,0.00464737042784691,-1.10961449146271,-9.17212009429932,2.83893609046936,-0.079509325325489,0.660497844219208,-0.20722159743309,14.815543755,2.9725645475,-1.1668452125,-0.536269735932268,-0.604561057980949,0.977200731351799
-43.5638427734375,7.05718994140625,-393.905639648438,-36.92626953125,-5.68389892578125,-335.540771484375,0.830405294895172,-10.0987424850464,0.0144277326762676,0.326992720365524,0.150863990187645,0.133168697357178,-0.914765059947968,-5.24324798583984,7.82101821899414,-0.0501403100788593,-0.143390372395515,0.00952348485589027,-0.584144830703735,-9.18739032745361,-2.22377395629883,-0.0917498469352722,0.0886690691113472,0.00352575466968119,-1.11041700839996,-9.15017223358154,2.83431911468506,-0.0800791233778,0.656415164470673,-0.205892533063889,14.815543706,2.972564513,-1.166844123,-0.536556947573262,-0.604888279030798,0.981448750026137
-43.5638427734375,7.0953369140625,-393.524169921875,-36.92626953125,-5.7220458984375,-335.540771484375,0.819944858551025,-10.0987424850464,0.0203394182026386,0.328418612480164,0.145536631345749,0.133677646517754,-0.906034409999847,-5.2435154914856,7.81776332855225,-0.050201166421175,-0.143128976225853,0.00969220511615276,-0.595967888832092,-9.19064521789551,-2.21152138710022,-0.0929364562034607,0.0868407487869263,0.00240413891151547,-1.11121952533722,-9.12822437286377,2.82970190048218,-0.0806489139795303,0.652332484722137,-0.204563453793526,14.815543657,2.9725644785,-1.1668430335,-0.536844159214256,-0.605215500080647,0.985696768700472
-43.4494018554688,7.13348388671875,-393.295288085938,-36.8881225585938,-5.68389892578125,-335.845947265625,0.809484422206879,-10.0987424850464,0.0262511037290096,0.329844504594803,0.140209287405014,0.134186580777168,-0.897303819656372,-5.24378347396851,7.81450891494751,-0.0502620190382004,-0.14286758005619,0.00986092630773783,-0.607791006565094,-9.19389915466309,-2.19926881790161,-0.0941230580210686,0.0850124359130859,0.00128252303693444,-1.11202204227448,-9.10627746582031,2.8250846862793,-0.0812187120318413,0.648249864578247,-0.203234389424324,14.815543608,2.972564444,-1.166841944,-0.53713137085525,-0.605542721130496,0.98994478737481
-43.3349609375,7.171630859375,-393.06640625,-36.8499755859375,-5.645751953125,-336.151123046875,0.799023926258087,-10.0987424850464,0.0321627892553806,0.33127036690712,0.134881928563118,0.134695529937744,-0.888573169708252,-5.24405097961426,7.81125450134277,-0.0503228716552258,-0.142606198787689,0.0100296474993229,-0.619614064693451,-9.19715404510498,-2.187016248703,-0.095309667289257,0.083184115588665,0.000160907147801481,-1.11282455921173,-9.08432960510254,2.82046747207642,-0.0817885100841522,0.644167184829712,-0.201905310153961,14.815543559,2.9725644095,-1.1668408545,-0.537418582496244,-0.605869942180345,0.994192806049146
-43.2586669921875,7.171630859375,-392.684936523438,-36.8118286132813,-5.60760498046875,-336.074829101563,0.78856348991394,-10.0987424850464,0.0380744747817516,0.332696259021759,0.129554584622383,0.13520447909832,-0.879842579364777,-5.24431848526001,7.80800008773804,-0.0503837242722511,-0.142344802618027,0.010198368690908,-0.631437182426453,-9.20040893554688,-2.17476367950439,-0.0964962765574455,0.0813558027148247,-0.000960708712227643,-1.11362707614899,-9.06238174438477,2.81585049629211,-0.0823583081364632,0.640084505081177,-0.200576230883598,14.81554351,2.972564375,-1.166839765,-0.537705794137238,-0.606197163230194,0.998440824723484
-43.182373046875,7.171630859375,-392.303466796875,-36.773681640625,-5.5694580078125,-335.99853515625,0.778103053569794,-10.0987424850464,0.0439861603081226,0.334122151136398,0.124227233231068,0.135713413357735,-0.871111929416656,-5.24458646774292,7.8047456741333,-0.0504445768892765,-0.142083421349525,0.010367089882493,-0.64326024055481,-9.20366287231445,-2.16251111030579,-0.097682885825634,0.0795274823904037,-0.00208232458680868,-1.11442947387695,-9.04043388366699,2.81123328208923,-0.0829281061887741,0.636001825332642,-0.199247166514397,14.815543461,2.9725643405,-1.1668386755,-0.537993005778232,-0.606524384280043,1.00268884339782
-43.182373046875,7.05718994140625,-392.303466796875,-36.8499755859375,-5.53131103515625,-336.151123046875,0.767642557621002,-10.0987424850464,0.0498978458344936,0.335548013448715,0.118899881839752,0.136222362518311,-0.862381339073181,-5.24485397338867,7.80149126052856,-0.0505054295063019,-0.141822025179863,0.0105358110740781,-0.655083358287811,-9.20691776275635,-2.15025854110718,-0.0988694950938225,0.0776991695165634,-0.0032039403449744,-1.11523199081421,-9.01848602294922,2.80661606788635,-0.0834979042410851,0.631919145584106,-0.197918087244034,14.815543412,2.972564306,-1.166837586,-0.538280217419226,-0.606851605329892,1.00693686207216
-43.182373046875,6.9427490234375,-392.303466796875,-36.92626953125,-5.4931640625,-336.3037109375,0.757182121276855,-10.0987424850464,0.0558095313608646,0.336973905563354,0.113572530448437,0.136731296777725,-0.853650689125061,-5.24512195587158,7.79823637008667,-0.0505662858486176,-0.141560629010201,0.0107045313343406,-0.666906416416168,-9.21017169952393,-2.13800597190857,-0.100056104362011,0.0758708491921425,-0.00432555610314012,-1.11603450775146,-8.99653816223145,2.80199909210205,-0.0840676948428154,0.627836465835571,-0.196589022874832,14.815543363,2.9725642715,-1.1668364965,-0.53856742906022,-0.607178826379741,1.0111848807465
-43.182373046875,6.90460205078125,-391.845703125,-36.8499755859375,-5.76019287109375,-336.532592773438,0.746721684932709,-10.0987424850464,0.0617212168872356,0.338399797677994,0.108245179057121,0.137240245938301,-0.844920039176941,-5.24538946151733,7.79498195648193,-0.0506271384656429,-0.141299247741699,0.0108732525259256,-0.678729474544525,-9.21342658996582,-2.12575340270996,-0.101242713630199,0.0740425363183022,-0.00544717209413648,-1.11683702468872,-8.97459030151367,2.79738187789917,-0.0846374928951263,0.623753786087036,-0.195259943604469,14.815543314,2.972564237,-1.166835407,-0.538854640701213,-0.60750604742959,1.01543289942083
-43.182373046875,6.866455078125,-391.387939453125,-36.773681640625,-6.0272216796875,-336.761474609375,0.736261188983917,-10.0987424850464,0.0676329061388969,0.339825659990311,0.102917827665806,0.137749195098877,-0.836189448833466,-5.24565696716309,7.7917275428772,-0.0506879910826683,-0.141037851572037,0.0110419737175107,-0.690552592277527,-9.21668148040771,-2.11350083351135,-0.102429315447807,0.0722142159938812,-0.00656878808513284,-1.11763954162598,-8.95264339447021,2.79276466369629,-0.0852072909474373,0.619671165943146,-0.193930864334106,14.815543265,2.9725642025,-1.1668343175,-0.539141852342207,-0.607833268479439,1.01968091809517
-43.1442260742188,6.90460205078125,-391.006469726563,-36.9644165039063,-6.14166259765625,-336.9140625,0.725800752639771,-10.0987424850464,0.0735445916652679,0.34125155210495,0.0975904762744904,0.138258129358292,-0.827458798885345,-5.245924949646,7.78847312927246,-0.0507488436996937,-0.140776455402374,0.0112106949090958,-0.702375650405884,-9.21993541717529,-2.10124826431274,-0.103615924715996,0.0703859031200409,-0.00769040361046791,-1.11844205856323,-8.93069553375244,2.78814768791199,-0.0857770889997482,0.615588486194611,-0.192601799964905,14.815543216,2.972564168,-1.166833228,-0.539429063983202,-0.608160489529288,1.02392893676951
-43.1060791015625,6.9427490234375,-390.625,-37.1551513671875,-6.256103515625,-337.066650390625,0.715340316295624,-10.0987424850464,0.0794562771916389,0.342677444219589,0.0922631248831749,0.138767078518867,-0.81872820854187,-5.24619245529175,7.78521871566772,-0.0508096963167191,-0.140515074133873,0.0113794161006808,-0.714198768138885,-9.22319030761719,-2.08899569511414,-0.104802533984184,0.06855758279562,-0.00881201960146427,-1.11924457550049,-8.90874767303467,2.78353047370911,-0.0863468870520592,0.611505806446075,-0.191272720694542,14.815543167,2.9725641335,-1.1668321385,-0.539716275624195,-0.608487710579137,1.02817695544384
-43.182373046875,6.9427490234375,-390.243530273438,-37.2314453125,-6.40869140625,-337.066650390625,0.716071367263794,-10.0955934524536,0.0812080129981041,0.343895852565765,0.0861012116074562,0.139197185635567,-0.809002101421356,-5.24752759933472,7.78218793869019,-0.0507578365504742,-0.140074595808983,0.0116857448592782,-0.72580087184906,-9.22800064086914,-2.0781683921814,-0.106455892324448,0.0659727901220322,-0.010502721183002,-1.11891162395477,-8.88134956359863,2.78500533103943,-0.0878204554319382,0.608225345611572,-0.189837872982025,14.815543118,2.972564099,-1.166831049,-0.540003487265189,-0.608814931628986,1.03242497411818
-43.2586669921875,6.9427490234375,-389.862060546875,-37.3077392578125,-6.561279296875,-337.066650390625,0.727994024753571,-10.0892963409424,0.0787997990846634,0.344906806945801,0.0791047364473343,0.139548450708389,-0.798280596733093,-5.24992942810059,7.77938175201416,-0.0505932606756687,-0.139455020427704,0.0121296821162105,-0.737181961536407,-9.23436641693115,-2.06876611709595,-0.108575999736786,0.0626315101981163,-0.0127625083550811,-1.1174430847168,-8.84850025177002,2.79257202148438,-0.0901978015899658,0.605747044086456,-0.188297241926193,14.815543069,2.9725640645,-1.1668299595,-0.540290698906183,-0.609142152678835,1.03667299279252
-43.0679321289063,6.98089599609375,-389.480590820313,-37.2314453125,-6.561279296875,-337.295532226563,0.739916682243347,-10.0829992294312,0.0763915777206421,0.345917761325836,0.0721082612872124,0.139899730682373,-0.78755909204483,-5.25233125686646,7.77657508850098,-0.0504286848008633,-0.138835445046425,0.0125736193731427,-0.7485631108284,-9.24073219299316,-2.0593638420105,-0.110696107149124,0.0592902339994907,-0.0150222945958376,-1.11597454547882,-8.81565093994141,2.80013871192932,-0.0925751477479935,0.603268802165985,-0.186756610870361,14.81554302,2.97256403,-1.16682887,-0.540577910547177,-0.609469373728684,1.04092101146686
-42.877197265625,7.01904296875,-389.09912109375,-37.1551513671875,-6.561279296875,-337.5244140625,0.751839339733124,-10.0767021179199,0.073983371257782,0.346928685903549,0.0651117935776711,0.140251010656357,-0.776837587356567,-5.25473308563232,7.77376890182495,-0.0502641089260578,-0.138215869665146,0.013017556630075,-0.759944200515747,-9.24709796905518,-2.04996156692505,-0.112816214561462,0.0559489578008652,-0.0172820817679167,-1.11450600624084,-8.78280162811279,2.80770540237427,-0.0949524864554405,0.600790500640869,-0.185215964913368,14.812265947,2.972485716,-1.1670827515,-0.540919252795027,-0.609664301721074,1.04362275835521
-42.877197265625,6.9427490234375,-388.717651367188,-37.2314453125,-6.6375732421875,-337.600708007813,0.763761937618256,-10.0704050064087,0.0715751498937607,0.347939640283585,0.0581153184175491,0.140602275729179,-0.766116082668304,-5.25713491439819,7.77096271514893,-0.0500995330512524,-0.137596294283867,0.0134614938870072,-0.771325290203094,-9.25346374511719,-2.0405592918396,-0.114936321973801,0.0526076816022396,-0.0195418689399958,-1.11303746700287,-8.7499532699585,2.81527209281921,-0.0973298326134682,0.598312258720398,-0.183675333857536,14.808988874,2.972407402,-1.167336633,-0.541260595042877,-0.609859229713463,1.04632450524357
-42.877197265625,6.866455078125,-388.336181640625,-37.3077392578125,-6.7138671875,-337.677001953125,0.775684595108032,-10.0641069412231,0.0691669434309006,0.34895059466362,0.0511188469827175,0.140953555703163,-0.755394518375397,-5.25953722000122,7.76815605163574,-0.0499349571764469,-0.136976718902588,0.0139054311439395,-0.782706439495087,-9.2598295211792,-2.03115677833557,-0.117056429386139,0.0492664016783237,-0.0218016561120749,-1.11156904697418,-8.71710395812988,2.82283902168274,-0.0997071787714958,0.595833957195282,-0.182134702801704,14.805711801,2.972329088,-1.1675905145,-0.541601937290728,-0.610054157705852,1.04902625213193
-42.8009033203125,6.7901611328125,-388.107299804688,-37.3077392578125,-6.67572021484375,-338.058471679688,0.787607252597809,-10.0578098297119,0.0667587220668793,0.349961549043655,0.0441223718225956,0.141304835677147,-0.744673013687134,-5.26193904876709,7.76534986495972,-0.0497703813016415,-0.136357143521309,0.0143493684008718,-0.794087529182434,-9.26619529724121,-2.02175450325012,-0.119176536798477,0.0459251254796982,-0.0240614432841539,-1.11010050773621,-8.68425464630127,2.83040571212769,-0.102084524929523,0.593355715274811,-0.180594071745872,14.802434728,2.972250774,-1.167844396,-0.541943279538578,-0.610249085698241,1.05172799902028
-42.724609375,6.7138671875,-387.87841796875,-37.3077392578125,-6.6375732421875,-338.43994140625,0.799529910087585,-10.0515127182007,0.0643505156040192,0.350972503423691,0.037125900387764,0.141656100749969,-0.733951508998871,-5.26434087753296,7.76254320144653,-0.0496058091521263,-0.13573756814003,0.0147933047264814,-0.805468678474426,-9.27256107330322,-2.01235222816467,-0.121296644210815,0.0425838492810726,-0.026321230456233,-1.10863196849823,-8.65140533447266,2.83797240257263,-0.104461871087551,0.590877413749695,-0.179053440690041,14.799157655,2.97217246,-1.1680982775,-0.542284621786428,-0.610444013690631,1.05442974590864
-42.877197265625,6.90460205078125,-387.649536132813,-37.3077392578125,-6.67572021484375,-338.363647460938,0.811452507972717,-10.0452156066895,0.0619422979652882,0.351983457803726,0.0301294270902872,0.142007380723953,-0.723230004310608,-5.26674270629883,7.75973701477051,-0.0494412332773209,-0.135117992758751,0.0152372419834137,-0.816849768161774,-9.27892684936523,-2.00294995307922,-0.123416751623154,0.0392425730824471,-0.0285810176283121,-1.10716342926025,-8.61855697631836,2.84553909301758,-0.106839217245579,0.588399171829224,-0.177512809634209,14.795880582,2.972094146,-1.168352159,-0.542625964034278,-0.61063894168302,1.057131492797
-43.02978515625,7.0953369140625,-387.420654296875,-37.3077392578125,-6.7138671875,-338.287353515625,0.823375165462494,-10.0389184951782,0.0595340840518475,0.352994412183762,0.0231329556554556,0.142358645796776,-0.712508499622345,-5.2691445350647,7.75693082809448,-0.0492766574025154,-0.134498432278633,0.015681179240346,-0.828230857849121,-9.28529262542725,-1.99354767799377,-0.125536859035492,0.0359012968838215,-0.030840802937746,-1.10569489002228,-8.58570766448975,2.85310578346252,-0.109216563403606,0.585920870304108,-0.175972178578377,14.792603509,2.972015832,-1.1686060405,-0.542967306282128,-0.610833869675409,1.05983323968536
-42.877197265625,7.0953369140625,-386.962890625,-37.3458862304688,-6.67572021484375,-338.592529296875,0.835297822952271,-10.032621383667,0.0571258701384068,0.354005336761475,0.0161364823579788,0.14270992577076,-0.701786994934082,-5.27154636383057,7.7541241645813,-0.04911208152771,-0.133878856897354,0.0161251164972782,-0.839612007141113,-9.29165840148926,-1.98414540290833,-0.12765696644783,0.0325600206851959,-0.0331005901098251,-1.1042263507843,-8.55285835266113,2.86067247390747,-0.111593902111053,0.583442628383636,-0.174431532621384,14.789326436,2.971937518,-1.168859922,-0.543308648529978,-0.611028797667799,1.06253498657371
-42.724609375,7.0953369140625,-386.505126953125,-37.384033203125,-6.6375732421875,-338.897705078125,0.847220480442047,-10.0263233184814,0.054717656224966,0.35501629114151,0.00914000999182463,0.143061205744743,-0.691065430641174,-5.27394866943359,7.75131797790527,-0.0489475056529045,-0.133259281516075,0.0165690537542105,-0.850993096828461,-9.29802417755127,-1.97474300861359,-0.129777073860168,0.0292187426239252,-0.0353603772819042,-1.10275793075562,-8.52000904083252,2.868239402771,-0.113971248269081,0.580964326858521,-0.172890901565552,14.786049363,2.971859204,-1.1691138035,-0.543649990777828,-0.611223725660188,1.06523673346207
-42.6864624023438,7.13348388671875,-386.123657226563,-37.384033203125,-6.561279296875,-339.279174804688,0.859143078327179,-10.0200262069702,0.0523094423115253,0.356027245521545,0.0021435369271785,0.143412470817566,-0.680343925952911,-5.27635049819946,7.74851131439209,-0.0487829297780991,-0.132639706134796,0.0170129910111427,-0.862374246120453,-9.30438995361328,-1.96534073352814,-0.131897181272507,0.0258774645626545,-0.0376201644539833,-1.10128939151764,-8.48716068267822,2.87580609321594,-0.116348594427109,0.578486084938049,-0.17135027050972,14.78277229,2.97178089,-1.169367685,-0.543991333025679,-0.611418653652577,1.06793848035043
-42.6483154296875,7.171630859375,-385.7421875,-37.384033203125,-6.4849853515625,-339.66064453125,0.871065735816956,-10.013729095459,0.0499012283980846,0.357038199901581,-0.00485293567180634,0.14376375079155,-0.669622421264648,-5.27875232696533,7.74570512771606,-0.0486183539032936,-0.132020130753517,0.017456928268075,-0.8737553358078,-9.31075572967529,-1.95593845844269,-0.134017288684845,0.0225361883640289,-0.0398799516260624,-1.09982085227966,-8.45431137084961,2.88337278366089,-0.118725940585136,0.576007783412933,-0.169809639453888,14.779495217,2.971702576,-1.1696215665,-0.544332675273529,-0.611613581644967,1.07064022723879
-42.6864624023438,7.2479248046875,-385.665893554688,-37.4221801757813,-6.59942626953125,-339.584350585938,0.901638388633728,-9.99790477752686,0.0423902869224548,0.357905358076096,-0.0101942308247089,0.143592268228531,-0.660076558589935,-5.28068780899048,7.73884153366089,-0.0481992997229099,-0.13070210814476,0.0183130204677582,-0.881627261638641,-9.31538581848145,-1.95125877857208,-0.136156842112541,0.0181865617632866,-0.0429682545363903,-1.10642313957214,-8.42631435394287,2.91126322746277,-0.122738100588322,0.572551608085632,-0.169024065136909,14.776218144,2.971624262,-1.169875448,-0.544674017521379,-0.611808509637356,1.07334197412714
-42.724609375,7.32421875,-385.589599609375,-37.4603271484375,-6.7138671875,-339.508056640625,0.932211101055145,-9.98207950592041,0.0348793417215347,0.35877251625061,-0.015535525046289,0.143420770764351,-0.650530695915222,-5.28262281417847,7.73197746276855,-0.0477802418172359,-0.129384085536003,0.0191691126674414,-0.889499247074127,-9.32001495361328,-1.94657921791077,-0.138296395540237,0.0138369370251894,-0.0460565537214279,-1.11302554607391,-8.39831829071045,2.93915390968323,-0.126750260591507,0.569095432758331,-0.168238490819931,14.772941071,2.971545948,-1.1701293295,-0.545015359769229,-0.612003437629745,1.0760437210155
-42.6483154296875,7.32421875,-385.284423828125,-37.53662109375,-6.7138671875,-339.9658203125,0.962783753871918,-9.96625518798828,0.0273684002459049,0.359639674425125,-0.020876819267869,0.143249288201332,-0.640984833240509,-5.28455829620361,7.72511386871338,-0.0473611876368523,-0.128066077828407,0.0200252048671246,-0.897371172904968,-9.32464504241943,-1.94189953804016,-0.140435948967934,0.00948731135576963,-0.0491448566317558,-1.11962783336639,-8.37032127380371,2.96704435348511,-0.130762413144112,0.56563925743103,-0.167452916502953,14.769663998,2.971467634,-1.170383211,-0.545356702017079,-0.612198365622134,1.07874546790386
-42.572021484375,7.32421875,-384.979248046875,-37.6129150390625,-6.7138671875,-340.423583984375,0.99335640668869,-9.95043087005615,0.0198574587702751,0.36050683259964,-0.0262181144207716,0.143077790737152,-0.631438970565796,-5.28649377822876,7.7182502746582,-0.0469421297311783,-0.12674805521965,0.0208812970668077,-0.905243158340454,-9.32927513122559,-1.93721985816956,-0.14257550239563,0.00513768522068858,-0.0522331595420837,-1.12623012065887,-8.34232425689697,2.99493503570557,-0.134774565696716,0.562183082103729,-0.166667342185974,14.766386925,2.97138932,-1.1706370925,-0.545698044264929,-0.612393293614524,1.08144721479221
-42.4957275390625,7.32421875,-384.597778320313,-37.5747680664063,-6.67572021484375,-340.499877929688,1.02392911911011,-9.93460655212402,0.0123465163633227,0.361373990774155,-0.0315594077110291,0.142906308174133,-0.621893167495728,-5.28842878341675,7.71138668060303,-0.0465230755507946,-0.125430032610893,0.0217373874038458,-0.913115084171295,-9.33390522003174,-1.93254029750824,-0.144715040922165,0.000788059493061155,-0.0553214624524117,-1.13283252716064,-8.31432819366455,3.02282547950745,-0.138786733150482,0.558726906776428,-0.165881782770157,14.763109852,2.971311006,-1.170890974,-0.54603938651278,-0.612588221606913,1.08414896168057
-42.41943359375,7.32421875,-384.21630859375,-37.53662109375,-6.6375732421875,-340.576171875,1.05450177192688,-9.91878128051758,0.00483557395637035,0.362241148948669,-0.0369007028639317,0.142734810709953,-0.612347304821014,-5.29036426544189,7.70452260971069,-0.0461040176451206,-0.124112010002136,0.022593479603529,-0.920987010002136,-9.33853435516357,-1.92786061763763,-0.146854594349861,-0.00356156635098159,-0.0584097616374493,-1.13943481445313,-8.28633117675781,3.05071616172791,-0.142798885703087,0.555270731449127,-0.165096208453178,14.759832779,2.971232692,-1.1711448555,-0.54638072876063,-0.612783149599302,1.08685070856893
-42.266845703125,7.43865966796875,-384.063720703125,-37.6129150390625,-6.67572021484375,-340.805053710938,1.08507442474365,-9.90295696258545,-0.00267536868341267,0.363108307123184,-0.0422419980168343,0.142563328146935,-0.602801442146301,-5.29229974746704,7.69765901565552,-0.0456849634647369,-0.12279399484396,0.0234495718032122,-0.928858995437622,-9.34316444396973,-1.92318105697632,-0.148994147777557,-0.007911192253232,-0.0614980645477772,-1.1460372209549,-8.25833415985107,3.07860660552979,-0.146811038255692,0.551814556121826,-0.1643106341362,14.756555706,2.971154378,-1.171398737,-0.54672207100848,-0.612978077591692,1.08955245545729
-42.1142578125,7.5531005859375,-383.9111328125,-37.689208984375,-6.7138671875,-341.033935546875,1.11564707756042,-9.88713264465332,-0.0101863108575344,0.363975465297699,-0.0475832931697369,0.142391830682755,-0.593255579471588,-5.29423475265503,7.69079542160034,-0.045265905559063,-0.121475972235203,0.0243056640028954,-0.936730921268463,-9.34779453277588,-1.91850137710571,-0.151133701205254,-0.0122608179226518,-0.0645863637328148,-1.15263950824738,-8.23033809661865,3.10649728775024,-0.150823205709457,0.548358380794525,-0.163525059819221,14.753278633,2.971076064,-1.1716526185,-0.54706341325633,-0.613173005584081,1.09225420234564
-42.2286987304688,7.36236572265625,-383.224487304688,-37.5747680664063,-6.90460205078125,-341.110229492188,1.1462197303772,-9.87130832672119,-0.0176972541958094,0.364842623472214,-0.0529245883226395,0.142220348119736,-0.583709716796875,-5.29617023468018,7.68393135070801,-0.0448468513786793,-0.120157949626446,0.0251617562025785,-0.944602906703949,-9.35242462158203,-1.91382169723511,-0.15327325463295,-0.0166104435920715,-0.0676746666431427,-1.15924179553986,-8.20234107971191,3.13438773155212,-0.154835358262062,0.544902205467224,-0.162739485502243,14.75000156,2.97099775,-1.1719065,-0.54740475550418,-0.61336793357647,1.094955949234
-42.3431396484375,7.171630859375,-382.537841796875,-37.4603271484375,-7.0953369140625,-341.1865234375,1.17679238319397,-9.85548305511475,-0.0252081956714392,0.365709781646729,-0.0582658834755421,0.142048865556717,-0.574163854122162,-5.29810571670532,7.67706775665283,-0.0444277934730053,-0.118839934468269,0.0260178484022617,-0.95247483253479,-9.35705375671387,-1.90914213657379,-0.155412808060646,-0.0209600701928139,-0.0707629695534706,-1.16584420204163,-8.17434406280518,3.16227841377258,-0.158847510814667,0.541446030139923,-0.161953911185265,14.7500026705,2.9709980695,-1.1719112655,-0.54847250520474,-0.613936959640492,1.09588139605754
-42.3812866210938,7.171630859375,-382.766723632813,-37.53662109375,-7.05718994140625,-341.262817382813,1.20736515522003,-9.83965873718262,-0.0327191390097141,0.366576939821243,-0.0636071786284447,0.141877368092537,-0.564617991447449,-5.30004072189331,7.67020416259766,-0.0440087392926216,-0.117521911859512,0.0268739406019449,-0.960346758365631,-9.36168384552002,-1.90446245670319,-0.157552361488342,-0.0253096949309111,-0.0738512724637985,-1.17244648933411,-8.14634799957275,3.19016885757446,-0.162859678268433,0.537989854812622,-0.161168336868286,14.750003781,2.970998389,-1.171916031,-0.549540254905299,-0.614505985704514,1.09680684288108
-42.41943359375,7.171630859375,-382.99560546875,-37.6129150390625,-7.01904296875,-341.339111328125,1.2379378080368,-9.82383441925049,-0.0402300804853439,0.367444097995758,-0.068948470056057,0.141705885529518,-0.555072128772736,-5.30197620391846,7.66334009170532,-0.0435896813869476,-0.116203889250755,0.0277300328016281,-0.968218743801117,-9.36631393432617,-1.89978277683258,-0.159691914916039,-0.0296593215316534,-0.0769395753741264,-1.17904877662659,-8.11835098266602,3.21805953979492,-0.166871830821037,0.534533679485321,-0.160382762551308,14.7500048915,2.9709987085,-1.1719207965,-0.550608004605859,-0.615075011768536,1.09773228970462
-42.266845703125,7.28607177734375,-382.6904296875,-37.6510620117188,-6.98089599609375,-341.644287109375,1.26851046085358,-9.80801010131836,-0.0477410219609737,0.368311256170273,-0.0742897689342499,0.141534388065338,-0.545526266098022,-5.3039116859436,7.65647649765015,-0.0431706272065639,-0.114885874092579,0.0285861250013113,-0.976090669631958,-9.37094402313232,-1.89510321617126,-0.161831468343735,-0.0340089462697506,-0.0800278782844543,-1.18565118312836,-8.09035396575928,3.2459499835968,-0.170883983373642,0.53107750415802,-0.159597188234329,14.750006002,2.970999028,-1.171925562,-0.551675754306418,-0.615644037832558,1.09865773652816
-42.1142578125,7.4005126953125,-382.38525390625,-37.689208984375,-6.9427490234375,-341.949462890625,1.29589354991913,-9.79255867004395,-0.0579026713967323,0.368904590606689,-0.077530212700367,0.14126056432724,-0.541481375694275,-5.30453395843506,7.65225124359131,-0.0426333323121071,-0.113599680364132,0.0294262990355492,-0.984354496002197,-9.37247180938721,-1.89071619510651,-0.163195818662643,-0.03815658390522,-0.0829446390271187,-1.19338595867157,-8.06683254241943,3.27104949951172,-0.174084275960922,0.526344239711761,-0.158654674887657,14.7500071125,2.9709993475,-1.1719303275,-0.552743504006977,-0.61621306389658,1.0995831833517
-42.2286987304688,7.28607177734375,-381.927490234375,-37.7273559570313,-7.0953369140625,-342.025756835938,1.32008719444275,-9.77748107910156,-0.0707150250673294,0.369224041700363,-0.0786698013544083,0.140884384512901,-0.542937457561493,-5.30384302139282,7.65066432952881,-0.0419778004288673,-0.112345315515995,0.0302505567669868,-0.99301016330719,-9.37089729309082,-1.88662171363831,-0.163784965872765,-0.0421022325754166,-0.0856898576021194,-1.20225322246552,-8.04778480529785,3.29335761070251,-0.176472693681717,0.520333826541901,-0.15755520761013,14.750008223,2.970999667,-1.171935093,-0.553811253707537,-0.616782089960602,1.10050863017524
-42.3431396484375,7.171630859375,-381.4697265625,-37.7655029296875,-7.2479248046875,-342.10205078125,1.34428071975708,-9.76240348815918,-0.0835273861885071,0.369543522596359,-0.0798093900084496,0.140508219599724,-0.544393479824066,-5.30315256118774,7.64907789230347,-0.0413222685456276,-0.111090950667858,0.0310748126357794,-1.00166583061218,-9.36932277679443,-1.8825272321701,-0.164374127984047,-0.0460478775203228,-0.0884350761771202,-1.21112036705017,-8.02873706817627,3.31566572189331,-0.178861111402512,0.514323353767395,-0.156455740332603,14.7500093335,2.9709999865,-1.1719398585,-0.554879003408096,-0.617351116024624,1.10143407699878
-42.266845703125,7.171630859375,-381.317138671875,-37.8036499023438,-7.171630859375,-342.330932617188,1.3684743642807,-9.74732685089111,-0.0963397398591042,0.369863003492355,-0.0809489786624908,0.140132054686546,-0.545849561691284,-5.30246162414551,7.64749097824097,-0.0406667366623878,-0.109836585819721,0.0318990685045719,-1.01032149791718,-9.36774826049805,-1.8784327507019,-0.164963290095329,-0.0499935261905193,-0.091180294752121,-1.21998763084412,-8.009690284729,3.33797383308411,-0.181249529123306,0.508312940597534,-0.155356273055077,14.750010444,2.971000306,-1.171944624,-0.555946753108656,-0.617920142088646,1.10235952382233
-42.1905517578125,7.171630859375,-381.16455078125,-37.841796875,-7.0953369140625,-342.559814453125,1.39266788959503,-9.73224925994873,-0.109152093529701,0.370182454586029,-0.0820885747671127,0.139755874872208,-0.547305583953857,-5.30177116394043,7.64590406417847,-0.0400112047791481,-0.108582220971584,0.0327233262360096,-1.01897716522217,-9.36617374420166,-1.8743382692337,-0.16555243730545,-0.0539391748607159,-0.0939255133271217,-1.22885489463806,-7.99064254760742,3.3602819442749,-0.183637946844101,0.502302527427673,-0.15425680577755,14.7500115545,2.9710006255,-1.1719493895,-0.557014502809215,-0.618489168152668,1.10328497064587
-42.3431396484375,7.13348388671875,-380.935668945313,-37.9562377929688,-6.98089599609375,-342.788696289063,1.41686153411865,-9.71717166900635,-0.121964454650879,0.370501935482025,-0.083228163421154,0.13937970995903,-0.548761606216431,-5.30108022689819,7.64431762695313,-0.0393556728959084,-0.107327856123447,0.0335475839674473,-1.02763283252716,-9.36460018157959,-1.8702437877655,-0.166141599416733,-0.0578848198056221,-0.0966707393527031,-1.23772215843201,-7.97159481048584,3.3825900554657,-0.186026364564896,0.496292114257813,-0.153157338500023,14.750012665,2.971000945,-1.171954155,-0.558082252509775,-0.61905819421669,1.10421041746941
-42.4957275390625,7.0953369140625,-380.706787109375,-38.0706787109375,-6.866455078125,-343.017578125,1.44105505943298,-9.70209407806396,-0.134776800870895,0.370821416378021,-0.0843677520751953,0.139003545045853,-0.550217688083649,-5.30038976669312,7.64273071289063,-0.0387001410126686,-0.106073491275311,0.034371841698885,-1.03628849983215,-9.3630256652832,-1.8661493062973,-0.166730761528015,-0.0618304684758186,-0.0994159579277039,-1.24658942222595,-7.95254755020142,3.40489816665649,-0.18841478228569,0.490281671285629,-0.152057871222496,14.7500137755,2.9710012645,-1.1719589205,-0.559150002210334,-0.619627220280713,1.10513586429295
-42.572021484375,7.13348388671875,-380.2490234375,-37.9562377929688,-6.75201416015625,-343.551635742188,1.4652487039566,-9.68701648712158,-0.147589161992073,0.371140867471695,-0.0855073407292366,0.138627365231514,-0.551673710346222,-5.29969882965088,7.64114379882813,-0.0380446054041386,-0.104819118976593,0.0351960994303226,-1.04494404792786,-9.36145114898682,-1.8620548248291,-0.167319908738136,-0.0657761171460152,-0.102161176502705,-1.25545656681061,-7.93349981307983,3.42720627784729,-0.190803185105324,0.484271258115768,-0.150958389043808,14.750014886,2.971001584,-1.171963686,-0.560217751910894,-0.620196246344734,1.10606131111649
-42.6483154296875,7.171630859375,-379.791259765625,-37.841796875,-6.6375732421875,-344.085693359375,1.48944222927094,-9.6719388961792,-0.160401523113251,0.371460348367691,-0.0866469368338585,0.138251200318336,-0.55312979221344,-5.2990083694458,7.63955736160278,-0.0373890735208988,-0.103564754128456,0.0360203571617603,-1.05359971523285,-9.35987663269043,-1.8579603433609,-0.167909070849419,-0.0697217658162117,-0.104906395077705,-1.26432383060455,-7.91445255279541,3.44951438903809,-0.193191602826118,0.478260815143585,-0.149858921766281,14.7500159965,2.9710019035,-1.1719684515,-0.561285501611453,-0.620765272408757,1.10698675794003
-42.4575805664063,7.01904296875,-380.096435546875,-37.7655029296875,-6.59942626953125,-344.085693359375,1.51363587379456,-9.65686130523682,-0.173213869333267,0.371779799461365,-0.0877865254878998,0.137875020503998,-0.554585814476013,-5.29831743240356,7.63797044754028,-0.0367335416376591,-0.102310389280319,0.036844614893198,-1.06225538253784,-9.35830211639404,-1.8538658618927,-0.16849821805954,-0.0736674144864082,-0.107651613652706,-1.2731910943985,-7.89540529251099,3.47182273864746,-0.195580020546913,0.472250401973724,-0.148759454488754,14.750017107,2.971002223,-1.171973217,-0.562353251312012,-0.621334298472778,1.10791220476357
-42.266845703125,6.866455078125,-380.401611328125,-37.689208984375,-6.561279296875,-344.085693359375,1.53782939910889,-9.64178466796875,-0.186026230454445,0.372099280357361,-0.0889261141419411,0.13749885559082,-0.556041896343231,-5.29762697219849,7.63638353347778,-0.0360780097544193,-0.101056024432182,0.0376688688993454,-1.07091104984283,-9.35672760009766,-1.8497713804245,-0.169087380170822,-0.0776130557060242,-0.110396832227707,-1.28205835819244,-7.8763575553894,3.49413084983826,-0.197968438267708,0.466239959001541,-0.147659987211227,14.7500182175,2.9710025425,-1.1719779825,-0.563421001012572,-0.621903324536801,1.10883765158711
-42.2286987304688,6.866455078125,-380.020141601563,-37.9180908203125,-6.59942626953125,-344.467163085938,1.56202304363251,-9.62670707702637,-0.198838591575623,0.372418761253357,-0.0900657027959824,0.137122690677643,-0.557497918605804,-5.29693603515625,7.63479661941528,-0.0354224778711796,-0.0998016595840454,0.0384931266307831,-1.07956671714783,-9.35515403747559,-1.8456768989563,-0.169676542282104,-0.0815587043762207,-0.113142058253288,-1.2909255027771,-7.85731029510498,3.51643896102905,-0.200356855988503,0.46022954583168,-0.146560519933701,14.750019328,2.971002862,-1.171982748,-0.564488750713132,-0.622472350600823,1.10976309841065
-42.1905517578125,6.866455078125,-379.638671875,-38.14697265625,-6.6375732421875,-344.8486328125,1.58621656894684,-9.61162948608398,-0.211650937795639,0.372738212347031,-0.0912052989006042,0.136746510863304,-0.558954000473022,-5.29624557495117,7.63321018218994,-0.0347669459879398,-0.0985472947359085,0.0393173843622208,-1.08822238445282,-9.3535795211792,-1.8415824174881,-0.170265689492226,-0.0855043530464172,-0.115887276828289,-1.29979276657104,-7.8382625579834,3.53874707221985,-0.202745273709297,0.454219102859497,-0.145461052656174,14.7500204385,2.9710031815,-1.1719875135,-0.565556500413691,-0.623041376664844,1.11068854523419
-42.266845703125,6.82830810546875,-379.562377929688,-38.1088256835938,-6.7138671875,-345.15380859375,1.61041021347046,-9.5965518951416,-0.224463298916817,0.373057693243027,-0.0923448875546455,0.136370345950127,-0.560410022735596,-5.29555463790894,7.63162326812744,-0.0341114141047001,-0.0972929298877716,0.0401416420936584,-1.09687805175781,-9.35200500488281,-1.8374879360199,-0.170854851603508,-0.0894500017166138,-0.11863249540329,-1.30866003036499,-7.81921529769897,3.56105518341064,-0.205133691430092,0.448208689689636,-0.144361585378647,14.750021549,2.971003501,-1.171992279,-0.56662425011425,-0.623610402728867,1.11161399205773
-42.3431396484375,6.7901611328125,-379.486083984375,-38.0706787109375,-6.7901611328125,-345.458984375,1.61006224155426,-9.59139919281006,-0.220854565501213,0.373397916555405,-0.0902939438819885,0.135854482650757,-0.569949328899384,-5.2946834564209,7.63279914855957,-0.0335236340761185,-0.0963538661599159,0.0409908071160316,-1.09898149967194,-9.34443187713623,-1.8381599187851,-0.169430390000343,-0.0940858125686646,-0.121051371097565,-1.3101350069046,-7.82190322875977,3.56104326248169,-0.206277459859848,0.444203436374664,-0.141700714826584,14.7500226595,2.9710038205,-1.1719970445,-0.56769199981481,-0.624179428792888,1.11253943888127
-42.3049926757813,6.7901611328125,-379.104614257813,-38.4521484375,-6.6375732421875,-345.76416015625,1.60971438884735,-9.58624649047852,-0.217245846986771,0.373738139867783,-0.0882430076599121,0.135338634252548,-0.579488635063171,-5.29381227493286,7.63397550582886,-0.0329358540475368,-0.0954147949814796,0.0418399684131145,-1.10108494758606,-9.33685874938965,-1.838831782341,-0.16800594329834,-0.0987216159701347,-0.12347025424242,-1.31160998344421,-7.8245906829834,3.56103134155273,-0.207421213388443,0.440198212862015,-0.139039859175682,14.75002377,2.97100414,-1.17200181,-0.568759749515369,-0.624748454856911,1.11346488570481
-42.266845703125,6.7901611328125,-378.72314453125,-38.8336181640625,-6.4849853515625,-346.0693359375,1.60936641693115,-9.58109378814697,-0.213637113571167,0.374078333377838,-0.0861920639872551,0.134822770953178,-0.589027941226959,-5.29294109344482,7.63515138626099,-0.0323480740189552,-0.094475731253624,0.0426891334354877,-1.10318839550018,-9.32928657531738,-1.8395037651062,-0.166581481695175,-0.103357426822186,-0.125889137387276,-1.31308495998383,-7.82727861404419,3.5610191822052,-0.208564981818199,0.436192959547043,-0.136378988623619,14.691447406,3.00101155300001,-1.1855246565,-0.570916354748187,-0.625910265889764,1.11262720613756
-42.41943359375,6.67572021484375,-378.72314453125,-38.5665893554688,-6.67572021484375,-346.298217773438,1.60901856422424,-9.57594108581543,-0.210028395056725,0.374418556690216,-0.0841411203145981,0.13430692255497,-0.598567247390747,-5.29206991195679,7.63632726669312,-0.0317602939903736,-0.0935366675257683,0.0435382947325706,-1.10529184341431,-9.3217134475708,-1.84017562866211,-0.165157034993172,-0.107993237674236,-0.128308013081551,-1.31455993652344,-7.82996606826782,3.56100726127625,-0.209708735346794,0.432187706232071,-0.133718132972717,14.632871042,3.031018966,-1.199047503,-0.573072959981003,-0.627072076922617,1.11178952657031
-42.572021484375,6.561279296875,-378.72314453125,-38.299560546875,-6.866455078125,-346.527099609375,1.60867059230804,-9.5707893371582,-0.206419661641121,0.374758780002594,-0.0820901840925217,0.1337910592556,-0.60810661315918,-5.29119873046875,7.6375036239624,-0.031172513961792,-0.092597596347332,0.0443874597549438,-1.10739541053772,-9.31414031982422,-1.84084761142731,-0.163732573390007,-0.112629048526287,-0.130726888775826,-1.31603491306305,-7.83265399932861,3.56099534034729,-0.21085250377655,0.428182452917099,-0.131057262420654,14.574294678,3.061026379,-1.2125703495,-0.57522956521382,-0.628233887955471,1.11095184700306
-42.41943359375,6.44683837890625,-378.799438476563,-38.3377075195313,-7.01904296875,-346.98486328125,1.60832273960114,-9.56563663482666,-0.202810943126678,0.375099003314972,-0.0800392404198647,0.13327519595623,-0.617645919322968,-5.29032754898071,7.63867950439453,-0.0305847339332104,-0.0916585326194763,0.0452366210520267,-1.10949885845184,-9.30656719207764,-1.84151947498322,-0.162308126688004,-0.117264851927757,-0.1331457644701,-1.31750988960266,-7.83534145355225,3.56098341941833,-0.211996257305145,0.424177229404449,-0.128396406769753,14.515718314,3.09103379199999,-1.226093196,-0.577386170446636,-0.629395698988324,1.1101141674358
-42.266845703125,6.3323974609375,-378.875732421875,-38.3758544921875,-7.171630859375,-347.442626953125,1.60797476768494,-9.56048393249512,-0.199202209711075,0.375439196825027,-0.0779882967472076,0.132759347558022,-0.627185225486755,-5.28945636749268,7.63985586166382,-0.0299969520419836,-0.0907194688916206,0.0460857860743999,-1.11160230636597,-9.29899406433105,-1.84219145774841,-0.160883665084839,-0.121900662779808,-0.135564655065536,-1.31898486614227,-7.83802938461304,3.5609712600708,-0.213140025734901,0.420171976089478,-0.12573553621769,14.45714195,3.121041205,-1.2396160425,-0.579542775679454,-0.630557510021177,1.10927648786855
-42.3812866210938,6.29425048828125,-378.72314453125,-38.3758544921875,-7.0953369140625,-348.129272460938,1.60762691497803,-9.55533123016357,-0.195593491196632,0.375779420137405,-0.0759373605251312,0.132243484258652,-0.636724531650543,-5.28858518600464,7.64103174209595,-0.029409172013402,-0.0897803977131844,0.0469349473714828,-1.11370575428009,-9.29142093658447,-1.84286332130432,-0.159459218382835,-0.126536473631859,-0.137983530759811,-1.32045984268188,-7.84071683883667,3.56095933914185,-0.214283779263496,0.416166722774506,-0.123074673116207,14.398565586,3.15104861800001,-1.253138889,-0.581699380912271,-0.631719321054031,1.1084388083013
-42.4957275390625,6.256103515625,-378.570556640625,-38.3758544921875,-7.01904296875,-348.81591796875,1.60727894306183,-9.55017852783203,-0.191984757781029,0.376119643449783,-0.0738864168524742,0.131727635860443,-0.646263837814331,-5.2877140045166,7.64220762252808,-0.0288213919848204,-0.0888413339853287,0.047784112393856,-1.11580920219421,-9.28384876251221,-1.84353530406952,-0.158034756779671,-0.13117228448391,-0.140402406454086,-1.3219348192215,-7.84340476989746,3.56094741821289,-0.215427547693253,0.412161499261856,-0.120413810014725,14.339989222,3.181056031,-1.2666617355,-0.583855986145087,-0.632881132086884,1.10760112873405
-42.4957275390625,6.21795654296875,-378.41796875,-38.5665893554688,-7.13348388671875,-348.81591796875,1.60693109035492,-9.54502582550049,-0.188376024365425,0.376459866762161,-0.0718354731798172,0.131211772561073,-0.655803143978119,-5.28684282302856,7.64338397979736,-0.0282336119562387,-0.087902270257473,0.0486332774162292,-1.11791265010834,-9.27627563476563,-1.84420716762543,-0.156610295176506,-0.13580809533596,-0.142821282148361,-1.32340979576111,-7.84609222412109,3.56093549728394,-0.216571301221848,0.408156245946884,-0.117752946913242,14.281412858,3.211063444,-1.280184582,-0.586012591377905,-0.634042943119738,1.10676344916679
-42.4957275390625,6.1798095703125,-378.265380859375,-38.75732421875,-7.2479248046875,-348.81591796875,1.60658311843872,-9.53987312316895,-0.184767305850983,0.376800090074539,-0.0697845369577408,0.130695909261703,-0.665342450141907,-5.28597164154053,7.64455986022949,-0.0276458319276571,-0.0869631990790367,0.0494824387133121,-1.12001609802246,-9.26870250701904,-1.84487915039063,-0.155185848474503,-0.14044389128685,-0.145240157842636,-1.32488477230072,-7.84878015518188,3.56092357635498,-0.217715069651604,0.404150992631912,-0.11509208381176,14.222836494,3.24107085699999,-1.2937074285,-0.588169196610721,-0.63520475415259,1.10592576959954
-42.6864624023438,6.14166259765625,-378.036499023438,-38.75732421875,-7.20977783203125,-349.12109375,1.60623526573181,-9.5347204208374,-0.181158572435379,0.377140283584595,-0.0677335932850838,0.130180060863495,-0.674881756305695,-5.28510046005249,7.64573574066162,-0.0270580518990755,-0.086024135351181,0.0503316037356853,-1.12211954593658,-9.26112937927246,-1.84555101394653,-0.153761386871338,-0.145079702138901,-0.147659048438072,-1.32635974884033,-7.85146760940552,3.56091141700745,-0.218858823180199,0.400145769119263,-0.112431220710278,14.16426013,3.27107827,-1.307230275,-0.590325801843538,-0.636366565185444,1.10508809003229
-42.877197265625,6.103515625,-377.8076171875,-38.75732421875,-7.171630859375,-349.42626953125,1.60588729381561,-9.52956771850586,-0.177549853920937,0.377480506896973,-0.0656826496124268,0.129664197564125,-0.684421062469482,-5.28422927856445,7.64691209793091,-0.0264702718704939,-0.0850850716233253,0.0511807650327682,-1.12422299385071,-9.25355625152588,-1.84622299671173,-0.152336940169334,-0.149715512990952,-0.150077924132347,-1.32783472537994,-7.85415554046631,3.56089949607849,-0.220002591609955,0.396140515804291,-0.109770357608795,14.105683766,3.30108568300001,-1.3207531215,-0.592482407076356,-0.637528376218297,1.10425041046504
-42.7627563476563,6.14166259765625,-377.731323242188,-38.909912109375,-7.2479248046875,-349.884033203125,1.58947598934174,-9.5302677154541,-0.173091486096382,0.377756416797638,-0.0639864131808281,0.129708424210548,-0.694688379764557,-5.28535509109497,7.6488938331604,-0.0259917508810759,-0.0846687629818916,0.0517042428255081,-1.12486410140991,-9.24670505523682,-1.84748613834381,-0.150100693106651,-0.15450756251812,-0.152317687869072,-1.32493209838867,-7.86796903610229,3.5546338558197,-0.221655935049057,0.393890976905823,-0.106933169066906,14.047107402,3.331093096,-1.334275968,-0.594639012309172,-0.63869018725115,1.10341273089778
-42.6483154296875,6.1798095703125,-377.655029296875,-39.0625,-7.32421875,-350.341796875,1.55700123310089,-9.53681945800781,-0.167783498764038,0.377968013286591,-0.0626448839902878,0.130312740802765,-0.705683708190918,-5.28847885131836,7.65168142318726,-0.0256224907934666,-0.0847752168774605,0.0519020333886147,-1.12404274940491,-9.24057579040527,-1.84934043884277,-0.14705266058445,-0.159455835819244,-0.154378324747086,-1.31765186786652,-7.89290857315063,3.5421142578125,-0.223818853497505,0.393397152423859,-0.103919669985771,13.988531038,3.361100509,-1.3477988145,-0.596795617541989,-0.639851998284004,1.10257505133053
-42.6864624023438,6.0272216796875,-377.655029296875,-38.9862060546875,-7.2479248046875,-350.64697265625,1.52452659606934,-9.54337215423584,-0.162475496530533,0.378179609775543,-0.0613033473491669,0.130917057394981,-0.716679036617279,-5.29160261154175,7.65446901321411,-0.0252532307058573,-0.0848816707730293,0.0520998202264309,-1.1232213973999,-9.23444652557373,-1.85119473934174,-0.144004628062248,-0.164404109120369,-0.156438961625099,-1.31037175655365,-7.91784811019897,3.5295946598053,-0.225981786847115,0.392903327941895,-0.100906170904636,13.929954674,3.39110792199999,-1.361321661,-0.598952222774805,-0.641013809316857,1.10173737176328
-42.724609375,5.8746337890625,-377.655029296875,-38.909912109375,-7.171630859375,-350.9521484375,1.49205183982849,-9.54992389678955,-0.157167509198189,0.378391236066818,-0.0599618144333363,0.131521373987198,-0.727674305438995,-5.29472589492798,7.65725708007813,-0.024883970618248,-0.0849881172180176,0.0522976107895374,-1.1224000453949,-9.22831726074219,-1.85304915904999,-0.140956610441208,-0.169352382421494,-0.158499598503113,-1.30309152603149,-7.94278764724731,3.5170750617981,-0.228144705295563,0.39240950345993,-0.097892664372921,13.87137831,3.421115335,-1.3748445075,-0.601108828007623,-0.642175620349711,1.10089969219603
-42.7627563476563,5.83648681640625,-377.655029296875,-39.1387939453125,-6.98089599609375,-351.409912109375,1.45957708358765,-9.55647563934326,-0.151859506964684,0.378602832555771,-0.0586202815175056,0.132125690579414,-0.738669633865356,-5.29784965515137,7.66004467010498,-0.0245147086679935,-0.0850945711135864,0.052495401352644,-1.12157869338989,-9.22218799591064,-1.85490345954895,-0.137908577919006,-0.174300655722618,-0.160560250282288,-1.29581129550934,-7.96772718429565,3.50455546379089,-0.230307638645172,0.391915678977966,-0.0948791652917862,13.812801946,3.45112274800001,-1.388367354,-0.60326543324044,-0.643337431382564,1.10006201262877
-42.8009033203125,5.79833984375,-377.655029296875,-39.36767578125,-6.7901611328125,-351.86767578125,1.4271023273468,-9.56302833557129,-0.146551504731178,0.378814429044724,-0.057278748601675,0.132730007171631,-0.749664962291718,-5.30097341537476,7.66283226013184,-0.0241454485803843,-0.0852010250091553,0.0526931919157505,-1.12075734138489,-9.2160587310791,-1.85675776004791,-0.134860545396805,-0.179248943924904,-0.162620887160301,-1.28853118419647,-7.99266672134399,3.49203586578369,-0.232470571994781,0.391421854496002,-0.0918656662106514,13.754225582,3.481130161,-1.4018902005,-0.605422038473256,-0.644499242415417,1.09922433306152
-42.877197265625,5.7220458984375,-377.731323242188,-39.36767578125,-6.98089599609375,-351.943969726563,1.39462757110596,-9.569580078125,-0.141243517398834,0.379026025533676,-0.0559372156858444,0.133334323763847,-0.760660231113434,-5.30409669876099,7.66561985015869,-0.023776188492775,-0.0853074789047241,0.052890982478857,-1.11993598937988,-9.20992946624756,-1.85861217975616,-0.131812512874603,-0.184197217226028,-0.164681524038315,-1.28125095367432,-8.01760578155518,3.47951626777649,-0.23463349044323,0.390928030014038,-0.088852159678936,13.695649218,3.511137574,-1.415413047,-0.607578643706074,-0.645661053448271,1.09838665349427
-42.9534912109375,5.645751953125,-377.8076171875,-39.36767578125,-7.171630859375,-352.020263671875,1.3621529340744,-9.57613182067871,-0.135935515165329,0.379237622022629,-0.0545956827700138,0.133938640356064,-0.771655559539795,-5.30722045898438,7.66840744018555,-0.0234069284051657,-0.085413932800293,0.0530887693166733,-1.11911463737488,-9.20380020141602,-1.86046648025513,-0.128764480352402,-0.189145490527153,-0.166742160916328,-1.27397084236145,-8.04254531860352,3.46699666976929,-0.236796423792839,0.390434205532074,-0.0858386605978012,13.637072854,3.54114498699999,-1.4289358935,-0.60973524893889,-0.646822864481124,1.09754897392702
-42.9916381835938,5.4931640625,-377.731323242188,-39.3295288085938,-7.05718994140625,-352.47802734375,1.32967817783356,-9.58268451690674,-0.130627527832985,0.379449218511581,-0.0532541498541832,0.13454295694828,-0.782650887966156,-5.31034421920776,7.6711950302124,-0.0230376664549112,-0.0855203866958618,0.0532865598797798,-1.11829328536987,-9.19767093658447,-1.86232078075409,-0.1257164478302,-0.194093763828278,-0.168802812695503,-1.26669061183929,-8.06748485565186,3.45447707176208,-0.238959342241287,0.38994038105011,-0.0828251615166664,13.57849649,3.5711524,-1.44245874,-0.611891854171707,-0.647984675513977,1.09671129435976
-43.02978515625,5.340576171875,-377.655029296875,-39.2913818359375,-6.9427490234375,-352.935791015625,1.29720342159271,-9.58923625946045,-0.12531952559948,0.379660815000534,-0.0519126169383526,0.135147273540497,-0.793646156787872,-5.31346750259399,7.67398262023926,-0.0226684063673019,-0.0856268405914307,0.0534843504428864,-1.11747193336487,-9.19154071807861,-1.86417520046234,-0.122668422758579,-0.199042037129402,-0.170863449573517,-1.25941038131714,-8.0924243927002,3.44195771217346,-0.241122275590897,0.389446556568146,-0.079811654984951,13.5783567395,3.5712488395,-1.4424885285,-0.613869884883405,-0.649048098164228,1.09449488329286
-42.9916381835938,5.340576171875,-377.8076171875,-39.4439697265625,-7.01904296875,-353.469848632813,1.26472866535187,-9.59578800201416,-0.120011530816555,0.379872441291809,-0.050571084022522,0.135751590132713,-0.804641485214233,-5.31659126281738,7.67677068710327,-0.0222991462796926,-0.0857332870364189,0.0536821410059929,-1.11665058135986,-9.18541145324707,-1.8660295009613,-0.119620390236378,-0.203990310430527,-0.17292408645153,-1.25213027000427,-8.11736392974854,3.42943811416626,-0.243285194039345,0.388952732086182,-0.0767981559038162,13.578216989,3.571345279,-1.442518317,-0.615847915595102,-0.650111520814478,1.09227847222596
-42.9534912109375,5.340576171875,-377.960205078125,-39.5965576171875,-7.0953369140625,-354.00390625,1.23225402832031,-9.60233974456787,-0.11470353603363,0.380084037780762,-0.0492295511066914,0.13635590672493,-0.815636813640594,-5.31971502304077,7.67955827713013,-0.0219298861920834,-0.0858397409319878,0.0538799278438091,-1.11582922935486,-9.17928218841553,-1.86788380146027,-0.116572357714176,-0.208938598632813,-0.174984723329544,-1.24485003948212,-8.14230346679688,3.41691851615906,-0.245448127388954,0.388458907604218,-0.0737846568226814,13.5780772385,3.5714417185,-1.4425481055,-0.617825946306801,-0.651174943464729,1.09006206115905
-43.02978515625,5.2642822265625,-377.731323242188,-39.520263671875,-7.13348388671875,-354.385375976563,1.19977927207947,-9.6088924407959,-0.109395541250706,0.380295634269714,-0.0478880181908607,0.136960223317146,-0.826632082462311,-5.322838306427,7.68234586715698,-0.0215606242418289,-0.0859461948275566,0.0540777184069157,-1.11500787734985,-9.17315292358398,-1.86973822116852,-0.113524332642555,-0.213886871933937,-0.177045375108719,-1.23756992816925,-8.16724300384521,3.40439891815186,-0.247611045837402,0.387965083122253,-0.070771150290966,13.577937488,3.571538158,-1.442577894,-0.619803977018498,-0.652238366114979,1.08784565009215
-43.1060791015625,5.18798828125,-377.50244140625,-39.4439697265625,-7.171630859375,-354.766845703125,1.16730451583862,-9.61544418334961,-0.104087546467781,0.380507230758667,-0.0465464852750301,0.137564539909363,-0.837627410888672,-5.32596206665039,7.68513345718384,-0.0211913641542196,-0.0860526487231255,0.0542755089700222,-1.11418652534485,-9.16702365875244,-1.87159252166748,-0.110476300120354,-0.218835145235062,-0.179106011986732,-1.23028969764709,-8.19218254089355,3.39187932014465,-0.249773979187012,0.387471258640289,-0.0677576512098312,13.5777977375,3.5716345975,-1.4426076825,-0.621782007730196,-0.65330178876523,1.08562923902524
-43.2968139648438,5.1116943359375,-377.50244140625,-39.4439697265625,-7.36236572265625,-355.072021484375,1.13708019256592,-9.62904644012451,-0.111877620220184,0.381090819835663,-0.0461481437087059,0.138571366667747,-0.850265681743622,-5.32556390762329,7.6842188835144,-0.0205109491944313,-0.0868118926882744,0.0540321171283722,-1.10846817493439,-9.16854763031006,-1.87665140628815,-0.106478072702885,-0.223740667104721,-0.181198492646217,-1.21641337871552,-8.23949909210205,3.37432527542114,-0.250592827796936,0.387421488761902,-0.0661007314920425,13.577657987,3.571731037,-1.442637471,-0.623760038441894,-0.65436521141548,1.08341282795834
-43.487548828125,5.035400390625,-377.50244140625,-39.4439697265625,-7.5531005859375,-355.377197265625,1.10685575008392,-9.64264965057373,-0.119667701423168,0.381674438714981,-0.045749805867672,0.139578193426132,-0.862903892993927,-5.32516622543335,7.68330430984497,-0.0198305360972881,-0.0875711366534233,0.0537887215614319,-1.10274970531464,-9.17007160186768,-1.88171029090881,-0.102479852735996,-0.228646174073219,-0.183290958404541,-1.20253694057465,-8.28681564331055,3.35677099227905,-0.25141167640686,0.387371718883514,-0.0644438043236732,13.5775182365,3.5718274765,-1.4426672595,-0.625738069153591,-0.65542863406573,1.08119641689143
-43.5256958007813,4.8065185546875,-377.578735351563,-39.6347045898438,-7.59124755859375,-355.8349609375,1.07663142681122,-9.65625190734863,-0.127457782626152,0.382258027791977,-0.0453514643013477,0.140585005283356,-0.875542163848877,-5.32476806640625,7.6823902130127,-0.0191501211374998,-0.0883303880691528,0.0535453297197819,-1.09703135490417,-9.17159557342529,-1.88676905632019,-0.0984816253185272,-0.233551695942879,-0.185383439064026,-1.18866062164307,-8.33413219451904,3.33921694755554,-0.252230525016785,0.387321978807449,-0.0627868846058846,13.577378486,3.571923916,-1.442697048,-0.627716099865289,-0.656492056715981,1.07898000582453
-43.5638427734375,4.57763671875,-377.655029296875,-39.825439453125,-7.62939453125,-356.292724609375,1.04640698432922,-9.66985416412354,-0.135247856378555,0.382841646671295,-0.0449531264603138,0.14159183204174,-0.888180375099182,-5.32437038421631,7.68147563934326,-0.0184697061777115,-0.0890896320343018,0.0533019378781319,-1.09131300449371,-9.17312049865723,-1.89182794094086,-0.0944834053516388,-0.238457217812538,-0.187475919723511,-1.1747841835022,-8.38144874572754,3.32166290283203,-0.253049373626709,0.387272208929062,-0.0611299574375153,13.5772387355,3.5720203555,-1.4427268365,-0.629694130576986,-0.657555479366231,1.07676359475763
-43.5256958007813,4.57763671875,-377.731323242188,-39.7872924804688,-7.51495361328125,-356.674194335938,1.01618266105652,-9.68345737457275,-0.143037930130959,0.383425235748291,-0.0445547848939896,0.142598658800125,-0.900818645954132,-5.32397222518921,7.68056106567383,-0.0177892930805683,-0.0898488759994507,0.0530585423111916,-1.08559465408325,-9.17464447021484,-1.89688682556152,-0.0904851779341698,-0.243362739682198,-0.189568400382996,-1.16090786457062,-8.42876434326172,3.30410885810852,-0.253868222236633,0.387222439050674,-0.0594730339944363,13.577098985,3.572116795,-1.442756625,-0.631672161288685,-0.658618902016482,1.07454718369072
-43.487548828125,4.57763671875,-377.8076171875,-39.7491455078125,-7.4005126953125,-357.0556640625,0.985958218574524,-9.69705963134766,-0.150828003883362,0.384008854627609,-0.0441564433276653,0.14360548555851,-0.913456857204437,-5.32357406616211,7.67964649200439,-0.01710887812078,-0.0906081199645996,0.0528151504695415,-1.0798761844635,-9.17616844177246,-1.90194571018219,-0.0864869579672813,-0.248268246650696,-0.191660866141319,-1.14703154563904,-8.47608089447021,3.28655457496643,-0.254687070846558,0.387172669172287,-0.0578161105513573,13.5769592345,3.5722132345,-1.4427864135,-0.633650192000383,-0.659682324666732,1.07233077262382
-43.5638427734375,4.57763671875,-377.883911132813,-39.8635864257813,-7.7056884765625,-357.513427734375,0.955733835697174,-9.71066188812256,-0.158618077635765,0.384592443704605,-0.0437581054866314,0.144612312316895,-0.926095128059387,-5.32317638397217,7.67873239517212,-0.0164284650236368,-0.0913673713803291,0.0525717586278915,-1.07415783405304,-9.17769241333008,-1.90700459480286,-0.0824887305498123,-0.253173768520355,-0.193753346800804,-1.13315510749817,-8.52339744567871,3.26900053024292,-0.25550588965416,0.387122929096222,-0.0561591871082783,13.576819484,3.572309674,-1.442816202,-0.63562822271208,-0.660745747316983,1.07011436155691
-43.64013671875,4.57763671875,-377.960205078125,-39.97802734375,-8.0108642578125,-357.97119140625,0.925509452819824,-9.72426509857178,-0.166408151388168,0.385176062583923,-0.0433597639203072,0.145619139075279,-0.938733339309692,-5.32277822494507,7.67781782150269,-0.0157480500638485,-0.0921266153454781,0.0523283630609512,-1.06843948364258,-9.1792163848877,-1.91206347942352,-0.0784905105829239,-0.258079290390015,-0.195845827460289,-1.11927878856659,-8.57071399688721,3.25144648551941,-0.256324738264084,0.387073159217834,-0.0545022636651993,13.5766797335,3.5724061135,-1.4428459905,-0.637606253423778,-0.661809169967233,1.06789795049001
-43.7545776367188,4.5013427734375,-377.8076171875,-39.9017333984375,-7.89642333984375,-357.894897460938,0.895285069942474,-9.73786735534668,-0.174198240041733,0.385759651660919,-0.0429614260792732,0.146625950932503,-0.951371610164642,-5.32238054275513,7.67690324783325,-0.0150676360353827,-0.092885859310627,0.0520849712193012,-1.06272113323212,-9.18074035644531,-1.9171222448349,-0.0744922831654549,-0.262984812259674,-0.197938293218613,-1.10540235042572,-8.6180305480957,3.2338924407959,-0.257143586874008,0.387023389339447,-0.0528453402221203,13.576539983,3.572502553,-1.442875779,-0.639584284135475,-0.662872592617483,1.0656815394231
-43.8690185546875,4.425048828125,-377.655029296875,-39.825439453125,-7.781982421875,-357.818603515625,0.865060687065125,-9.75146961212158,-0.181988313794136,0.386343240737915,-0.042563084512949,0.147632777690887,-0.964009821414948,-5.32198238372803,7.67598867416382,-0.0143872210755944,-0.0936451032757759,0.0518415793776512,-1.05700266361237,-9.18226432800293,-1.92218112945557,-0.0704940557479858,-0.267890334129333,-0.200030773878098,-1.09152603149414,-8.6653470993042,3.21633815765381,-0.257962435483932,0.38697361946106,-0.0511884167790413,13.5764002325,3.5725989925,-1.4429055675,-0.641562314847173,-0.663936015267734,1.0634651283562
-43.8308715820313,4.46319580078125,-377.578735351563,-39.97802734375,-7.7056884765625,-358.428955078125,0.834836304187775,-9.7650728225708,-0.189778387546539,0.386926859617233,-0.0421647429466248,0.148639604449272,-0.976648092269897,-5.32158422470093,7.67507410049438,-0.0137068070471287,-0.0944043472409248,0.0515981838107109,-1.0512843132019,-9.18378925323486,-1.92724001407623,-0.0664958357810974,-0.272795826196671,-0.202123254537582,-1.07764971256256,-8.7126636505127,3.1987841129303,-0.258781284093857,0.386923849582672,-0.0495314933359623,13.576260482,3.572695432,-1.442935356,-0.643540345558872,-0.664999437917985,1.06124871728929
-43.792724609375,4.5013427734375,-377.50244140625,-40.130615234375,-7.62939453125,-359.039306640625,0.804611921310425,-9.7786750793457,-0.197568461298943,0.387510448694229,-0.0417664051055908,0.149646431207657,-0.989286303520203,-5.32118654251099,7.67416000366211,-0.0130263930186629,-0.0951635986566544,0.0513547919690609,-1.04556596279144,-9.18531322479248,-1.9322988986969,-0.0624976120889187,-0.27770134806633,-0.204215720295906,-1.06377327442169,-8.75998020172119,3.18123006820679,-0.259600132703781,0.386874109506607,-0.0478745698928833,13.5761207315,3.5727918715,-1.4429651445,-0.645518376270569,-0.666062860568235,1.05903230622239
-43.7164306640625,4.57763671875,-377.426147460938,-40.1687622070313,-7.62939453125,-359.115600585938,0.774387538433075,-9.79227733612061,-0.205358535051346,0.388094067573547,-0.0413680635392666,0.150653257966042,-1.00192451477051,-5.32078838348389,7.67324542999268,-0.0123459789901972,-0.0959228426218033,0.0511114001274109,-1.03984761238098,-9.1868371963501,-1.93735778331757,-0.05849938839674,-0.282606869935989,-0.206308200955391,-1.04989695549011,-8.80729675292969,3.16367602348328,-0.260418981313705,0.38682433962822,-0.0462176464498043,13.575980981,3.572888311,-1.442994933,-0.647496406982267,-0.667126283218486,1.05681589515548
-43.64013671875,4.6539306640625,-377.349853515625,-40.2069091796875,-7.62939453125,-359.19189453125,0.751916706562042,-9.80584335327148,-0.20917934179306,0.38867974281311,-0.0421763062477112,0.15148651599884,-1.0106987953186,-5.3165545463562,7.67459869384766,-0.0118550090119243,-0.0969185680150986,0.0506495051085949,-1.03494727611542,-9.1933422088623,-1.94673478603363,-0.05489806458354,-0.287199109792709,-0.208296939730644,-1.03150010108948,-8.85884380340576,3.1481409072876,-0.260833948850632,0.386842310428619,-0.0452148988842964,13.5758412305,3.5729847505,-1.4430247215,-0.649474437693964,-0.668189705868736,1.05459948408858
-43.7545776367188,4.5013427734375,-377.349853515625,-40.3594970703125,-7.59124755859375,-359.80224609375,0.737199306488037,-9.81937122344971,-0.209030881524086,0.389267534017563,-0.044191125780344,0.152146220207214,-1.0156090259552,-5.30848407745361,7.67821979522705,-0.0115534840151668,-0.0981507673859596,0.0499691106379032,-1.03086495399475,-9.2048282623291,-1.96043014526367,-0.0516936406493187,-0.29147806763649,-0.210181951522827,-1.00858294963837,-8.91462326049805,3.13462519645691,-0.26084503531456,0.386928051710129,-0.044866319745779,13.57570148,3.57308119,-1.44305451,-0.651452468405662,-0.669253128518986,1.05238307302168
-43.8690185546875,4.3487548828125,-377.349853515625,-40.5120849609375,-7.5531005859375,-360.41259765625,0.722481966018677,-9.83289909362793,-0.208882406353951,0.389855295419693,-0.0462059453129768,0.152805924415588,-1.0205192565918,-5.30041408538818,7.68184089660645,-0.0112519590184093,-0.0993829667568207,0.0492887161672115,-1.02678275108337,-9.21631526947021,-1.97412550449371,-0.0484892204403877,-0.295757055282593,-0.21206696331501,-0.985665738582611,-8.97040176391602,3.12110924720764,-0.260856121778488,0.387013763189316,-0.0445177406072617,13.5748089075,3.5731998215,-1.443142553,-0.653728339374416,-0.670539363573095,1.0495959445221
-43.9453125,4.31060791015625,-377.426147460938,-40.5120849609375,-7.5531005859375,-360.641479492188,0.707764565944672,-9.84642696380615,-0.208733931183815,0.390443056821823,-0.0482207648456097,0.153465628623962,-1.02542948722839,-5.2923436164856,7.68546199798584,-0.0109504340216517,-0.100615166127682,0.0486083179712296,-1.022700548172,-9.22780132293701,-1.98782074451447,-0.0452847965061665,-0.300036013126373,-0.213951975107193,-0.962748527526855,-9.0261812210083,3.10759353637695,-0.260867208242416,0.387099504470825,-0.0441691614687443,13.573916335,3.573318453,-1.443230596,-0.656004210343169,-0.671825598627203,1.04680881602253
-44.0216064453125,4.2724609375,-377.50244140625,-40.5120849609375,-7.5531005859375,-360.870361328125,0.693047225475311,-9.85995483398438,-0.208585470914841,0.391030848026276,-0.0502355881035328,0.154125332832336,-1.03033971786499,-5.28427362442017,7.68908309936523,-0.0106489090248942,-0.101847372949123,0.0479279235005379,-1.01861834526062,-9.23928737640381,-2.00151610374451,-0.0420803762972355,-0.304314970970154,-0.215836986899376,-0.939831376075745,-9.08195972442627,3.09407758712769,-0.260878294706345,0.387185215950012,-0.0438205823302269,13.5730237625,3.5734370845,-1.443318639,-0.658280081311923,-0.673111833681312,1.04402168752296
-44.0216064453125,4.23431396484375,-377.578735351563,-40.435791015625,-7.43865966796875,-360.946655273438,0.678329885005951,-9.8734827041626,-0.208436995744705,0.391618609428406,-0.0522504076361656,0.15478503704071,-1.03524994850159,-5.27620363235474,7.69270420074463,-0.0103473840281367,-0.103079572319984,0.0472475290298462,-1.01453602313995,-9.25077438354492,-2.01521134376526,-0.0388759523630142,-0.308593928813934,-0.217721998691559,-0.916914165019989,-9.13773918151855,3.080561876297,-0.260889381170273,0.387270927429199,-0.0434720031917095,13.57213119,3.573555716,-1.443406682,-0.660555952280676,-0.67439806873542,1.04123455902339
-44.0216064453125,4.1961669921875,-377.655029296875,-40.3594970703125,-7.32421875,-361.02294921875,0.663612484931946,-9.88701057434082,-0.20828852057457,0.392206370830536,-0.0542652271687984,0.155444741249084,-1.04016017913818,-5.26813316345215,7.69632530212402,-0.0100458590313792,-0.104311771690845,0.0465671345591545,-1.01045382022858,-9.26226043701172,-2.02890682220459,-0.0356715321540833,-0.312872886657715,-0.219607010483742,-0.893996953964233,-9.19351768493652,3.06704592704773,-0.260900467634201,0.387356668710709,-0.0431234240531921,13.5712386175,3.5736743475,-1.443494725,-0.66283182324943,-0.675684303789528,1.03844743052382
-44.0216064453125,4.1961669921875,-377.426147460938,-40.4739379882813,-7.476806640625,-361.557006835938,0.648895144462585,-9.90053844451904,-0.208140060305595,0.392794162034988,-0.0562800467014313,0.156104445457458,-1.04507052898407,-5.26006317138672,7.69994640350342,-0.00974433310329914,-0.105543971061707,0.0458867400884628,-1.00637149810791,-9.27374649047852,-2.04260206222534,-0.032467108219862,-0.317151874303818,-0.221492022275925,-0.871079742908478,-9.24929714202881,3.05353021621704,-0.260911554098129,0.387442380189896,-0.0427748449146748,13.570346045,3.573792979,-1.443582768,-0.665107694218184,-0.676970538843637,1.03566030202425
-44.0216064453125,4.1961669921875,-377.197265625,-40.58837890625,-7.62939453125,-362.091064453125,0.63417774438858,-9.91406631469727,-0.20799158513546,0.393381923437119,-0.0582948699593544,0.156764149665833,-1.04998075962067,-5.25199270248413,7.70356750488281,-0.00944280810654163,-0.106776177883148,0.0452063456177711,-1.00228929519653,-9.28523349761963,-2.05629730224609,-0.029262688010931,-0.321430832147598,-0.223377034068108,-0.848162591457367,-9.30507564544678,3.04001426696777,-0.260922640562057,0.387528121471405,-0.0424262657761574,13.5694534725,3.5739116105,-1.443670811,-0.667383565186937,-0.678256773897745,1.03287317352468
-43.9453125,3.96728515625,-377.044677734375,-40.58837890625,-7.66754150390625,-361.9384765625,0.61946040391922,-9.9275951385498,-0.207843124866486,0.393969714641571,-0.0603096894919872,0.157423853874207,-1.05489099025726,-5.2439227104187,7.70718860626221,-0.00914128310978413,-0.108008377254009,0.0445259511470795,-0.998207092285156,-9.29671955108643,-2.06999278068542,-0.0260582659393549,-0.325709789991379,-0.225262045860291,-0.825245380401611,-9.36085510253906,3.02649855613708,-0.260933727025986,0.387613832950592,-0.0420776903629303,13.5685609,3.574030242,-1.443758854,-0.669659436155691,-0.679543008951854,1.0300860450251
-43.8690185546875,3.7384033203125,-376.89208984375,-40.58837890625,-7.7056884765625,-361.785888671875,0.604743003845215,-9.94112300872803,-0.20769464969635,0.394557476043701,-0.0623245090246201,0.158083558082581,-1.05980122089386,-5.23585224151611,7.7108097076416,-0.00883975811302662,-0.10924057662487,0.0438455529510975,-0.994124829769135,-9.30820560455322,-2.08368802070618,-0.0228538438677788,-0.329988747835159,-0.227147057652473,-0.802328169345856,-9.41663360595703,3.01298260688782,-0.260944813489914,0.387699574232101,-0.0417291112244129,13.5676683275,3.5741488735,-1.443846897,-0.671935307124444,-0.680829244005962,1.02729891652553
-43.9453125,3.7384033203125,-377.120971679688,-40.6265258789063,-7.62939453125,-362.167358398438,0.590025663375854,-9.95465087890625,-0.207546174526215,0.395145237445831,-0.0643393322825432,0.158743262290955,-1.06471145153046,-5.22778224945068,7.714430809021,-0.00853823311626911,-0.110472775995731,0.0431651584804058,-0.990042567253113,-9.31969165802002,-2.09738326072693,-0.0196494217962027,-0.334267735481262,-0.229032069444656,-0.7794109582901,-9.47241306304932,2.99946689605713,-0.260955899953842,0.387785285711288,-0.0413805320858955,13.566775755,3.574267505,-1.44393494,-0.674211178093198,-0.68211547906007,1.02451178802596
-44.0216064453125,3.7384033203125,-377.349853515625,-40.6646728515625,-7.5531005859375,-362.548828125,0.575308263301849,-9.96817874908447,-0.20739771425724,0.395733028650284,-0.0663541480898857,0.159402966499329,-1.06962168216705,-5.2197117805481,7.71805191040039,-0.0082367081195116,-0.111704982817173,0.0424847640097141,-0.985960364341736,-9.33117866516113,-2.11107873916626,-0.0164449997246265,-0.338546693325043,-0.230917081236839,-0.756493806838989,-9.52819156646729,2.98595094680786,-0.26096698641777,0.387871026992798,-0.0410319529473782,13.5658831825,3.5743861365,-1.444022983,-0.676487049061953,-0.683401714114179,1.02172465952639
-44.097900390625,3.39508056640625,-377.197265625,-40.6646728515625,-7.7056884765625,-362.701416015625,0.560590922832489,-9.9817066192627,-0.207249239087105,0.396320790052414,-0.0683689713478088,0.160062670707703,-1.07453191280365,-5.21164178848267,7.72167301177979,-0.0079351831227541,-0.112937182188034,0.0418043695390224,-0.981878101825714,-9.34266471862793,-2.12477397918701,-0.0132405776530504,-0.342825651168823,-0.232802093029022,-0.733576595783234,-9.58397102355957,2.97243523597717,-0.260978072881699,0.387956738471985,-0.0406833738088608,13.56499061,3.574504768,-1.444111026,-0.678762920030705,-0.684687949168287,1.01893753102682
-44.1741943359375,3.0517578125,-377.044677734375,-40.6646728515625,-7.8582763671875,-362.85400390625,0.557534754276276,-9.99072360992432,-0.199595704674721,0.397481054067612,-0.0701973885297775,0.160675331950188,-1.06770658493042,-5.21320867538452,7.72233915328979,-0.0076558287255466,-0.114094771444798,0.0411377474665642,-0.980328500270844,-9.35567665100098,-2.14100909233093,-0.0120883528143167,-0.346498966217041,-0.234250143170357,-0.711678504943848,-9.61526107788086,2.97187399864197,-0.260473310947418,0.389757245779037,-0.0418823063373566,13.5640980375,3.5746233995,-1.444199069,-0.68103879099946,-0.685974184222396,1.01615040252725
-44.2886352539063,3.1280517578125,-377.120971679688,-40.6265258789063,-7.8582763671875,-363.235473632813,0.554478585720062,-9.99974060058594,-0.191942185163498,0.398641347885132,-0.0720258131623268,0.161288008093834,-1.0608811378479,-5.21477556228638,7.72300577163696,-0.00737647479400039,-0.115252368152142,0.0404711291193962,-0.978778839111328,-9.36868858337402,-2.15724420547485,-0.0109361279755831,-0.350172251462936,-0.23569817841053,-0.689780354499817,-9.64655208587646,2.97131276130676,-0.25996857881546,0.39155775308609,-0.0430812388658524,13.563205465,3.574742031,-1.444287112,-0.683314661968212,-0.687260419276503,1.01336327402768
-44.403076171875,3.204345703125,-377.197265625,-40.58837890625,-7.8582763671875,-363.616943359375,0.551422417163849,-10.0087585449219,-0.184288650751114,0.39980161190033,-0.0738542303442955,0.161900669336319,-1.05405580997467,-5.21634244918823,7.72367191314697,-0.00709712039679289,-0.116409957408905,0.0398045070469379,-0.977229237556458,-9.38170051574707,-2.1734790802002,-0.0097839031368494,-0.353845566511154,-0.237146228551865,-0.667882263660431,-9.67784214019775,2.97075152397156,-0.25946381688118,0.393358260393143,-0.0442801713943481,13.5623128925,3.5748606625,-1.444375155,-0.685590532936967,-0.688546654330612,1.01057614552811
-44.3649291992188,3.24249267578125,-377.50244140625,-40.8172607421875,-7.781982421875,-363.845825195313,0.548366189002991,-10.0177755355835,-0.176635131239891,0.400961875915527,-0.0756826475262642,0.162513330578804,-1.04723048210144,-5.21790933609009,7.72433805465698,-0.00681776599958539,-0.117567554116249,0.0391378849744797,-0.975679636001587,-9.3947114944458,-2.18971419334412,-0.00863167829811573,-0.357518881559372,-0.238594263792038,-0.645984172821045,-9.70913314819336,2.97019028663635,-0.258959054946899,0.395158767700195,-0.0454791076481342,13.56142032,3.574979294,-1.444463198,-0.687866403905721,-0.689832889384721,1.00778901702853
-44.3267822265625,3.2806396484375,-377.8076171875,-41.046142578125,-7.7056884765625,-364.07470703125,0.545310020446777,-10.0267925262451,-0.168981596827507,0.402122169733047,-0.0775110721588135,0.163125991821289,-1.04040503501892,-5.21947622299194,7.72500467300415,-0.00653841160237789,-0.118725143373013,0.0384712666273117,-0.974129974842072,-9.40772342681885,-2.20594930648804,-0.00747945392504334,-0.361192166805267,-0.240042313933372,-0.624086081981659,-9.74042320251465,2.96962904930115,-0.258454322814941,0.396959245204926,-0.04667804017663,13.5605277475,3.5750979255,-1.444551241,-0.690142274874474,-0.691119124438829,1.00500188852896
-44.2123413085938,3.1280517578125,-377.731323242188,-41.0079956054688,-7.5531005859375,-364.303588867188,0.542253851890564,-10.0358095169067,-0.161328077316284,0.403282433748245,-0.0793394893407822,0.163738667964935,-1.03357970714569,-5.2210431098938,7.72567081451416,-0.00625905767083168,-0.119882740080357,0.0378046445548534,-0.972580373287201,-9.42073535919189,-2.22218441963196,-0.00632722908630967,-0.364865481853485,-0.241490364074707,-0.602187931537628,-9.77171421051025,2.96906781196594,-0.257949560880661,0.398759752511978,-0.0478769727051258,13.559635175,3.575216557,-1.444639284,-0.692418145843228,-0.692405359492937,1.00221476002939
-44.097900390625,2.9754638671875,-377.655029296875,-40.9698486328125,-7.4005126953125,-364.532470703125,0.539197683334351,-10.0448265075684,-0.1536745429039,0.404442727565765,-0.0811679139733315,0.16435132920742,-1.02675437927246,-5.22261047363281,7.72633695602417,-0.00597970327362418,-0.12104032933712,0.0371380224823952,-0.971030712127686,-9.43374729156494,-2.23841953277588,-0.005175004247576,-0.36853876709938,-0.24293839931488,-0.580289840698242,-9.80300426483154,2.96850657463074,-0.257444798946381,0.400560259819031,-0.0490759052336216,13.5587426025,3.5753351885,-1.444727327,-0.694694016811981,-0.693691594547045,0.999427631529821
-44.25048828125,2.93731689453125,-377.50244140625,-41.0079956054688,-7.476806640625,-364.608764648438,0.536141514778137,-10.05384349823,-0.146021023392677,0.405602991580963,-0.0829963311553001,0.164963990449905,-1.01992893218994,-5.22417736053467,7.72700357437134,-0.00570034887641668,-0.122197926044464,0.0364714041352272,-0.969481110572815,-9.44675922393799,-2.2546546459198,-0.00402277940884233,-0.372212082147598,-0.244386449456215,-0.558391749858856,-9.83429527282715,2.96794533729553,-0.256940066814423,0.402360767126083,-0.0502748377621174,13.55785003,3.57545382,-1.44481537,-0.696969887780735,-0.694977829601154,0.996640503030249
-44.403076171875,2.899169921875,-377.349853515625,-41.046142578125,-7.5531005859375,-364.68505859375,0.533085346221924,-10.0628614425659,-0.138367488980293,0.406763255596161,-0.0848247483372688,0.16557665169239,-1.01310360431671,-5.22574424743652,7.72766971588135,-0.00542099447920918,-0.123355515301228,0.0358047820627689,-0.967931509017944,-9.45977115631104,-2.27088952064514,-0.0028705548029393,-0.375885397195816,-0.245834484696388,-0.53649365901947,-9.86558532714844,2.96738409996033,-0.256435304880142,0.404161274433136,-0.0514737702906132,13.557849908,3.575453849,-1.444815943,-0.69853389321995,-0.696017722332739,0.994291681414673
-44.5938110351563,2.899169921875,-377.50244140625,-41.1224365234375,-7.5531005859375,-364.68505859375,0.53002917766571,-10.0718784332275,-0.130713954567909,0.407923549413681,-0.0866531729698181,0.166189327836037,-1.00627827644348,-5.22731113433838,7.72833585739136,-0.00514164054766297,-0.124513112008572,0.0351381599903107,-0.966381847858429,-9.47278308868408,-2.28712463378906,-0.00171832996420562,-0.379558682441711,-0.247282534837723,-0.514595508575439,-9.89687538146973,2.96682286262512,-0.255930542945862,0.405961781740189,-0.052672702819109,13.557849786,3.575453878,-1.444816516,-0.700097898659163,-0.697057615064324,0.991942859799099
-44.7845458984375,2.899169921875,-377.655029296875,-41.19873046875,-7.5531005859375,-364.68505859375,0.526972949504852,-10.0808954238892,-0.123060435056686,0.409083813428879,-0.0884815901517868,0.166801989078522,-0.999452888965607,-5.22887802124023,7.72900247573853,-0.00486228615045547,-0.125670701265335,0.0344715416431427,-0.964832246303558,-9.48579406738281,-2.30335974693298,-0.00056610518367961,-0.383231997489929,-0.248730584979057,-0.492697417736053,-9.92816638946533,2.96626162528992,-0.255425810813904,0.407762289047241,-0.0538716390728951,13.557849664,3.575453907,-1.444817089,-0.701661904098378,-0.698097507795909,0.989594038183523
-44.86083984375,2.8228759765625,-377.655029296875,-41.1224365234375,-7.5531005859375,-364.990234375,0.523916780948639,-10.0899124145508,-0.115406908094883,0.410244077444077,-0.0903100073337555,0.167414650321007,-0.992627501487732,-5.23044490814209,7.72966861724854,-0.00458293175324798,-0.126828297972679,0.0338049195706844,-0.963282644748688,-9.49880599975586,-2.3195948600769,0.000586119596846402,-0.386905312538147,-0.250178635120392,-0.470799326896667,-9.95945644378662,2.96570038795471,-0.254921048879623,0.409562796354294,-0.0550705716013908,13.557849542,3.575453936,-1.444817662,-0.703225909537592,-0.699137400527493,0.987245216567949
-44.9371337890625,2.74658203125,-377.655029296875,-41.046142578125,-7.5531005859375,-365.29541015625,0.520860612392426,-10.0989294052124,-0.10775338113308,0.411404371261597,-0.0921384319663048,0.168027311563492,-0.985802114009857,-5.23201179504395,7.73033475875854,-0.00430357735604048,-0.127985894680023,0.0331382974982262,-0.961732983589172,-9.51181793212891,-2.33582997322083,0.00173834431916475,-0.390578597784042,-0.251626670360565,-0.448901206254959,-9.99074745178223,2.96513915061951,-0.254416286945343,0.411363303661346,-0.0562695041298866,13.55784942,3.575453965,-1.444818235,-0.704789914976806,-0.700177293259078,0.984896394952373
-44.708251953125,2.70843505859375,-377.578735351563,-41.1605834960938,-7.32421875,-365.447998046875,0.523358047008514,-10.10378074646,-0.104694508016109,0.412654548883438,-0.0930195450782776,0.168405592441559,-0.980475664138794,-5.23171901702881,7.73127174377441,-0.00431046076118946,-0.128964379429817,0.0327330455183983,-0.96165806055069,-9.52662467956543,-2.3501889705658,0.00214302376843989,-0.393915116786957,-0.252594828605652,-0.434469819068909,-10.00403881073,2.96764612197876,-0.253696501255035,0.413589090108871,-0.0579006411135197,13.557849298,3.575453994,-1.444818808,-0.706353920416021,-0.701217185990663,0.982547573336798
-44.4793701171875,2.6702880859375,-377.50244140625,-41.2750244140625,-7.0953369140625,-365.6005859375,0.531409084796906,-10.1044664382935,-0.106230296194553,0.413994669914246,-0.0929533466696739,0.168549478054047,-0.976648151874542,-5.22956705093384,7.73247861862183,-0.00460358150303364,-0.129763782024384,0.0325891599059105,-0.96305787563324,-9.54322624206543,-2.36267185211182,0.00180015759542584,-0.396914839744568,-0.253083109855652,-0.427505165338516,-9.9993314743042,2.97322130203247,-0.252761632204056,0.416240215301514,-0.05996398255229,13.557849176,3.575454023,-1.444819381,-0.707917925855235,-0.702257078722248,0.980198751721223
-44.6701049804688,2.6702880859375,-377.50244140625,-41.4657592773438,-7.01904296875,-365.676879882813,0.539460062980652,-10.1051511764526,-0.107766084372997,0.415334761142731,-0.0928871557116508,0.168693363666534,-0.972820580005646,-5.22741460800171,7.73368549346924,-0.00489670224487782,-0.130563169717789,0.0324452742934227,-0.96445769071579,-9.55982780456543,-2.37515473365784,0.00145729153882712,-0.399914592504501,-0.253571391105652,-0.420540481805801,-9.99462413787842,2.9787962436676,-0.251826792955399,0.418891340494156,-0.06202732026577,13.557849054,3.575454052,-1.444819954,-0.70948193129445,-0.703296971453832,0.977849930105648
-44.86083984375,2.6702880859375,-377.50244140625,-41.656494140625,-6.9427490234375,-365.753173828125,0.547511100769043,-10.1058368682861,-0.109301872551441,0.416674852371216,-0.0928209573030472,0.168837249279022,-0.968993008136749,-5.22526264190674,7.73489236831665,-0.00518982252106071,-0.131362572312355,0.0323013924062252,-0.965857446193695,-9.57642841339111,-2.38763761520386,0.0011144254822284,-0.402914315462112,-0.254059702157974,-0.413575828075409,-9.98991680145264,2.98437142372131,-0.250891923904419,0.421542435884476,-0.0640906617045403,13.557848932,3.575454081,-1.444820527,-0.711045936733663,-0.704336864185417,0.975501108490073
-44.5556640625,2.593994140625,-377.50244140625,-41.5420532226563,-7.0953369140625,-366.134643554688,0.555562138557434,-10.1065225601196,-0.110837660729885,0.418014973402023,-0.0927547663450241,0.16898113489151,-0.965165495872498,-5.22311019897461,7.73609924316406,-0.00548294326290488,-0.13216196000576,0.0321575067937374,-0.967257261276245,-9.59302997589111,-2.40012049674988,0.000771559483837336,-0.405914038419724,-0.254547983407974,-0.406611144542694,-9.98520946502686,2.98994660377502,-0.249957069754601,0.424193561077118,-0.0661540031433105,13.55784881,3.57545411,-1.4448211,-0.712609942172878,-0.705376756917002,0.973152286874498
-44.25048828125,2.5177001953125,-377.50244140625,-41.4276123046875,-7.2479248046875,-366.51611328125,0.563613176345825,-10.1072072982788,-0.112373448908329,0.419355064630508,-0.092688575387001,0.169125020503998,-0.961337924003601,-5.22095823287964,7.73730659484863,-0.00577606400474906,-0.132961347699165,0.0320136211812496,-0.968657076358795,-9.60963153839111,-2.41260361671448,0.000428693398134783,-0.408913791179657,-0.255036264657974,-0.399646461009979,-9.98050212860107,2.99552178382874,-0.249022215604782,0.42684468626976,-0.0682173445820808,13.557848688,3.575454139,-1.444821673,-0.714173947612093,-0.706416649648587,0.970803465258922
-44.4412231445313,2.47955322265625,-377.426147460938,-41.4276123046875,-7.2479248046875,-366.744995117188,0.571664214134216,-10.1078929901123,-0.113909237086773,0.420695155858994,-0.0926223769783974,0.169268906116486,-0.957510352134705,-5.21880578994751,7.73851346969604,-0.00606918474659324,-0.133760750293732,0.0318697355687618,-0.9700568318367,-9.62623310089111,-2.4250864982605,8.582734153606e-05,-0.411913514137268,-0.255524545907974,-0.392681807279587,-9.97579479217529,3.00109696388245,-0.248087361454964,0.42949578166008,-0.0702806860208511,13.557848566,3.575454168,-1.444822246,-0.715737953051306,-0.707456542380171,0.968454643643348
-44.6319580078125,2.44140625,-377.349853515625,-41.4276123046875,-7.2479248046875,-366.973876953125,0.579715192317963,-10.1085777282715,-0.115445025265217,0.422035276889801,-0.0925561860203743,0.169412791728973,-0.953682839870453,-5.21665382385254,7.73972034454346,-0.00636230548843741,-0.134560137987137,0.031725849956274,-0.97145664691925,-9.64283466339111,-2.43756937980652,-0.000257038715062663,-0.414913237094879,-0.256012827157974,-0.385717123746872,-9.97108840942383,3.00667190551758,-0.247152507305145,0.432146906852722,-0.0723440274596214,13.557848444,3.575454197,-1.444822819,-0.717301958490521,-0.708496435111756,0.966105822027772
-44.5175170898438,2.5177001953125,-377.655029296875,-41.19873046875,-7.0953369140625,-367.050170898438,0.587766230106354,-10.109263420105,-0.116980813443661,0.423375368118286,-0.0924899876117706,0.169556677341461,-0.949855268001556,-5.21450138092041,7.74092721939087,-0.00665542623028159,-0.135359540581703,0.0315819680690765,-0.972856462001801,-9.65943622589111,-2.45005226135254,-0.000599904800765216,-0.417912989854813,-0.256501108407974,-0.378752470016479,-9.96638107299805,3.01224708557129,-0.246217653155327,0.434798032045364,-0.0744073688983917,13.557848322,3.575454226,-1.444823392,-0.718865963929735,-0.709536327843341,0.963757000412198
-44.403076171875,2.593994140625,-377.960205078125,-40.9698486328125,-6.9427490234375,-367.12646484375,0.595817267894745,-10.1099491119385,-0.118516601622105,0.424715489149094,-0.0924237966537476,0.169700562953949,-0.946027755737305,-5.21234941482544,7.74213409423828,-0.00694854697212577,-0.136158928275108,0.0314380824565887,-0.974256217479706,-9.67603778839111,-2.46253514289856,-0.000942770857363939,-0.420912712812424,-0.256989389657974,-0.371787786483765,-9.96167373657227,3.017822265625,-0.245282799005508,0.437449127435684,-0.0764707028865814,13.5578482,3.575454255,-1.444823965,-0.72042996936895,-0.710576220574926,0.961408178796622
-44.4793701171875,2.55584716796875,-377.655029296875,-41.19873046875,-6.98089599609375,-367.279052734375,0.603868305683136,-10.1106338500977,-0.120052389800549,0.426055580377579,-0.0923575982451439,0.169844448566437,-0.942200183868408,-5.21019697189331,7.74334096908569,-0.00724166724830866,-0.136958330869675,0.031294196844101,-0.975656032562256,-9.6926383972168,-2.47501802444458,-0.00128563691396266,-0.423912435770035,-0.257477700710297,-0.364823132753372,-9.95696640014648,3.02339744567871,-0.24434794485569,0.440100252628326,-0.0785340443253517,13.557848078,3.575454284,-1.444824538,-0.721993974808164,-0.711616113306511,0.959059357181047
-44.5556640625,2.5177001953125,-377.349853515625,-41.4276123046875,-7.01904296875,-367.431640625,0.611919283866882,-10.1113195419312,-0.121588177978992,0.427395671606064,-0.0922914072871208,0.169988334178925,-0.938372611999512,-5.20804500579834,7.74454832077026,-0.00753478799015284,-0.13775771856308,0.0311503112316132,-0.977055847644806,-9.7092399597168,-2.48750114440918,-0.00162850297056139,-0.426912158727646,-0.257965981960297,-0.357858449220657,-9.9522590637207,3.02897238731384,-0.243413090705872,0.442751377820969,-0.080597385764122,13.557847956,3.575454313,-1.444825111,-0.723557980247378,-0.712656006038095,0.956710535565472
-44.4412231445313,2.47955322265625,-377.655029296875,-41.3894653320313,-7.0953369140625,-367.355346679688,0.619970321655273,-10.1120042800903,-0.123123966157436,0.428735792636871,-0.0922252088785172,0.170132219791412,-0.93454509973526,-5.20589256286621,7.74575519561768,-0.00782790873199701,-0.138557121157646,0.0310064274817705,-0.978455603122711,-9.7258415222168,-2.4999840259552,-0.00197136891074479,-0.429911911487579,-0.258454263210297,-0.350893795490265,-9.94755172729492,3.03454756736755,-0.242478236556053,0.445402473211288,-0.0826607272028923,13.557847834,3.575454342,-1.444825684,-0.725121985686593,-0.71369589876968,0.954361713949897
-44.3267822265625,2.44140625,-377.960205078125,-41.351318359375,-7.171630859375,-367.279052734375,0.628021359443665,-10.1126899719238,-0.12465975433588,0.430075883865356,-0.0921590179204941,0.1702761054039,-0.930717527866364,-5.20374059677124,7.74696207046509,-0.00812102947384119,-0.139356508851051,0.0308625418692827,-0.979855418205261,-9.7424430847168,-2.51246690750122,-0.00231423508375883,-0.43291163444519,-0.258942544460297,-0.34392911195755,-9.94284439086914,3.04012274742126,-0.241543382406235,0.448053598403931,-0.0847240686416626,13.557847712,3.575454371,-1.444826257,-0.726685991125806,-0.714735791501265,0.952012892334323
-44.25048828125,2.3651123046875,-377.731323242188,-41.4276123046875,-7.01904296875,-367.279052734375,0.641126573085785,-10.114556312561,-0.120236419141293,0.431233525276184,-0.0910595580935478,0.169911026954651,-0.925577759742737,-5.20057916641235,7.75393724441528,-0.00853318721055984,-0.14024855196476,0.0311059281229973,-0.978972136974335,-9.7599048614502,-2.51259279251099,-0.00355337234213948,-0.435627967119217,-0.257901281118393,-0.349852204322815,-9.91055583953857,3.03281879425049,-0.239666685461998,0.447770476341248,-0.0861404165625572,13.55784759,3.5754544,-1.44482683,-0.728249996565021,-0.71577568423285,0.949664070718747
-44.1741943359375,2.288818359375,-377.50244140625,-41.50390625,-6.866455078125,-367.279052734375,0.654231786727905,-10.1164226531982,-0.115813083946705,0.432391166687012,-0.0899601057171822,0.169545948505402,-0.92043799161911,-5.19741773605347,7.76091241836548,-0.00894534587860107,-0.14114060997963,0.0313493125140667,-0.978088915348053,-9.77736663818359,-2.51271867752075,-0.00479250960052013,-0.438344299793243,-0.256859987974167,-0.355775326490402,-9.87826824188232,3.02551484107971,-0.237789988517761,0.447487354278564,-0.0875567719340324,13.6217235005,3.61192600600001,-1.4520993115,-0.729550509310286,-0.716829334704338,0.948559721034914
-44.2886352539063,2.3651123046875,-377.655029296875,-41.80908203125,-6.90460205078125,-367.507934570313,0.667337000370026,-10.1182889938354,-0.111389748752117,0.433548808097839,-0.0888606458902359,0.169180870056152,-0.915298223495483,-5.19425630569458,7.76788759231567,-0.00935750361531973,-0.142032653093338,0.0315927006304264,-0.977205634117126,-9.79482746124268,-2.5128448009491,-0.00603164685890079,-0.44106063246727,-0.255818724632263,-0.361698418855667,-9.84597969055176,3.01821088790894,-0.235913306474686,0.447204232215881,-0.0889731198549271,13.685599411,3.648397612,-1.459371793,-0.730851022055551,-0.717882985175826,0.947455371351082
-44.403076171875,2.44140625,-377.8076171875,-42.1142578125,-6.9427490234375,-367.73681640625,0.680442214012146,-10.1201553344727,-0.106966413557529,0.434706449508667,-0.0877611935138702,0.168815791606903,-0.910158455371857,-5.19109487533569,7.77486324310303,-0.00976966228336096,-0.142924696207047,0.0318360850214958,-0.9763223528862,-9.81228923797607,-2.51297068595886,-0.00727078411728144,-0.443776965141296,-0.254777461290359,-0.367621511220932,-9.81369113922119,3.01090693473816,-0.234036609530449,0.446921080350876,-0.0903894752264023,13.7494753215,3.684869218,-1.4666442745,-0.732151534800816,-0.718936635647314,0.946351021667249
-44.2123413085938,2.40325927734375,-377.578735351563,-42.1905517578125,-6.9427490234375,-368.0419921875,0.693547427654266,-10.1220226287842,-0.102543078362942,0.435864090919495,-0.086661733686924,0.168450713157654,-0.905018746852875,-5.18793344497681,7.78183841705322,-0.0101818200200796,-0.143816739320755,0.0320794694125652,-0.975439131259918,-9.82975101470947,-2.51309657096863,-0.00850992184132338,-0.446493327617645,-0.253736197948456,-0.373544633388519,-9.78140258789063,3.00360298156738,-0.232159912586212,0.446637958288193,-0.0918058231472969,13.813351232,3.72134082399999,-1.473916756,-0.733452047546081,-0.719990286118802,0.945246671983417
-44.0216064453125,2.3651123046875,-377.349853515625,-42.266845703125,-6.9427490234375,-368.34716796875,0.706652641296387,-10.1238889694214,-0.098119743168354,0.437021732330322,-0.0855622738599777,0.168085634708405,-0.899878978729248,-5.18477201461792,7.78881359100342,-0.0105939786881208,-0.144708797335625,0.0323228575289249,-0.974555850028992,-9.84721279144287,-2.51322245597839,-0.00974905863404274,-0.449209660291672,-0.25269490480423,-0.379467725753784,-9.74911499023438,2.99629902839661,-0.230283215641975,0.44635483622551,-0.0932221785187721,13.8772271425,3.75781243,-1.4811892375,-0.734752560291346,-0.721043936590291,0.944142322299584
-44.2123413085938,2.288818359375,-377.349853515625,-42.1142578125,-6.82830810546875,-368.270874023438,0.719757854938507,-10.1257553100586,-0.0936964005231857,0.43817937374115,-0.0844628214836121,0.167720556259155,-0.894739210605621,-5.18161106109619,7.79578876495361,-0.0110061364248395,-0.145600840449333,0.0325662419199944,-0.973672568798065,-9.86467361450195,-2.51334857940674,-0.0109881963580847,-0.451925992965698,-0.251653641462326,-0.385390847921371,-9.71682643890381,2.98899507522583,-0.228406518697739,0.446071714162827,-0.0946385264396667,13.941103053,3.79428403600001,-1.488461719,-0.736053073036611,-0.722097587061779,0.943037972615751
-44.403076171875,2.2125244140625,-377.349853515625,-41.961669921875,-6.7138671875,-368.194580078125,0.732863068580627,-10.1276216506958,-0.089273065328598,0.439337015151978,-0.0833633616566658,0.167355477809906,-0.889599442481995,-5.1784496307373,7.80276393890381,-0.0114182950928807,-0.146492883563042,0.0328096263110638,-0.972789347171783,-9.88213539123535,-2.5134744644165,-0.012227333150804,-0.454642325639725,-0.250612378120422,-0.391313940286636,-9.68453788757324,2.98169112205505,-0.226529821753502,0.445788592100143,-0.096054881811142,14.0049789635,3.830755642,-1.4957342005,-0.737353585781876,-0.723151237533267,0.941933622931919
-44.3267822265625,2.09808349609375,-377.349853515625,-41.961669921875,-6.59942626953125,-368.118286132813,0.745968282222748,-10.129487991333,-0.0848497301340103,0.440494656562805,-0.0822639092803001,0.166990399360657,-0.884459674358368,-5.17528820037842,7.809739112854,-0.0118304528295994,-0.147384941577911,0.0330530144274235,-0.971906065940857,-9.89959716796875,-2.51360034942627,-0.013466470874846,-0.457358658313751,-0.249571099877357,-0.397237032651901,-9.65224933624268,2.97438716888428,-0.224653139710426,0.44550547003746,-0.0974712297320366,14.068854874,3.867227248,-1.503006682,-0.738654098527141,-0.724204888004755,0.940829273248086
-44.25048828125,1.983642578125,-377.349853515625,-41.961669921875,-6.4849853515625,-368.0419921875,0.759073495864868,-10.1313543319702,-0.0804263949394226,0.441652297973633,-0.0811644494533539,0.166625320911407,-0.879319906234741,-5.17212677001953,7.8167142868042,-0.0122426114976406,-0.14827698469162,0.0332963988184929,-0.97102278470993,-9.91705894470215,-2.51372623443604,-0.0147056085988879,-0.460074990987778,-0.248529821634293,-0.403160154819489,-9.61996173858643,2.9670832157135,-0.22277644276619,0.445222347974777,-0.0988875851035118,14.1327307845,3.90369885399999,-1.5102791635,-0.739954611272405,-0.725258538476243,0.939724923564254
-44.2123413085938,1.983642578125,-377.50244140625,-42.0761108398438,-6.52313232421875,-368.34716796875,0.772178709506989,-10.1332206726074,-0.0760030597448349,0.44280993938446,-0.0800649896264076,0.166260242462158,-0.874180138111115,-5.16896533966064,7.82368993759155,-0.0126547692343593,-0.149169027805328,0.0335397869348526,-0.970139563083649,-9.93452072143555,-2.5138521194458,-0.0159447453916073,-0.462791323661804,-0.247488543391228,-0.409083247184753,-9.58767318725586,2.95977926254272,-0.220899745821953,0.444939196109772,-0.100303933024406,14.196606695,3.94017046,-1.517551645,-0.741255124017671,-0.726312188947731,0.938620573880421
-44.1741943359375,1.983642578125,-377.655029296875,-42.1905517578125,-6.561279296875,-368.65234375,0.785283923149109,-10.1350870132446,-0.0715797245502472,0.443967580795288,-0.078965537250042,0.165895164012909,-0.869040369987488,-5.16580390930176,7.83066511154175,-0.0130669279024005,-0.150061085820198,0.033783171325922,-0.969256281852722,-9.95198154449463,-2.51397824287415,-0.0171838831156492,-0.465507656335831,-0.246447280049324,-0.415006339550018,-9.55538463592529,2.95247530937195,-0.219023048877716,0.444656074047089,-0.101720288395882,14.2604826055,3.97664206600001,-1.5248241265,-0.742555636762936,-0.72736583941922,0.937516224196588
-44.2123413085938,1.86920166015625,-377.731323242188,-42.1524047851563,-6.561279296875,-368.881225585938,0.798389136791229,-10.1369533538818,-0.0671563893556595,0.445125222206116,-0.0778660774230957,0.16553008556366,-0.863900601863861,-5.16264247894287,7.83764028549194,-0.0134790856391191,-0.150953128933907,0.0340265557169914,-0.968373000621796,-9.96944332122803,-2.51410412788391,-0.0184230208396912,-0.468223989009857,-0.245406001806259,-0.420929461717606,-9.52309608459473,2.94517135620117,-0.217146351933479,0.444372951984406,-0.103136636316776,14.324358516,4.013113672,-1.532096608,-0.743856149508201,-0.728419489890708,0.936411874512756
-44.25048828125,1.7547607421875,-377.8076171875,-42.1142578125,-6.561279296875,-369.110107421875,0.808709859848022,-10.1378002166748,-0.0542798303067684,0.445951640605927,-0.0769290924072266,0.165141478180885,-0.858589649200439,-5.16443395614624,7.83963489532471,-0.0138822412118316,-0.151720017194748,0.034245066344738,-0.967455327510834,-9.98686408996582,-2.50723242759705,-0.019447835162282,-0.470648467540741,-0.244449704885483,-0.428831726312637,-9.48564910888672,2.9331066608429,-0.215143799781799,0.442119032144547,-0.104192659258842,14.3882344265,4.049585278,-1.5393690895,-0.745156662253466,-0.729473140362196,0.935307524828923
-43.9834594726563,1.983642578125,-377.8076171875,-42.0761108398438,-6.4849853515625,-369.2626953125,0.816246151924133,-10.1376256942749,-0.0329500436782837,0.446446806192398,-0.0761545673012733,0.164729341864586,-0.853107452392578,-5.17117834091187,7.8366494178772,-0.0142763927578926,-0.152361750602722,0.0344386957585812,-0.966503143310547,-10.004243850708,-2.49336338043213,-0.0202583279460669,-0.472781091928482,-0.243578359484673,-0.438713163137436,-9.44304275512695,2.91628122329712,-0.213015377521515,0.437894314527512,-0.1048883497715,14.452110337,4.08605688399999,-1.546641571,-0.74645717499873,-0.730526790833684,0.934203175145091
-43.7164306640625,2.2125244140625,-377.8076171875,-42.0379638671875,-6.40869140625,-369.415283203125,0.823782384395599,-10.1374521255493,-0.0116202551871538,0.44694197177887,-0.0753800421953201,0.164317205548286,-0.847625195980072,-5.17792272567749,7.83366346359253,-0.0146705443039536,-0.153003484010696,0.0346323288977146,-0.965551018714905,-10.0216236114502,-2.47949409484863,-0.0210688225924969,-0.474913716316223,-0.242707028985023,-0.448594570159912,-9.4004373550415,2.89945578575134,-0.210886970162392,0.433669596910477,-0.105584047734737,14.5159862475,4.12252849,-1.5539140525,-0.747757687743996,-0.731580441305173,0.933098825461258
-43.8308715820313,2.02178955078125,-377.655029296875,-42.0379638671875,-6.4849853515625,-369.644165039063,0.83131867647171,-10.1372785568237,0.00970953051000834,0.447437137365341,-0.0746055170893669,0.163905069231987,-0.842142999172211,-5.18466711044312,7.83067798614502,-0.0150646958500147,-0.153645232319832,0.0348259583115578,-0.964598834514618,-10.0390043258667,-2.46562480926514,-0.0218793153762817,-0.477046340703964,-0.241835683584213,-0.458476006984711,-9.35783100128174,2.88263034820557,-0.208758547902107,0.429444879293442,-0.106279738247395,14.579862158,4.15900009600001,-1.561186534,-0.749058200489261,-0.732634091776661,0.931994475777425
-43.9453125,1.8310546875,-377.50244140625,-42.0379638671875,-6.561279296875,-369.873046875,0.838854968547821,-10.1371040344238,0.0310393180698156,0.447932302951813,-0.0738309994339943,0.163492932915688,-0.836660802364349,-5.19141149520874,7.82769250869751,-0.0154588473960757,-0.154286965727806,0.0350195877254009,-0.963646709918976,-10.0563840866089,-2.45175576210022,-0.0226898081600666,-0.479178965091705,-0.240964338183403,-0.468357443809509,-9.31522464752197,2.86580491065979,-0.206630125641823,0.425220161676407,-0.106975428760052,14.6437380685,4.195471702,-1.5684590155,-0.750358713234525,-0.733687742248149,0.930890126093593
-43.8308715820313,1.8310546875,-377.50244140625,-42.0761108398438,-6.561279296875,-370.101928710938,0.846391201019287,-10.1369304656982,0.0523691028356552,0.448427498340607,-0.0730564743280411,0.163080796599388,-0.831178605556488,-5.19815587997437,7.82470655441284,-0.0158529989421368,-0.15492869913578,0.0352132208645344,-0.962694585323334,-10.0737638473511,-2.43788647651672,-0.0235003028064966,-0.481311589479446,-0.240093007683754,-0.478238880634308,-9.27261924743652,2.84897923469543,-0.2045017182827,0.420995444059372,-0.107671126723289,14.707613979,4.231943308,-1.575731497,-0.751659225979791,-0.734741392719637,0.92978577640976
-43.7164306640625,1.8310546875,-377.50244140625,-42.1142578125,-6.561279296875,-370.330810546875,0.853927493095398,-10.1367568969727,0.0736988931894302,0.448922663927078,-0.0722819492220879,0.162668660283089,-0.825696408748627,-5.20490026473999,7.82172107696533,-0.0162471495568752,-0.155570432543755,0.0354068502783775,-0.961742401123047,-10.0911436080933,-2.42401719093323,-0.0243107955902815,-0.483444213867188,-0.239221662282944,-0.488120317459106,-9.23001289367676,2.83215379714966,-0.202373296022415,0.416770726442337,-0.108366817235947,14.7714898895,4.26841491399999,-1.5830039785,-0.752959738725055,-0.735795043191125,0.928681426725928
-43.7164306640625,1.79290771484375,-377.731323242188,-42.1905517578125,-6.52313232421875,-370.330810546875,0.861463785171509,-10.1365823745728,0.0950286760926247,0.44941782951355,-0.0715074241161346,0.162256509065628,-0.820214152336121,-5.21164464950562,7.81873512268066,-0.0166413020342588,-0.156212165951729,0.035600483417511,-0.960790276527405,-10.1085233688354,-2.41014814376831,-0.0251212883740664,-0.485576838254929,-0.238350331783295,-0.498001724481583,-9.18740653991699,2.81532835960388,-0.200244873762131,0.412546038627625,-0.109062507748604,14.8353658,4.30488652,-1.59027646,-0.75426025147032,-0.736848693662613,0.927577077042095
-43.7164306640625,1.7547607421875,-377.960205078125,-42.266845703125,-6.4849853515625,-370.330810546875,0.869000017642975,-10.1364088058472,0.1163584664464,0.449912995100021,-0.070732906460762,0.161844372749329,-0.814731955528259,-5.21838903427124,7.81574964523315,-0.0170354526489973,-0.156853899359703,0.0357941128313541,-0.959838092327118,-10.1259031295776,-2.39627885818481,-0.0259317830204964,-0.48770946264267,-0.237478986382484,-0.507883191108704,-9.14480113983154,2.79850292205811,-0.198116466403008,0.40832132101059,-0.109758205711842,14.8351391085,4.3049278205,-1.590312574,-0.754536822554967,-0.737384603155402,0.928035747533536
-43.792724609375,1.79290771484375,-377.8076171875,-42.3812866210938,-6.59942626953125,-370.407104492188,0.876536309719086,-10.1362342834473,0.137688249349594,0.450408160686493,-0.0699583813548088,0.161432236433029,-0.809249758720398,-5.22513341903687,7.81276416778564,-0.0174296051263809,-0.157495632767677,0.0359877422451973,-0.958885967731476,-10.1432828903198,-2.3824098110199,-0.0267422758042812,-0.489842057228088,-0.236607640981674,-0.517764568328857,-9.10219478607178,2.78167748451233,-0.195988044142723,0.404096603393555,-0.110453896224499,14.834912417,4.304969121,-1.590348688,-0.754813393639614,-0.737920512648189,0.928494418024977
-43.8690185546875,1.8310546875,-377.655029296875,-42.4957275390625,-6.7138671875,-370.4833984375,0.884072601795197,-10.1360607147217,0.159018039703369,0.450903326272964,-0.0691838562488556,0.16102010011673,-0.803767561912537,-5.23187780380249,7.80977821350098,-0.0178237557411194,-0.158137381076813,0.0361813753843307,-0.957933783531189,-10.1606636047363,-2.3685405254364,-0.0275527685880661,-0.491974681615829,-0.235736310482025,-0.527646005153656,-9.05958843231201,2.76485204696655,-0.193859621882439,0.39987188577652,-0.111149586737156,14.8346857255,4.3050104215,-1.590384802,-0.755089964724261,-0.738456422140978,0.928953088516418
-43.9453125,1.94549560546875,-377.578735351563,-42.572021484375,-6.75201416015625,-370.635986328125,0.891608893871307,-10.1358871459961,0.180347830057144,0.451398521661758,-0.0684093311429024,0.16060796380043,-0.798285305500031,-5.23862218856812,7.80679273605347,-0.018217908218503,-0.158779114484787,0.0363750047981739,-0.956981658935547,-10.1780433654785,-2.35467123985291,-0.028363261371851,-0.494107306003571,-0.234864965081215,-0.537527441978455,-9.01698207855225,2.7480263710022,-0.191731199622154,0.395647168159485,-0.111845277249813,14.834459034,4.305051722,-1.590420916,-0.755366535808908,-0.738992331633765,0.929411759007858
-44.0216064453125,2.0599365234375,-377.50244140625,-42.6483154296875,-6.7901611328125,-370.78857421875,0.899145126342773,-10.1357126235962,0.201677605509758,0.45189368724823,-0.0676348134875298,0.160195827484131,-0.792803108692169,-5.24536657333374,7.8038067817688,-0.0186120588332415,-0.159420847892761,0.0365686379373074,-0.95602947473526,-10.1954231262207,-2.34080219268799,-0.029173756018281,-0.496239930391312,-0.233993634581566,-0.547408878803253,-8.9743766784668,2.73120093345642,-0.189602792263031,0.39142245054245,-0.112540975213051,14.8342323425,4.3050930225,-1.59045703,-0.755643106893554,-0.739528241126554,0.929870429499299
-43.8690185546875,1.9073486328125,-377.426147460938,-42.4957275390625,-6.82830810546875,-371.170043945313,0.906681418418884,-10.1355390548706,0.223007395863533,0.452388852834702,-0.0668602883815765,0.159783691167831,-0.787320911884308,-5.25211095809937,7.80082130432129,-0.0190062113106251,-0.160062581300735,0.0367622673511505,-0.955077350139618,-10.2128028869629,-2.32693290710449,-0.0299842488020658,-0.498372554779053,-0.233122289180756,-0.557290315628052,-8.93177032470703,2.71437549591064,-0.187474370002747,0.387197732925415,-0.113236665725708,14.834005651,4.305134323,-1.590493144,-0.755919677978201,-0.740064150619342,0.93032909999074
-43.7164306640625,1.7547607421875,-377.349853515625,-42.3431396484375,-6.866455078125,-371.551513671875,0.903595924377441,-10.1240720748901,0.242522701621056,0.452582478523254,-0.0642825812101364,0.159389525651932,-0.783643066883087,-5.25593852996826,7.79416275024414,-0.0190961435437202,-0.160796940326691,0.0374066941440105,-0.952177822589874,-10.227445602417,-2.30634832382202,-0.0308582857251167,-0.502229571342468,-0.231195896863937,-0.56675523519516,-8.90859413146973,2.70606064796448,-0.187536343932152,0.38237789273262,-0.112997494637966,14.8337789595,4.3051756235,-1.590529258,-0.756196249062848,-0.74060006011213,0.930787770482181
-43.6019897460938,1.79290771484375,-377.197265625,-42.5338745117188,-6.75201416015625,-371.39892578125,0.900510489940643,-10.1126041412354,0.262037992477417,0.45277613401413,-0.061704870313406,0.158995375037193,-0.779965221881866,-5.25976610183716,7.78750467300415,-0.0191860739141703,-0.161531299352646,0.0380511209368706,-0.949278235435486,-10.2420883178711,-2.28576397895813,-0.0317323207855225,-0.506086587905884,-0.229269504547119,-0.576220154762268,-8.88541793823242,2.69774580001831,-0.187598332762718,0.377558052539825,-0.112758331000805,14.833552268,4.305216924,-1.590565372,-0.756472820147495,-0.741135969604918,0.931246440973622
-43.487548828125,1.8310546875,-377.044677734375,-42.724609375,-6.6375732421875,-371.246337890625,0.8974249958992,-10.1011371612549,0.28155329823494,0.452969759702682,-0.0591271594166756,0.158601209521294,-0.776287376880646,-5.26359415054321,7.780846118927,-0.0192760061472654,-0.162265658378601,0.0386955477297306,-0.946378707885742,-10.2567300796509,-2.26517939567566,-0.0326063558459282,-0.509943544864655,-0.227343112230301,-0.585685074329376,-8.86224269866943,2.68943119049072,-0.187660306692123,0.372738212347031,-0.112519159913063,14.8333255765,4.3052582245,-1.590601486,-0.756749391232142,-0.741671879097706,0.931705111465063
-43.5256958007813,1.79290771484375,-377.120971679688,-42.724609375,-6.75201416015625,-371.475219726563,0.894339561462402,-10.0896701812744,0.301068603992462,0.453163385391235,-0.0565494485199451,0.158207058906555,-0.772609531879425,-5.26742172241211,7.77418804168701,-0.0193659365177155,-0.163000017404556,0.0393399745225906,-0.943479120731354,-10.271372795105,-2.24459481239319,-0.0334803946316242,-0.51380056142807,-0.225416705012321,-0.595149993896484,-8.83906650543213,2.68111634254456,-0.187722280621529,0.367918372154236,-0.112279988825321,14.833098885,4.305299525,-1.5906376,-0.757025962316789,-0.742207788590494,0.932163781956504
-43.5638427734375,1.7547607421875,-377.197265625,-42.724609375,-6.866455078125,-371.7041015625,0.891254067420959,-10.0782022476196,0.320583879947662,0.453357040882111,-0.053971741348505,0.157812893390656,-0.768931686878204,-5.27124929428101,7.76752948760986,-0.0194558687508106,-0.163734376430511,0.039984405040741,-0.94057959318161,-10.2860155105591,-2.2240104675293,-0.03435442969203,-0.517657577991486,-0.223490312695503,-0.604614973068237,-8.81589031219482,2.67280149459839,-0.187784269452095,0.363098531961441,-0.11204082518816,14.8328721935,4.3053408255,-1.590673714,-0.757302533401435,-0.742743698083282,0.932622452447945
-43.5256958007813,1.71661376953125,-376.968383789063,-42.6101684570313,-6.90460205078125,-372.085571289063,0.888168632984161,-10.0667352676392,0.340099185705185,0.453550666570663,-0.0513940304517746,0.157418742775917,-0.765253841876984,-5.2750768661499,7.76087141036987,-0.0195457991212606,-0.164468735456467,0.040628831833601,-0.937680006027222,-10.3006582260132,-2.20342588424683,-0.0352284647524357,-0.521514594554901,-0.221563920378685,-0.614079892635345,-8.79271411895752,2.66448664665222,-0.1878462433815,0.358278691768646,-0.111801654100418,14.832645502,4.305382126,-1.590709828,-0.757579104486082,-0.74327960757607,0.933081122939386
-43.487548828125,1.678466796875,-376.739501953125,-42.4957275390625,-6.9427490234375,-372.467041015625,0.885083138942719,-10.0552673339844,0.359614491462708,0.453744292259216,-0.0488163195550442,0.157024577260017,-0.761575937271118,-5.2789044380188,7.75421285629272,-0.0196357313543558,-0.165203094482422,0.041273258626461,-0.934780478477478,-10.315299987793,-2.18284153938293,-0.0361024998128414,-0.525371551513672,-0.219637528061867,-0.623544812202454,-8.76953887939453,2.65617179870605,-0.187908217310905,0.353458851575851,-0.111562483012676,14.8324188105,4.3054234265,-1.590745942,-0.757855675570729,-0.743815517068858,0.933539793430827
-43.4494018554688,1.86920166015625,-377.044677734375,-42.8009033203125,-6.9427490234375,-372.695922851563,0.88199770450592,-10.0438003540039,0.37912979722023,0.453937947750092,-0.046238612383604,0.156630426645279,-0.757898092269897,-5.2827320098877,7.74755477905273,-0.0197256617248058,-0.165937453508377,0.0419176854193211,-0.93188089132309,-10.3299427032471,-2.16225695610046,-0.0369765385985374,-0.529228568077087,-0.217711135745049,-0.633009731769562,-8.74636268615723,2.64785695075989,-0.187970206141472,0.348639011383057,-0.111323319375515,14.832192119,4.305464727,-1.590782056,-0.758132246655376,-0.744351426561646,0.933998463922268
-43.4112548828125,2.0599365234375,-377.349853515625,-43.1060791015625,-6.9427490234375,-372.9248046875,0.878912210464478,-10.0323333740234,0.398645102977753,0.454131573438644,-0.0436609014868736,0.156236261129379,-0.754220247268677,-5.28656005859375,7.74089622497559,-0.019815593957901,-0.166671812534332,0.0425621122121811,-0.928981363773346,-10.3445854187012,-2.14167237281799,-0.0378505736589432,-0.533085584640503,-0.21578474342823,-0.64247465133667,-8.72318649291992,2.6395423412323,-0.188032180070877,0.343819171190262,-0.111084148287773,14.8319654275,4.3055060275,-1.59081817,-0.758408817740023,-0.744887336054434,0.934457134413709
-43.3731079101563,2.17437744140625,-376.89208984375,-43.0679321289063,-6.90460205078125,-373.153686523438,0.875826716423035,-10.0208654403687,0.418160378932953,0.454325199127197,-0.0410831905901432,0.15584209561348,-0.750542402267456,-5.29038763046265,7.73423767089844,-0.0199055261909962,-0.167406171560287,0.0432065390050411,-0.926081836223602,-10.3592281341553,-2.1210880279541,-0.0387246087193489,-0.536942601203918,-0.213858351111412,-0.651939570903778,-8.70001029968262,2.63122749328613,-0.188094154000282,0.338999330997467,-0.110844977200031,14.831738736,4.305547328,-1.590854284,-0.75868538882467,-0.745423245547222,0.93491580490515
-43.3349609375,2.288818359375,-376.434326171875,-43.02978515625,-6.866455078125,-373.382568359375,0.872741281986237,-10.0093984603882,0.437675684690475,0.454518854618073,-0.0385054834187031,0.155447944998741,-0.746864557266235,-5.29421520233154,7.72757959365845,-0.0199954565614462,-0.168140530586243,0.0438509657979012,-0.923182249069214,-10.3738708496094,-2.10050344467163,-0.0395986437797546,-0.540799617767334,-0.211931943893433,-0.661404490470886,-8.67683410644531,2.62291264533997,-0.188156142830849,0.334179490804672,-0.11060581356287,14.8315120445,4.3055886285,-1.590890398,-0.758961959909316,-0.74595915504001,0.935374475396591
-43.3731079101563,2.32696533203125,-376.510620117188,-42.9534912109375,-7.13348388671875,-373.306274414063,0.869655787944794,-9.99793148040771,0.457190990447998,0.454712480306625,-0.0359277725219727,0.155053779482841,-0.743186712265015,-5.29804277420044,7.7209210395813,-0.0200853887945414,-0.168874889612198,0.0444953925907612,-0.92028272151947,-10.3885126113892,-2.07991886138916,-0.0404726825654507,-0.544656574726105,-0.210005551576614,-0.670869410037994,-8.65365886688232,2.6145977973938,-0.188218116760254,0.329359650611877,-0.110366642475128,14.831285353,4.305629929,-1.590926512,-0.759238530993963,-0.746495064532798,0.935833145888032
-43.4112548828125,2.3651123046875,-376.5869140625,-42.877197265625,-7.4005126953125,-373.22998046875,0.866570353507996,-9.98646354675293,0.476706296205521,0.454906105995178,-0.0333500616252422,0.154659628868103,-0.739508867263794,-5.30187034606934,7.71426296234131,-0.0201753191649914,-0.169609248638153,0.0451398193836212,-0.917383134365082,-10.4031553268433,-2.05933451652527,-0.0413467176258564,-0.54851359128952,-0.208079159259796,-0.680334329605103,-8.63048267364502,2.60628294944763,-0.188280090689659,0.324539810419083,-0.110127471387386,14.8310586615,4.3056712295,-1.590962626,-0.75951510207861,-0.747030974025586,0.936291816379472
-43.2205200195313,2.2125244140625,-376.5869140625,-42.9153442382813,-7.36236572265625,-373.382568359375,0.861368834972382,-9.97373294830322,0.493825435638428,0.45453417301178,-0.0306063033640385,0.15408293902874,-0.738811433315277,-5.30539608001709,7.7097544670105,-0.0201290193945169,-0.170035943388939,0.0457649156451225,-0.914433717727661,-10.4130125045776,-2.04150938987732,-0.0421046055853367,-0.552345097064972,-0.205790400505066,-0.686940133571625,-8.61886882781982,2.59946537017822,-0.188544124364853,0.32031261920929,-0.109406337141991,14.83083197,4.30571253,-1.59099874,-0.759791673163257,-0.747566883518374,0.936750486870913
-43.02978515625,2.0599365234375,-376.5869140625,-42.9534912109375,-7.32421875,-373.53515625,0.854051232337952,-9.95973777770996,0.508548498153687,0.453596651554108,-0.0276964921504259,0.153323739767075,-0.741094470024109,-5.30861902236938,7.70739555358887,-0.0199464894831181,-0.170154958963394,0.0463706813752651,-0.911434352397919,-10.4180850982666,-2.02644371986389,-0.0427463427186012,-0.556151151657104,-0.203139275312424,-0.690686821937561,-8.61881637573242,2.59414505958557,-0.189010217785835,0.316678017377853,-0.108203239738941,14.830830915,4.305711437,-1.591002235,-0.760639236307129,-0.748485266367674,0.938667526456805
-43.0679321289063,2.0599365234375,-376.663208007813,-42.7627563476563,-7.43865966796875,-373.687744140625,0.846733689308167,-9.94574356079102,0.523271501064301,0.452659130096436,-0.0247866809368134,0.152564525604248,-0.743377506732941,-5.31184244155884,7.70503664016724,-0.0197639595717192,-0.170273974537849,0.0469764471054077,-0.908434987068176,-10.4231576919556,-2.01137804985046,-0.0433880798518658,-0.559957146644592,-0.200488165020943,-0.694433450698853,-8.61876487731934,2.58882474899292,-0.189476311206818,0.313043415546417,-0.107000134885311,14.83082986,4.305710344,-1.59100573,-0.761486799451001,-0.749403649216974,0.940584566042695
-43.1060791015625,2.0599365234375,-376.739501953125,-42.572021484375,-7.5531005859375,-373.84033203125,0.839416086673737,-9.93174839019775,0.537994563579559,0.451721608638763,-0.0218768697232008,0.151805311441422,-0.745660543441772,-5.31506538391113,7.70267772674561,-0.0195814277976751,-0.170392990112305,0.0475822128355503,-0.905435621738434,-10.4282302856445,-1.99631226062775,-0.0440298169851303,-0.563763201236725,-0.1978370398283,-0.698180139064789,-8.61871337890625,2.58350443840027,-0.1899424046278,0.309408813714981,-0.105797037482262,14.830828805,4.305709251,-1.591009225,-0.762334362594873,-0.750322032066274,0.942501605628586
-43.1060791015625,2.0599365234375,-376.663208007813,-42.6101684570313,-7.59124755859375,-374.221801757813,0.832098543643951,-9.91775417327881,0.552717566490173,0.450784087181091,-0.0189670585095882,0.151046112179756,-0.747943580150604,-5.31828880310059,7.70031881332397,-0.0193988978862762,-0.17051200568676,0.0481879785656929,-0.902436256408691,-10.4333028793335,-1.98124659061432,-0.0446715541183949,-0.567569196224213,-0.195185914635658,-0.701926827430725,-8.61866092681885,2.57818412780762,-0.190408498048782,0.305774241685867,-0.104593932628632,14.83082775,4.305708158,-1.59101272,-0.763181925738744,-0.751240414915574,0.944418645214476
-43.1060791015625,2.0599365234375,-376.5869140625,-42.6483154296875,-7.62939453125,-374.603271484375,0.824780941009521,-9.90375900268555,0.567440569400787,0.449846565723419,-0.0160572472959757,0.15028689801693,-0.750226616859436,-5.32151174545288,7.69795989990234,-0.0192163679748774,-0.170631021261215,0.0487937442958355,-0.899436891078949,-10.4383754730225,-1.96618092060089,-0.0453132912516594,-0.571375250816345,-0.192534804344177,-0.705673456192017,-8.61860942840576,2.57286381721497,-0.190874591469765,0.302139639854431,-0.103390835225582,14.830826695,4.305707065,-1.591016215,-0.764029488882616,-0.752158797764874,0.946335684800368
-43.1060791015625,2.02178955078125,-376.434326171875,-42.7627563476563,-7.781982421875,-374.526977539063,0.817463397979736,-9.8897647857666,0.582163631916046,0.448909044265747,-0.0131474360823631,0.149527683854103,-0.752509653568268,-5.32473516464233,7.69560098648071,-0.0190338362008333,-0.17075003683567,0.0493995100259781,-0.896437525749207,-10.4434480667114,-1.95111525058746,-0.0459550283849239,-0.575181245803833,-0.189883679151535,-0.709420144557953,-8.61855792999268,2.56754350662231,-0.191340684890747,0.298505038022995,-0.102187730371952,14.83082564,4.305705972,-1.59101971,-0.764877052026488,-0.753077180614174,0.948252724386259
-43.1060791015625,1.983642578125,-376.28173828125,-42.877197265625,-7.9345703125,-374.45068359375,0.810145795345306,-9.87576961517334,0.59688663482666,0.447971493005753,-0.0102376258000731,0.148768484592438,-0.7547926902771,-5.32795810699463,7.69324207305908,-0.0188513062894344,-0.170869052410126,0.0500052757561207,-0.893438160419464,-10.4485206604004,-1.93604946136475,-0.0465967655181885,-0.578987300395966,-0.187232553958893,-0.713166773319244,-8.61850547790527,2.56222319602966,-0.191806778311729,0.294870436191559,-0.100984632968903,14.830824585,4.305704879,-1.591023205,-0.76572461517036,-0.753995563463474,0.950169763972149
-43.1442260742188,2.02178955078125,-376.358032226563,-43.0679321289063,-7.97271728515625,-374.755859375,0.802828252315521,-9.86177539825439,0.611609697341919,0.44703397154808,-0.00732781458646059,0.148009270429611,-0.757075726985931,-5.33118152618408,7.69088315963745,-0.0186687763780355,-0.170988067984581,0.0506110414862633,-0.890438795089722,-10.4535932540894,-1.92098379135132,-0.047238502651453,-0.582793295383453,-0.184581443667412,-0.716913461685181,-8.61845397949219,2.55690288543701,-0.192272871732712,0.291235864162445,-0.0997815281152725,14.83082353,4.305703786,-1.5910267,-0.766572178314232,-0.754913946312774,0.952086803558041
-43.182373046875,2.0599365234375,-376.434326171875,-43.2586669921875,-8.0108642578125,-375.06103515625,0.795510649681091,-9.84778022766113,0.626332700252533,0.446096450090408,-0.00441800337284803,0.147250071167946,-0.759358704090118,-5.33440446853638,7.68852424621582,-0.0184862446039915,-0.171107098460197,0.0512168072164059,-0.887439489364624,-10.458664894104,-1.90591812133789,-0.0478802435100079,-0.586599349975586,-0.18193031847477,-0.720660150051117,-8.61840152740479,2.55158233642578,-0.192738950252533,0.287601262331009,-0.0985784307122231,14.830822475,4.305702693,-1.591030195,-0.767419741458104,-0.755832329162074,0.954003843143931
-43.182373046875,2.09808349609375,-376.358032226563,-43.1060791015625,-7.89642333984375,-375.06103515625,0.788193106651306,-9.83378601074219,0.641055762767792,0.445158928632736,-0.00150819250848144,0.146490857005119,-0.76164174079895,-5.33762788772583,7.68616533279419,-0.0183037146925926,-0.171226114034653,0.0518225729465485,-0.884440124034882,-10.463737487793,-1.89085245132446,-0.0485219806432724,-0.590405344963074,-0.179279193282127,-0.724406778812408,-8.6183500289917,2.54626202583313,-0.193205043673515,0.283966660499573,-0.097375325858593,14.83082142,4.3057016,-1.59103369,-0.768267304601975,-0.756750712011374,0.955920882729822
-43.182373046875,2.13623046875,-376.28173828125,-42.9534912109375,-7.781982421875,-375.06103515625,0.780875504016876,-9.81979084014893,0.655778765678406,0.444221407175064,0.00140161858871579,0.145731642842293,-0.763924777507782,-5.34085083007813,7.68380641937256,-0.0181211847811937,-0.171345129609108,0.0524283386766911,-0.881440758705139,-10.4688100814819,-1.87578666210175,-0.0491637177765369,-0.594211399555206,-0.176628068089485,-0.728153467178345,-8.61829853057861,2.54094171524048,-0.193671137094498,0.280332058668137,-0.0961722284555435,14.830820365,4.305700507,-1.591037185,-0.769114867745847,-0.757669094860674,0.957837922315714
-43.182373046875,1.94549560546875,-376.052856445313,-43.02978515625,-7.74383544921875,-375.289916992188,0.773557960987091,-9.80579662322998,0.670501828193665,0.443283885717392,0.00431142933666706,0.144972443580627,-0.766207814216614,-5.34407424926758,7.68144750595093,-0.0179386530071497,-0.171464145183563,0.0530341044068336,-0.878441393375397,-10.4738826751709,-1.86072099208832,-0.0498054549098015,-0.598017394542694,-0.173976957798004,-0.731900095939636,-8.61824607849121,2.53562140464783,-0.19413723051548,0.276697486639023,-0.0949691236019135,14.83081931,4.305699414,-1.59104068,-0.769962430889719,-0.758587477709974,0.959754961901604
-43.182373046875,1.7547607421875,-375.823974609375,-43.1060791015625,-7.7056884765625,-375.518798828125,0.766240358352661,-9.79180145263672,0.685224831104279,0.44234636425972,0.00722124055027962,0.144213229417801,-0.768490850925446,-5.34729719161987,7.6790885925293,-0.0177561230957508,-0.171583160758018,0.0536398701369762,-0.875442028045654,-10.4789552688599,-1.84565532207489,-0.050447192043066,-0.601823449134827,-0.171325832605362,-0.735646784305573,-8.61819458007813,2.53030109405518,-0.194603323936462,0.273062884807587,-0.093766026198864,14.830818255,4.305698321,-1.591044175,-0.770809994033591,-0.759505860559274,0.961672001487495
-43.1060791015625,1.9073486328125,-375.823974609375,-43.182373046875,-7.82012939453125,-375.747680664063,0.758163094520569,-9.78590774536133,0.694951772689819,0.441389262676239,0.00817303359508514,0.143346056342125,-0.766643464565277,-5.34755897521973,7.67884588241577,-0.0175804682075977,-0.171017557382584,0.053826630115509,-0.868497848510742,-10.4797954559326,-1.82267558574677,-0.0517900139093399,-0.603441894054413,-0.16826243698597,-0.731204569339752,-8.64944267272949,2.52361178398132,-0.193537205457687,0.271333873271942,-0.0930163264274597,14.8308172,4.305697228,-1.59104767,-0.771657557177463,-0.760424243408574,0.963589041073385
-43.02978515625,2.0599365234375,-375.823974609375,-43.2586669921875,-7.9345703125,-375.9765625,0.750085830688477,-9.78001308441162,0.70467871427536,0.440432161092758,0.00912482663989067,0.14247889816761,-0.764796078205109,-5.34782075881958,7.67860317230225,-0.0174048133194447,-0.17045196890831,0.0540133938193321,-0.86155366897583,-10.4806356430054,-1.79969584941864,-0.0531328395009041,-0.605060338973999,-0.165199056267738,-0.726762294769287,-8.68068981170654,2.51692223548889,-0.192471086978912,0.269604861736298,-0.0922666266560555,14.830816145,4.305696135,-1.591051165,-0.772505120321335,-0.761342626257874,0.965506080659277
-42.877197265625,1.71661376953125,-375.900268554688,-43.2205200195313,-7.781982421875,-376.129150390625,0.742008566856384,-9.77411937713623,0.714405655860901,0.439475029706955,0.0100766196846962,0.141611725091934,-0.762948632240295,-5.34808254241943,7.67835998535156,-0.0172291584312916,-0.169886365532875,0.0542001537978649,-0.854609489440918,-10.4814758300781,-1.77671611309052,-0.054475661367178,-0.60667872428894,-0.162135660648346,-0.722320079803467,-8.71193790435791,2.51023292541504,-0.191404968500137,0.267875820398331,-0.0915169268846512,14.83081509,4.305695042,-1.59105466,-0.773352683465207,-0.762261009107175,0.967423120245168
-42.724609375,1.373291015625,-375.9765625,-43.182373046875,-7.62939453125,-376.28173828125,0.733931303024292,-9.76822471618652,0.724132597446442,0.438517928123474,0.0110284117981791,0.140744566917419,-0.761101245880127,-5.34834432601929,7.67811727523804,-0.0170535054057837,-0.169320777058601,0.0543869137763977,-0.847665369510651,-10.4823160171509,-1.75373637676239,-0.0558184832334518,-0.608297169208527,-0.159072265028954,-0.717877864837646,-8.74318504333496,2.50354337692261,-0.190338835120201,0.266146808862686,-0.0907672271132469,14.830814035,4.305693949,-1.591058155,-0.774200246609078,-0.763179391956474,0.969340159831058
-42.8009033203125,1.373291015625,-375.747680664063,-43.182373046875,-7.62939453125,-376.434326171875,0.7258540391922,-9.76233100891113,0.733859539031982,0.437560826539993,0.0119802048429847,0.139877393841743,-0.759253859519958,-5.34860610961914,7.67787456512451,-0.0168778505176306,-0.168755173683167,0.0545736737549305,-0.840721189975739,-10.4831571578979,-1.73075664043427,-0.0571613050997257,-0.609915614128113,-0.156008869409561,-0.713435649871826,-8.77443313598633,2.49685406684875,-0.189272716641426,0.264417797327042,-0.0900175198912621,14.83081298,4.305692856,-1.59106165,-0.77504780975295,-0.764097774805774,0.97125719941695
-42.877197265625,1.373291015625,-375.518798828125,-43.182373046875,-7.62939453125,-376.5869140625,0.717776775360107,-9.75643634796143,0.743586480617523,0.436603724956512,0.0129319978877902,0.139010220766068,-0.75740647315979,-5.34886789321899,7.67763185501099,-0.0167021956294775,-0.168189585208893,0.0547604374587536,-0.833777010440826,-10.4839973449707,-1.70777690410614,-0.0585041306912899,-0.611534059047699,-0.15294548869133,-0.708993375301361,-8.80568027496338,2.4901647567749,-0.188206598162651,0.262688785791397,-0.0892678201198578,14.830811925,4.305691763,-1.591065145,-0.775895372896822,-0.765016157655074,0.97317423900284
-42.724609375,1.25885009765625,-375.442504882813,-43.2586669921875,-7.74383544921875,-376.663208007813,0.70969945192337,-9.75054264068604,0.753313422203064,0.435646623373032,0.0138837909325957,0.138143062591553,-0.755559027194977,-5.34912967681885,7.67738914489746,-0.0165265407413244,-0.167623981833458,0.0549471974372864,-0.826832830905914,-10.4848375320435,-1.68479704856873,-0.0598469525575638,-0.613152503967285,-0.149882093071938,-0.704551160335541,-8.83692836761475,2.48347520828247,-0.187140479683876,0.26095974445343,-0.0885181203484535,14.83081087,4.30569067,-1.59106864,-0.776742936040694,-0.765934540504374,0.975091278588731
-42.572021484375,1.1444091796875,-375.3662109375,-43.3349609375,-7.8582763671875,-376.739501953125,0.701622188091278,-9.74464797973633,0.763040363788605,0.434689521789551,0.0148355839774013,0.137275889515877,-0.753711640834808,-5.3493914604187,7.67714643478394,-0.0163508858531713,-0.167058393359184,0.0551339574158192,-0.819888651371002,-10.4856777191162,-1.6618173122406,-0.0611897744238377,-0.614770948886871,-0.146818697452545,-0.70010894536972,-8.8681755065918,2.47678589820862,-0.186074361205101,0.259230732917786,-0.0877684205770493,14.830810653,4.3056905025,-1.5910670015,-0.777156763674949,-0.766668683380079,0.97821198777745
-42.724609375,1.25885009765625,-375.289916992188,-43.4112548828125,-7.9345703125,-376.89208984375,0.693544924259186,-9.73875427246094,0.772767305374146,0.433732390403748,0.0157873760908842,0.136408731341362,-0.75186425447464,-5.34965324401855,7.67690324783325,-0.0161752309650183,-0.166492789983749,0.055320717394352,-0.81294447183609,-10.486517906189,-1.63883757591248,-0.0625325962901115,-0.616389334201813,-0.143755301833153,-0.695666670799255,-8.89942359924316,2.47009634971619,-0.185008242726326,0.257501721382141,-0.087018720805645,14.830810436,4.305690335,-1.591065363,-0.777570591309205,-0.767402826255783,0.981332696966167
-42.877197265625,1.373291015625,-375.213623046875,-43.487548828125,-8.0108642578125,-377.044677734375,0.685467660427094,-9.73286056518555,0.782494246959686,0.432775288820267,0.0167391691356897,0.135541558265686,-0.750016868114471,-5.34991502761841,7.67666053771973,-0.0159995760768652,-0.165927201509476,0.055507481098175,-0.806000292301178,-10.4873580932617,-1.61585783958435,-0.0638754218816757,-0.618007779121399,-0.140691921114922,-0.691224455833435,-8.93067169189453,2.46340703964233,-0.183942124247551,0.255772709846497,-0.0862690210342407,14.830810219,4.3056901675,-1.5910637245,-0.77798441894346,-0.768136969131488,0.984453406154885
-42.877197265625,1.2969970703125,-375.289916992188,-43.5256958007813,-7.74383544921875,-376.968383789063,0.677390396595001,-9.72696590423584,0.792221188545227,0.431818187236786,0.0176909621804953,0.13467438519001,-0.748169481754303,-5.35017681121826,7.6764178276062,-0.0158239230513573,-0.165361598134041,0.0556942410767078,-0.799056172370911,-10.4881982803345,-1.59287810325623,-0.0652182400226593,-0.619626224040985,-0.137628525495529,-0.686782240867615,-8.96191883087158,2.45671772956848,-0.182875990867615,0.254043698310852,-0.0855193212628365,14.830810002,4.30569,-1.591062086,-0.778398246577715,-0.768871112007192,0.987574115343602
-42.877197265625,1.220703125,-375.3662109375,-43.5638427734375,-7.476806640625,-376.89208984375,0.669313132762909,-9.72107219696045,0.801948130130768,0.430861085653305,0.0186427552253008,0.133807227015495,-0.74632203578949,-5.35043859481812,7.67617511749268,-0.0156482681632042,-0.164796009659767,0.0558810010552406,-0.792111992835999,-10.4890384674072,-1.5698983669281,-0.0665610656142235,-0.621244668960571,-0.134565129876137,-0.68233996629715,-8.99316692352295,2.45002818107605,-0.18180987238884,0.252314656972885,-0.0847696214914322,14.830809785,4.3056898325,-1.5910604475,-0.778812074211971,-0.769605254882897,0.99069482453232
-42.724609375,1.25885009765625,-375.137329101563,-43.64013671875,-7.7056884765625,-377.426147460938,0.661235868930817,-9.71517753601074,0.811675071716309,0.429903984069824,0.0195945482701063,0.132940053939819,-0.744474649429321,-5.35070037841797,7.67593240737915,-0.0154726132750511,-0.164230406284332,0.0560677610337734,-0.785167813301086,-10.48987865448,-1.54691863059998,-0.0679038912057877,-0.622863113880157,-0.131501734256744,-0.677897751331329,-9.0244140625,2.4433388710022,-0.180743753910065,0.250585645437241,-0.0840199217200279,14.830809568,4.305689665,-1.591058809,-0.779225901846227,-0.770339397758602,0.993815533721038
-42.572021484375,1.2969970703125,-374.908447265625,-43.7164306640625,-7.9345703125,-377.960205078125,0.649148762226105,-9.71237373352051,0.822574257850647,0.428809314966202,0.0195982363075018,0.132225021719933,-0.74259877204895,-5.34938192367554,7.67731666564941,-0.0153059558942914,-0.163653716444969,0.0562918223440647,-0.776384830474854,-10.4882860183716,-1.52439892292023,-0.0695765540003777,-0.62318080663681,-0.128484711050987,-0.669609904289246,-9.06611633300781,2.43617343902588,-0.179005473852158,0.249820619821548,-0.0840384438633919,14.830809351,4.3056894975,-1.5910571705,-0.779639729480482,-0.771073540634306,0.996936242909755
-42.572021484375,1.1444091796875,-375.137329101563,-43.6019897460938,-8.12530517578125,-378.036499023438,0.633051753044128,-9.71265888214111,0.834645688533783,0.427577137947083,0.0186538212001324,0.131662100553513,-0.740694463253021,-5.3464822769165,7.68032789230347,-0.015148296020925,-0.163065940141678,0.0565531849861145,-0.765763103961945,-10.484260559082,-1.50233924388885,-0.0715790614485741,-0.62219774723053,-0.125514030456543,-0.657476484775543,-9.11827278137207,2.42853212356567,-0.17659504711628,0.250019609928131,-0.0848252028226852,14.830809134,4.30568933,-1.591055532,-0.780053557114737,-0.771807683510011,1.00005695209847
-42.572021484375,0.9918212890625,-375.3662109375,-43.487548828125,-8.3160400390625,-378.11279296875,0.616954803466797,-9.71294498443604,0.846717178821564,0.426344931125641,0.0177094060927629,0.131099194288254,-0.738790154457092,-5.34358310699463,7.68333911895752,-0.0149906352162361,-0.162478148937225,0.0568145476281643,-0.755141377449036,-10.4802350997925,-1.48027956485748,-0.0735815688967705,-0.621214687824249,-0.12254336476326,-0.645343065261841,-9.17042922973633,2.42089080810547,-0.174184620380402,0.250218570232391,-0.085611954331398,14.830808917,4.3056891625,-1.5910538935,-0.780467384748992,-0.772541826385715,1.00317766128719
-42.4957275390625,0.9918212890625,-375.06103515625,-43.487548828125,-8.20159912109375,-378.265380859375,0.600857794284821,-9.71323108673096,0.858788669109344,0.425112754106522,0.0167649909853935,0.130536288022995,-0.736885845661163,-5.3406834602356,7.68635082244873,-0.0148329753428698,-0.161890372633934,0.0570759102702141,-0.744519650936127,-10.4762096405029,-1.45821976661682,-0.0755840837955475,-0.620231628417969,-0.119572691619396,-0.633209645748138,-9.22258567810059,2.41324949264526,-0.171774193644524,0.250417530536652,-0.0863987058401108,14.8308087,4.305688995,-1.591052255,-0.780881212383248,-0.77327596926142,1.00629837047591
-42.41943359375,0.9918212890625,-374.755859375,-43.487548828125,-8.087158203125,-378.41796875,0.584760785102844,-9.71351623535156,0.87086009979248,0.42388054728508,0.0158205758780241,0.129973366856575,-0.73498147726059,-5.33778381347656,7.68936204910278,-0.0146753154695034,-0.161302596330643,0.0573372729122639,-0.733897924423218,-10.4721841812134,-1.43616008758545,-0.0775865912437439,-0.619248569011688,-0.116602018475533,-0.621076166629791,-9.27474212646484,2.40560817718506,-0.169363752007484,0.250616520643234,-0.0871854647994041,14.830808483,4.3056888275,-1.5910506165,-0.781295040017503,-0.774010112137124,1.00941907966463
-42.4575805664063,0.91552734375,-374.679565429688,-43.64013671875,-8.3160400390625,-378.265380859375,0.568663835525513,-9.71380233764648,0.882931590080261,0.422648340463638,0.0148761617019773,0.129410460591316,-0.733077168464661,-5.33488464355469,7.69237327575684,-0.0145176546648145,-0.16071480512619,0.0575986318290234,-0.723276197910309,-10.4681587219238,-1.41410040855408,-0.0795890986919403,-0.618265509605408,-0.113631345331669,-0.608942747116089,-9.3268985748291,2.39796686172485,-0.166953325271606,0.250815480947495,-0.0879722163081169,14.830808266,4.30568866,-1.591048978,-0.781708867651759,-0.774744255012829,1.01253978885334
-42.4957275390625,0.8392333984375,-374.603271484375,-43.792724609375,-8.544921875,-378.11279296875,0.552566826343536,-9.71408843994141,0.895003080368042,0.421416163444519,0.0139317465946078,0.128847554326057,-0.731172859668732,-5.33198499679565,7.69538497924805,-0.0143599947914481,-0.160127028822899,0.0578599944710732,-0.7126544713974,-10.4641332626343,-1.39204072952271,-0.0815916061401367,-0.617282450199127,-0.110660672187805,-0.596809327602386,-9.37905502319336,2.39032554626465,-0.164542898535728,0.251014441251755,-0.0887589678168297,14.830808049,4.3056884925,-1.5910473395,-0.782122695286014,-0.775478397888533,1.01566049804206
-42.3049926757813,0.87738037109375,-374.908447265625,-43.792724609375,-8.50677490234375,-378.41796875,0.536469876766205,-9.71437358856201,0.907074511051178,0.420183956623077,0.0129873305559158,0.128284633159637,-0.729268550872803,-5.32908582687378,7.6983962059021,-0.0142023349180818,-0.159539237618446,0.0581213571131229,-0.702032744884491,-10.4601078033447,-1.36998105049133,-0.0835941135883331,-0.616299390792847,-0.107689999043941,-0.584675908088684,-9.43121242523193,2.38268399238586,-0.16213247179985,0.251213431358337,-0.089545726776123,14.830807832,4.305688325,-1.591045701,-0.782536522920269,-0.776212540764238,1.01878120723078
-42.1142578125,0.91552734375,-375.213623046875,-43.792724609375,-8.4686279296875,-378.72314453125,0.520372867584229,-9.71465969085693,0.919146001338959,0.418951779603958,0.0120429154485464,0.127721726894379,-0.727364182472229,-5.32618618011475,7.70140743255615,-0.0140446741133928,-0.158951461315155,0.0583827197551727,-0.691411018371582,-10.4560823440552,-1.34792137145996,-0.0855966210365295,-0.615316331386566,-0.104719325900078,-0.572542428970337,-9.48336887359619,2.37504267692566,-0.159722030162811,0.251412391662598,-0.0903324782848358,14.830807615,4.3056881575,-1.5910440625,-0.782950350554525,-0.776946683639942,1.0219019164195
-42.1142578125,0.72479248046875,-374.832153320313,-43.9453125,-8.392333984375,-378.875732421875,0.504275858402252,-9.71494483947754,0.931217432022095,0.417719572782516,0.011098500341177,0.127158805727959,-0.7254598736763,-5.32328653335571,7.70441913604736,-0.0138870142400265,-0.158363685011864,0.0586440823972225,-0.680789232254028,-10.4520568847656,-1.32586169242859,-0.087599128484726,-0.614333271980286,-0.101748660206795,-0.560409009456635,-9.53552532196045,2.36740136146545,-0.157311603426933,0.25161138176918,-0.0911192372441292,14.830807398,4.30568799,-1.591042424,-0.78336417818878,-0.777680826515647,1.02502262560822
-42.1142578125,0.5340576171875,-374.45068359375,-44.097900390625,-8.3160400390625,-379.0283203125,0.488178908824921,-9.71523094177246,0.943288922309875,0.416487395763397,0.0101540852338076,0.1265958994627,-0.723555564880371,-5.32038736343384,7.70743036270142,-0.0137293543666601,-0.157775893807411,0.0589054450392723,-0.670167505741119,-10.4480314254761,-1.30380189418793,-0.089601643383503,-0.613350212574005,-0.0987779870629311,-0.548275589942932,-9.58768177032471,2.35976004600525,-0.154901176691055,0.251810342073441,-0.0919059887528419,14.830807181,4.3056878225,-1.5910407855,-0.783778005823036,-0.778414969391351,1.02814333479693
-42.1524047851563,0.64849853515625,-374.374389648438,-43.9834594726563,-8.35418701171875,-379.104614257813,0.472081899642944,-9.71551704406738,0.955360412597656,0.415255188941956,0.00920967012643814,0.126032993197441,-0.721651256084442,-5.3174877166748,7.71044158935547,-0.0135716944932938,-0.15718811750412,0.0591668039560318,-0.65954577922821,-10.4440059661865,-1.28174221515656,-0.0916041508316994,-0.612367153167725,-0.0958073139190674,-0.53614217042923,-9.63983821868896,2.35211873054504,-0.152490749955177,0.252009302377701,-0.0926927402615547,14.830806964,4.305687655,-1.591039147,-0.784191833457291,-0.779149112267056,1.03126404398565
-42.1905517578125,0.762939453125,-374.298095703125,-43.8690185546875,-8.392333984375,-379.180908203125,0.45598492026329,-9.71580219268799,0.967431843280792,0.414023011922836,0.00826525501906872,0.125470072031021,-0.719746887683868,-5.31458854675293,7.71345329284668,-0.0134140336886048,-0.156600326299667,0.0594281665980816,-0.648924052715302,-10.439980506897,-1.25968253612518,-0.0936066582798958,-0.611384093761444,-0.0928366407752037,-0.524008691310883,-9.69199466705322,2.34447741508484,-0.150080308318138,0.252208292484283,-0.0934794992208481,14.830806747,4.3056874875,-1.5910375085,-0.784605661091547,-0.77988325514276,1.03438475317437
-42.266845703125,0.6866455078125,-374.45068359375,-43.8308715820313,-8.392333984375,-379.409790039063,0.439887940883636,-9.71608829498291,0.979503333568573,0.412790805101395,0.0073208399116993,0.124907165765762,-0.717842578887939,-5.3116888999939,7.71646451950073,-0.0132563738152385,-0.156012549996376,0.0596895292401314,-0.638302326202393,-10.4359550476074,-1.23762285709381,-0.0956091657280922,-0.610401034355164,-0.08986596763134,-0.51187527179718,-9.74415111541748,2.33683609962463,-0.14766988158226,0.252407252788544,-0.0942662507295609,14.83080653,4.30568732,-1.59103587,-0.785019488725802,-0.780617398018465,1.03750546236309
-42.3431396484375,0.6103515625,-374.603271484375,-43.792724609375,-8.392333984375,-379.638671875,0.423633843660355,-9.72654151916504,0.995638430118561,0.411572366952896,0.00658914400264621,0.124373331665993,-0.720530211925507,-5.31170082092285,7.71927118301392,-0.0134029295295477,-0.156008318066597,0.0600048564374447,-0.625583231449127,-10.4336462020874,-1.22025465965271,-0.0975550785660744,-0.608094274997711,-0.0877401754260063,-0.500505983829498,-9.7922534942627,2.3342342376709,-0.144442021846771,0.252733677625656,-0.0962396934628487,14.878863531,4.33771960450001,-1.5979112075,-0.785659352678238,-0.781470446980355,1.0415150139714
-42.1524047851563,0.3814697265625,-374.374389648438,-43.9071655273438,-8.3160400390625,-379.714965820313,0.407379776239395,-9.73699378967285,1.01177358627319,0.410353899002075,0.00585744855925441,0.123839505016804,-0.723217844963074,-5.31171274185181,7.7220778465271,-0.0135494852438569,-0.156004101037979,0.0603201799094677,-0.612864196300507,-10.4313373565674,-1.2028865814209,-0.0995009988546371,-0.605787515640259,-0.0856143832206726,-0.489136725664139,-9.84035682678223,2.33163237571716,-0.141214162111282,0.253060132265091,-0.0982131287455559,14.926920532,4.369751889,-1.604786545,-0.786299216630674,-0.782323495942244,1.04552456557972
-41.961669921875,0.152587890625,-374.1455078125,-44.0216064453125,-8.23974609375,-379.791259765625,0.391125679016113,-9.74744701385498,1.02790868282318,0.409135460853577,0.00512575265020132,0.123305670917034,-0.725905478000641,-5.31172466278076,7.72488451004028,-0.0136960418894887,-0.1559998691082,0.060635507106781,-0.600145101547241,-10.429027557373,-1.1855183839798,-0.101446911692619,-0.603480756282806,-0.0834885910153389,-0.477767437696457,-9.88845920562744,2.32903051376343,-0.137986302375793,0.253386557102203,-0.100186571478844,14.974977533,4.4017841735,-1.6116618825,-0.78693908058311,-0.783176544904134,1.04953411718804
-42.0379638671875,0.11444091796875,-374.221801757813,-43.9834594726563,-8.1634521484375,-379.867553710938,0.374871611595154,-9.75790023803711,1.04404377937317,0.407917022705078,0.00439405674114823,0.122771836817265,-0.728593111038208,-5.31173658370972,7.72769069671631,-0.0138425976037979,-0.155995637178421,0.060950830578804,-0.587426066398621,-10.426718711853,-1.16815030574799,-0.103392824530602,-0.601173996925354,-0.0813627988100052,-0.466398179531097,-9.93656253814697,2.32642865180969,-0.134758442640305,0.253712981939316,-0.102160006761551,15.023034534,4.43381645799999,-1.61853722,-0.787578944535546,-0.784029593866024,1.05354366879635
-42.1142578125,0.0762939453125,-374.298095703125,-43.9453125,-8.087158203125,-379.94384765625,0.358617514371872,-9.76835250854492,1.06017899513245,0.40669858455658,0.00366236106492579,0.122238010168076,-0.73128080368042,-5.31174850463867,7.73049736022949,-0.0139891533181071,-0.155991420149803,0.0612661577761173,-0.574706971645355,-10.424409866333,-1.15078210830688,-0.105338744819164,-0.598867297172546,-0.0792370140552521,-0.455028891563416,-9.98466491699219,2.32382702827454,-0.131530582904816,0.254039406776428,-0.104133449494839,15.071091535,4.4658487425,-1.6254125575,-0.788218808487982,-0.784882642827914,1.05755322040467
-41.9235229492188,0.11444091796875,-374.069213867188,-44.0216064453125,-8.23974609375,-380.020141601563,0.342363446950912,-9.77880573272705,1.07631409168243,0.405480116605759,0.00293066538870335,0.121704176068306,-0.733968436717987,-5.31176042556763,7.73330402374268,-0.0141357090324163,-0.155987188220024,0.0615814849734306,-0.56198787689209,-10.422101020813,-1.13341391086578,-0.107284657657146,-0.596560537815094,-0.0771112218499184,-0.443659633398056,-10.0327682495117,2.3212251663208,-0.128302723169327,0.254365861415863,-0.106106884777546,15.119148536,4.49788102700001,-1.632287895,-0.788858672440418,-0.785735691789803,1.06156277201299
-41.7327880859375,0.152587890625,-373.84033203125,-44.097900390625,-8.392333984375,-380.096435546875,0.326109349727631,-9.78925895690918,1.09244918823242,0.40426167845726,0.00219896947965026,0.121170349419117,-0.736656069755554,-5.31177234649658,7.73611068725586,-0.0142822647467256,-0.155982971191406,0.0618968084454536,-0.549268841743469,-10.419792175293,-1.11604583263397,-0.109230577945709,-0.594253778457642,-0.0749854296445847,-0.432290345430374,-10.0808706283569,2.31862330436707,-0.125074863433838,0.254692286252975,-0.108080327510834,15.167205537,4.5299133115,-1.6391632325,-0.789498536392854,-0.786588740751693,1.0655723236213
-41.80908203125,0.11444091796875,-373.916625976563,-44.097900390625,-8.392333984375,-380.2490234375,0.309855282306671,-9.79971122741699,1.10858428478241,0.403043240308762,0.00146727368701249,0.120636515319347,-0.739343702793121,-5.31178426742554,7.73891735076904,-0.0144288204610348,-0.155978739261627,0.062212135642767,-0.536549746990204,-10.4174833297729,-1.09867763519287,-0.111176490783691,-0.591947019100189,-0.0728596374392509,-0.420921087265015,-10.1289739608765,2.31602144241333,-0.12184701114893,0.255018711090088,-0.110053762793541,15.215262538,4.561945596,-1.64603857,-0.79013840034529,-0.787441789713582,1.06958187522962
-41.8853759765625,0.0762939453125,-373.992919921875,-44.097900390625,-8.392333984375,-380.401611328125,0.293601185083389,-9.81016445159912,1.1247193813324,0.401824772357941,0.000735577952582389,0.120102681219578,-0.742031335830688,-5.31179618835449,7.74172401428223,-0.0145753771066666,-0.155974507331848,0.0625274628400803,-0.523830711841583,-10.4151735305786,-1.08130955696106,-0.113122403621674,-0.589640259742737,-0.0707338452339172,-0.409551799297333,-10.1770763397217,2.31341958045959,-0.118619151413441,0.2553451359272,-0.112027205526829,15.263319539,4.59397788049999,-1.6529139075,-0.790778264297726,-0.788294838675472,1.07359142683794
-41.7709350585938,0.0762939453125,-373.84033203125,-44.25048828125,-8.3160400390625,-380.630493164063,0.27734711766243,-9.82061767578125,1.14085459709167,0.400606334209442,3.88220087188529e-06,0.119568854570389,-0.744718968868256,-5.31180810928345,7.74453067779541,-0.0147219328209758,-0.15597029030323,0.0628427863121033,-0.511111617088318,-10.4128646850586,-1.06394135951996,-0.115068323910236,-0.587333500385284,-0.0686080530285835,-0.398182511329651,-10.2251796722412,2.31081771850586,-0.115391291677952,0.255671590566635,-0.114000640809536,15.31137654,4.626010165,-1.659789245,-0.791418128250162,-0.789147887637362,1.07760097844625
-41.656494140625,0.0762939453125,-373.687744140625,-44.403076171875,-8.23974609375,-380.859375,0.261093020439148,-9.83106994628906,1.15698969364166,0.399387896060944,-0.000727813574485481,0.119035020470619,-0.747406601905823,-5.3118200302124,7.74733686447144,-0.014868488535285,-0.155966058373451,0.0631581097841263,-0.498392552137375,-10.4105558395386,-1.04657316207886,-0.117014236748219,-0.585026741027832,-0.0664822608232498,-0.386813253164291,-10.2732820510864,2.30821585655212,-0.112163431942463,0.255998015403748,-0.115974083542824,15.359433541,4.65804244950001,-1.6666645825,-0.792057992202598,-0.790000936599252,1.08161053005457
-41.6946411132813,-0.03814697265625,-373.84033203125,-44.25048828125,-8.392333984375,-380.477905273438,0.244838953018188,-9.84152317047119,1.17312479019165,0.398169428110123,-0.00145950936712325,0.11850118637085,-0.75009423494339,-5.31183195114136,7.75014352798462,-0.0150150442495942,-0.155961826443672,0.0634734407067299,-0.485673487186432,-10.4082469940186,-1.02920508384705,-0.118960149586201,-0.58271998167038,-0.0643564686179161,-0.375443965196609,-10.321385383606,2.30561399459839,-0.108935572206974,0.25632444024086,-0.117947518825531,15.407490542,4.690074734,-1.67353992,-0.792697856155034,-0.790853985561141,1.08562008166289
-41.7327880859375,-0.152587890625,-373.992919921875,-44.097900390625,-8.544921875,-380.096435546875,0.228584870696068,-9.85197639465332,1.18925988674164,0.396950989961624,-0.00219120504334569,0.117967359721661,-0.752781867980957,-5.31184387207031,7.7529501914978,-0.0151615999639034,-0.155957609415054,0.0637887641787529,-0.472954422235489,-10.4059381484985,-1.01183688640594,-0.120906069874763,-0.580413222312927,-0.0622306801378727,-0.36407470703125,-10.3694877624512,2.30301213264465,-0.105707712471485,0.256650865077972,-0.119920961558819,15.455547543,4.7221070185,-1.6804152575,-0.79333772010747,-0.791707034523031,1.08962963327121
-41.6946411132813,-0.2288818359375,-373.764038085938,-44.25048828125,-8.50677490234375,-380.2490234375,0.217719122767448,-9.86184787750244,1.20392370223999,0.395750552415848,-0.00286337709985673,0.117150753736496,-0.750738322734833,-5.31087636947632,7.75449991226196,-0.0152922812849283,-0.155943065881729,0.0641649290919304,-0.460443794727325,-10.4044847488403,-0.995268762111664,-0.122307829558849,-0.578150689601898,-0.0606173016130924,-0.355259776115417,-10.4039611816406,2.30405378341675,-0.102186001837254,0.256506443023682,-0.121554978191853,15.503604544,4.75413930299999,-1.687290595,-0.793977584059906,-0.79256008348492,1.09363918487952
-41.656494140625,-0.30517578125,-373.53515625,-44.403076171875,-8.4686279296875,-380.401611328125,0.212241724133492,-9.87113857269287,1.21711623668671,0.394568115472794,-0.00347602530382574,0.116051368415356,-0.743963539600372,-5.30892944335938,7.7547926902771,-0.0154070863500237,-0.155918195843697,0.0646019279956818,-0.448141604661942,-10.4038867950439,-0.979500651359558,-0.123165428638458,-0.575932383537292,-0.0595163330435753,-0.348999202251434,-10.4248046875,2.30873847007751,-0.0983704403042793,0.255891144275665,-0.122849583625793,15.551661545,4.7861715875,-1.6941659325,-0.794617448012342,-0.79341313244681,1.09764873648784
-41.656494140625,-0.41961669921875,-373.382568359375,-44.2886352539063,-8.58306884765625,-380.630493164063,0.206764310598373,-9.88043022155762,1.23030865192413,0.393385678529739,-0.00408867374062538,0.114951990544796,-0.737188756465912,-5.30698204040527,7.75508546829224,-0.0155218914151192,-0.155893325805664,0.0650389268994331,-0.43583944439888,-10.4032897949219,-0.963732540607452,-0.124023027718067,-0.573714017868042,-0.0584153681993484,-0.342738598585129,-10.4456472396851,2.31342315673828,-0.0945548787713051,0.255275845527649,-0.124144181609154,15.599718546,4.81820387200001,-1.70104127,-0.795257311964778,-0.7942661814087,1.10165828809616
-41.656494140625,-0.5340576171875,-373.22998046875,-44.1741943359375,-8.697509765625,-380.859375,0.201286911964417,-9.88972091674805,1.24350118637085,0.392203241586685,-0.00470132194459438,0.113852605223656,-0.730413973331451,-5.30503463745117,7.75537824630737,-0.015636695548892,-0.155868455767632,0.0654759258031845,-0.423537254333496,-10.4026918411255,-0.947964429855347,-0.124880626797676,-0.571495711803436,-0.0573144033551216,-0.336478024721146,-10.4664907455444,2.31810784339905,-0.0907393246889114,0.254660576581955,-0.125438779592514,15.647775547,4.8502361565,-1.7079166075,-0.795897175917214,-0.795119230370589,1.10566783970447
-41.5802001953125,-0.64849853515625,-373.22998046875,-44.25048828125,-8.58306884765625,-380.859375,0.19580951333046,-9.89901161193848,1.25669360160828,0.391020804643631,-0.00531397014856339,0.112753227353096,-0.723639190196991,-5.30308771133423,7.75567102432251,-0.01575150154531,-0.15584360063076,0.0659129321575165,-0.411235064268112,-10.4020948410034,-0.932196319103241,-0.125738218426704,-0.569277346134186,-0.0562134347856045,-0.330217450857162,-10.4873342514038,2.32279276847839,-0.0869237631559372,0.254045277833939,-0.126733392477036,15.695832548,4.882268441,-1.714791945,-0.79653703986965,-0.795972279332479,1.10967739131279
-41.50390625,-0.762939453125,-373.22998046875,-44.3267822265625,-8.4686279296875,-380.859375,0.190332114696503,-9.90830230712891,1.2698860168457,0.389838367700577,-0.00592661835253239,0.111653842031956,-0.716864407062531,-5.30114030838013,7.75596380233765,-0.015866307541728,-0.155818730592728,0.0663499310612679,-0.398932904005051,-10.401496887207,-0.916428208351135,-0.126595824956894,-0.56705904006958,-0.0551124699413776,-0.323956847190857,-10.5081768035889,2.32747745513916,-0.083108201622963,0.253429979085922,-0.128027990460396,15.743889549,4.91430072549999,-1.7216672825,-0.797176903822086,-0.796825328294368,1.1136869429211
-41.3894653320313,-0.72479248046875,-373.153686523438,-44.3267822265625,-8.43048095703125,-381.011962890625,0.184854716062546,-9.91759300231934,1.28307855129242,0.388655930757523,-0.00653926655650139,0.110554464161396,-0.71008962392807,-5.29919290542603,7.75625658035278,-0.0159811116755009,-0.155793860554695,0.0667869299650192,-0.386630713939667,-10.400899887085,-0.90066009759903,-0.127453416585922,-0.56484067440033,-0.0540115050971508,-0.317696273326874,-10.5290203094482,2.33216214179993,-0.0792926400899887,0.252814680337906,-0.129322588443756,15.79194655,4.94633301,-1.72854262,-0.797816767774522,-0.797678377256258,1.11769649452942
-41.2750244140625,-0.6866455078125,-373.077392578125,-44.3267822265625,-8.392333984375,-381.16455078125,0.179377302527428,-9.92688465118408,1.29627096652985,0.387473464012146,-0.00715191476047039,0.109455078840256,-0.703314781188965,-5.29724597930908,7.75654983520508,-0.0160959176719189,-0.155768990516663,0.0672239288687706,-0.374328553676605,-10.4003019332886,-0.884891986846924,-0.128311023116112,-0.562622368335724,-0.0529105365276337,-0.311435699462891,-10.5498638153076,2.33684682846069,-0.0754770785570145,0.25219938158989,-0.130617186427116,15.7919465735,4.9463330945,-1.7285427525,-0.798384011778991,-0.798366142085659,1.12211648473973
-41.2368774414063,-0.95367431640625,-372.772216796875,-44.4412231445313,-8.392333984375,-381.16455078125,0.173899903893471,-9.93617534637451,1.30946350097656,0.386291027069092,-0.00776456296443939,0.108355700969696,-0.696539998054504,-5.29529857635498,7.75684261322021,-0.0162107218056917,-0.155744135379791,0.0676609352231026,-0.362026363611221,-10.3997049331665,-0.869123876094818,-0.12916861474514,-0.560404002666473,-0.0518095716834068,-0.305175095796585,-10.5707063674927,2.34153175354004,-0.0716615244746208,0.251584082841873,-0.131911799311638,15.791946597,4.946333179,-1.728542885,-0.798951255783459,-0.79905390691506,1.12653647495004
-41.19873046875,-1.220703125,-372.467041015625,-44.5556640625,-8.392333984375,-381.16455078125,0.168422505259514,-9.94546604156494,1.32265591621399,0.385108590126038,-0.00837721116840839,0.107256315648556,-0.689765214920044,-5.29335165023804,7.75713539123535,-0.0163255278021097,-0.155719265341759,0.0680979341268539,-0.349724173545837,-10.3991069793701,-0.853355705738068,-0.13002622127533,-0.558185696601868,-0.0507086031138897,-0.298914521932602,-10.5915498733521,2.34621644020081,-0.0678459629416466,0.250968784093857,-0.133206397294998,15.7919466205,4.9463332635,-1.7285430175,-0.799518499787927,-0.799741671744461,1.13095646516035
-41.2368774414063,-1.10626220703125,-372.390747070313,-44.5556640625,-8.35418701171875,-381.317138671875,0.162945106625557,-9.95475673675537,1.33584845066071,0.383926153182983,-0.0089898593723774,0.106156937777996,-0.682990431785583,-5.29140424728394,7.75742816925049,-0.0164403319358826,-0.155694395303726,0.0685349330306053,-0.337422013282776,-10.398509979248,-0.837587594985962,-0.130883812904358,-0.555967330932617,-0.0496076382696629,-0.292653948068619,-10.6123933792114,2.35090112686157,-0.0640304014086723,0.250353515148163,-0.134500995278358,15.791946644,4.946333348,-1.72854315,-0.800085743792396,-0.800429436573862,1.13537645537066
-41.2750244140625,-0.9918212890625,-372.314453125,-44.5556640625,-8.3160400390625,-381.4697265625,0.157467693090439,-9.96404838562012,1.34904086589813,0.382743716239929,-0.0096025075763464,0.105057552456856,-0.676215648651123,-5.28945684432983,7.75772094726563,-0.0165551379323006,-0.155669525265694,0.0689719319343567,-0.325119823217392,-10.3979120254517,-0.821819484233856,-0.131741419434547,-0.553749024868011,-0.048506673425436,-0.286393374204636,-10.6332368850708,2.35558581352234,-0.0602148398756981,0.249738201498985,-0.135795593261719,15.7919466675,4.9463334325,-1.7285432825,-0.800652987796864,-0.801117201403263,1.13979644558097
-41.2750244140625,-0.9918212890625,-372.390747070313,-44.403076171875,-8.20159912109375,-381.546020507813,0.151990294456482,-9.97333908081055,1.36223340034485,0.381561279296875,-0.0102151557803154,0.103958174586296,-0.669440865516663,-5.28750991821289,7.75801372528076,-0.0166699420660734,-0.155644670128822,0.0694089382886887,-0.31281766295433,-10.3973150253296,-0.80605137348175,-0.132599011063576,-0.551530659198761,-0.0474057048559189,-0.28013277053833,-10.6540794372559,2.36027073860168,-0.0563992820680141,0.24912291765213,-0.13709020614624,15.791946691,4.946333517,-1.728543415,-0.801220231801333,-0.801804966232665,1.14421643579129
-41.2750244140625,-0.9918212890625,-372.467041015625,-44.25048828125,-8.087158203125,-381.622314453125,0.146512895822525,-9.98262977600098,1.37542581558228,0.380378842353821,-0.0108278039842844,0.102858789265156,-0.662666082382202,-5.28556251525879,7.7583065032959,-0.0167847480624914,-0.15561980009079,0.06984593719244,-0.300515472888947,-10.3967170715332,-0.790283262729645,-0.133456617593765,-0.549312353134155,-0.046304740011692,-0.273872196674347,-10.6749229431152,2.36495542526245,-0.0525837205350399,0.248507618904114,-0.138384804129601,15.7919467145,4.9463336015,-1.7285435475,-0.801787475805801,-0.802492731062065,1.14863642600159
-41.19873046875,-1.10626220703125,-372.314453125,-44.403076171875,-8.04901123046875,-381.393432617188,0.145672529935837,-9.97792148590088,1.38009417057037,0.378709644079208,-0.012310235761106,0.101232439279556,-0.666695952415466,-5.27834510803223,7.75685691833496,-0.0171677861362696,-0.156088545918465,0.0704406052827835,-0.289277076721191,-10.3966360092163,-0.777140438556671,-0.133400022983551,-0.547853171825409,-0.0465935841202736,-0.273560225963593,-10.6744403839111,2.3768150806427,-0.0488246753811836,0.248370572924614,-0.138253629207611,15.791946738,4.946333686,-1.72854368,-0.80235471981027,-0.803180495891467,1.15305641621191
-41.1224365234375,-1.220703125,-372.161865234375,-44.5556640625,-8.0108642578125,-381.16455078125,0.14483217895031,-9.97321319580078,1.38476252555847,0.377040445804596,-0.0137926675379276,0.0996060892939568,-0.67072582244873,-5.27112722396851,7.75540685653687,-0.0175508260726929,-0.15655729174614,0.0710352808237076,-0.278038680553436,-10.3965549468994,-0.763997554779053,-0.133343428373337,-0.546393990516663,-0.0468824282288551,-0.273248285055161,-10.6739568710327,2.38867449760437,-0.0450656339526176,0.248233526945114,-0.13812243938446,15.7919467615,4.9463337705,-1.7285438125,-0.802921963814738,-0.803868260720867,1.15747640642221
-41.046142578125,-1.2969970703125,-371.7041015625,-44.5556640625,-8.087158203125,-381.393432617188,0.143991813063622,-9.96850490570068,1.38943088054657,0.375371217727661,-0.0152751002460718,0.0979797393083572,-0.674755692481995,-5.26390981674194,7.75395727157593,-0.017933864146471,-0.157026022672653,0.0716299489140511,-0.266800254583359,-10.3964738845825,-0.750854730606079,-0.133286833763123,-0.544934809207916,-0.0471712723374367,-0.272936314344406,-10.6734743118286,2.40053415298462,-0.0413065887987614,0.248096480965614,-0.137991264462471,15.791946785,4.946333855,-1.728543945,-0.803489207819207,-0.804556025550269,1.16189639663253
-40.9698486328125,-1.373291015625,-371.246337890625,-44.5556640625,-8.1634521484375,-381.622314453125,0.143151462078094,-9.96379661560059,1.39409923553467,0.373702019453049,-0.0167575310915709,0.0963533893227577,-0.678785502910614,-5.25669240951538,7.75250768661499,-0.0183169040828943,-0.157494768500328,0.0722246244549751,-0.255561858415604,-10.3963928222656,-0.737711846828461,-0.133230224251747,-0.54347562789917,-0.0474601164460182,-0.272624343633652,-10.6729917526245,2.41239356994629,-0.0375475436449051,0.247959434986115,-0.13786007463932,15.7919468085,4.9463339395,-1.7285440775,-0.804056451823675,-0.80524379037967,1.16631638684284
-40.8935546875,-1.48773193359375,-371.39892578125,-44.5556640625,-8.12530517578125,-381.851196289063,0.142311096191406,-9.95908832550049,1.39876759052277,0.372032821178436,-0.018239963799715,0.0947270318865776,-0.682815372943878,-5.24947452545166,7.75105810165405,-0.0186999421566725,-0.157963514328003,0.0728192925453186,-0.244323462247849,-10.396312713623,-0.724569022655487,-0.133173629641533,-0.542016386985779,-0.0477489605545998,-0.27231240272522,-10.6725082397461,2.42425322532654,-0.0337885022163391,0.247822374105453,-0.137728899717331,15.791946832,4.946334024,-1.72854421,-0.804623695828143,-0.80593155520907,1.17073637705315
-40.8172607421875,-1.6021728515625,-371.551513671875,-44.5556640625,-8.087158203125,-382.080078125,0.141470745205879,-9.95438003540039,1.40343594551086,0.370363622903824,-0.0197223965078592,0.0931006819009781,-0.686845242977142,-5.2422571182251,7.74960803985596,-0.0190829820930958,-0.158432260155678,0.0734139606356621,-0.233085051178932,-10.3962316513062,-0.711426138877869,-0.133117035031319,-0.540557205677032,-0.0480378046631813,-0.272000432014465,-10.672025680542,2.43611288070679,-0.0300294570624828,0.247685328125954,-0.13759770989418,15.7919468555,4.9463341085,-1.7285443425,-0.805190939832612,-0.806619320038472,1.17515636726346
-40.9317016601563,-1.52587890625,-371.39892578125,-44.4793701171875,-8.12530517578125,-381.927490234375,0.140630379319191,-9.94967174530029,1.40810430049896,0.368694424629211,-0.0212048273533583,0.0914743319153786,-0.690875113010406,-5.23503923416138,7.74815845489502,-0.0194660201668739,-0.158901005983353,0.0740086361765862,-0.221846655011177,-10.3961505889893,-0.698283314704895,-0.133060440421104,-0.539098024368286,-0.0483266450464725,-0.271688491106033,-10.6715421676636,2.44797229766846,-0.0262704137712717,0.247548282146454,-0.137466534972191,15.791946879,4.946334193,-1.728544475,-0.80575818383708,-0.807307084867873,1.17957635747377
-41.046142578125,-1.4495849609375,-371.246337890625,-44.403076171875,-8.1634521484375,-381.77490234375,0.139790028333664,-9.9449634552002,1.41277265548706,0.367025226354599,-0.0226872600615025,0.0898479819297791,-0.694904983043671,-5.22782182693481,7.74670886993408,-0.0198490601032972,-0.159369751811028,0.0746033042669296,-0.210608243942261,-10.3960695266724,-0.685140430927277,-0.13300384581089,-0.53763884305954,-0.0486154891550541,-0.271376520395279,-10.6710596084595,2.45983195304871,-0.0225113686174154,0.247411236166954,-0.13733534514904,15.7919469025,4.9463342775,-1.7285446075,-0.806325427841549,-0.807994849697274,1.18399634768408
-40.9698486328125,-1.52587890625,-371.246337890625,-44.5556640625,-8.04901123046875,-382.080078125,0.138949662446976,-9.9402551651001,1.41744101047516,0.365355998277664,-0.0241696909070015,0.0882216319441795,-0.698934853076935,-5.22060441970825,7.74525880813599,-0.0202320981770754,-0.159838482737541,0.0751979798078537,-0.199369847774506,-10.3959884643555,-0.671997606754303,-0.132947251200676,-0.536179661750793,-0.0489043332636356,-0.271064549684525,-10.6705770492554,2.47169137001038,-0.0187523253262043,0.247274190187454,-0.137204170227051,15.791946926,4.946334362,-1.72854474,-0.806892671846017,-0.808682614526675,1.18841633789439
-40.8935546875,-1.6021728515625,-371.246337890625,-44.708251953125,-7.9345703125,-382.38525390625,0.138109296560287,-9.935546875,1.42210936546326,0.363686800003052,-0.0256521236151457,0.08659528195858,-0.702964723110199,-5.21338653564453,7.74380922317505,-0.0206151362508535,-0.160307228565216,0.0757926478981972,-0.18813145160675,-10.3959074020386,-0.658854782581329,-0.132890656590462,-0.534720480442047,-0.0491931773722172,-0.270752608776093,-10.670093536377,2.48355102539063,-0.0149932811036706,0.247137144207954,-0.1370729804039,15.7919469495,4.9463344465,-1.7285448725,-0.807459915850486,-0.809370379356076,1.1928363281047
-40.8172607421875,-1.64031982421875,-370.864868164063,-44.9371337890625,-7.89642333984375,-382.6904296875,0.13726894557476,-9.9308385848999,1.42677772045135,0.362017601728439,-0.0271345563232899,0.0849689319729805,-0.706994533538818,-5.20616912841797,7.74235963821411,-0.0209981761872768,-0.160775974392891,0.0763873159885406,-0.176893040537834,-10.3958263397217,-0.645711898803711,-0.132834047079086,-0.533261299133301,-0.0494820214807987,-0.270440638065338,-10.6696109771729,2.49541068077087,-0.0112342378124595,0.247000098228455,-0.136941805481911,15.791946973,4.946334531,-1.728545005,-0.808027159854954,-0.810058144185477,1.19725631831501
-40.740966796875,-1.678466796875,-370.4833984375,-45.166015625,-7.8582763671875,-382.99560546875,0.136428579688072,-9.9261302947998,1.43144607543945,0.360348403453827,-0.0286169871687889,0.083342581987381,-0.711024403572083,-5.19895172119141,7.74090957641602,-0.021381214261055,-0.161244720220566,0.0769819915294647,-0.165654644370079,-10.3957452774048,-0.632569074630737,-0.132777452468872,-0.531802117824554,-0.0497708655893803,-0.270128667354584,-10.6691284179688,2.50727009773254,-0.00747519358992577,0.246863052248955,-0.13681061565876,15.7919469965,4.9463346155,-1.7285451375,-0.808594403859422,-0.810745909014878,1.20167630852532
-40.740966796875,-1.94549560546875,-370.330810546875,-45.0897216796875,-7.89642333984375,-382.6904296875,0.135588228702545,-9.92142200469971,1.43611443042755,0.358679205179214,-0.0300994198769331,0.0817162320017815,-0.715054273605347,-5.19173383712769,7.73945999145508,-0.0217642541974783,-0.161713466048241,0.0775766596198082,-0.154416233301163,-10.3956642150879,-0.619426190853119,-0.132720857858658,-0.530342936515808,-0.0500597096979618,-0.269816726446152,-10.6686449050903,2.51912975311279,-0.00371614960022271,0.246726006269455,-0.136679440736771,15.79194702,4.9463347,-1.72854527,-0.809161647863891,-0.811433673844279,1.20609629873563
-40.740966796875,-2.2125244140625,-370.17822265625,-45.013427734375,-7.9345703125,-382.38525390625,0.134853824973106,-9.91631698608398,1.4428379535675,0.357090145349503,-0.0314948223531246,0.0803401246666908,-0.71293580532074,-5.18783807754517,7.7408595085144,-0.0221618413925171,-0.161715596914291,0.0781284794211388,-0.141793787479401,-10.3969926834106,-0.607332110404968,-0.132026761770248,-0.52946937084198,-0.0506715476512909,-0.269919037818909,-10.6632242202759,2.51947999000549,-7.53936692490242e-05,0.246970668435097,-0.135981902480125,15.7908874995,4.9465693985,-1.7286692085,-0.809285499154696,-0.811915898575529,1.21038635589816
-40.5120849609375,-2.2125244140625,-370.330810546875,-44.9371337890625,-7.9345703125,-382.156372070313,0.134225398302078,-9.91081523895264,1.45161688327789,0.355581283569336,-0.0328031927347183,0.0792142748832703,-0.704669058322906,-5.18726396560669,7.74510860443115,-0.0225739795714617,-0.161251112818718,0.0786374360322952,-0.127787306904793,-10.399730682373,-0.596286773681641,-0.130695164203644,-0.52918154001236,-0.0516063831746578,-0.270435601472855,-10.6528644561768,2.5083212852478,0.00344707444310188,0.247597053647041,-0.134718015789986,15.789827979,4.946804097,-1.728793147,-0.809409350445502,-0.812398123306779,1.21467641306069
-40.283203125,-2.2125244140625,-370.4833984375,-44.86083984375,-7.9345703125,-381.927490234375,0.13359697163105,-9.90531444549561,1.46039581298828,0.354072391986847,-0.0341115668416023,0.0780884176492691,-0.696402311325073,-5.18669033050537,7.74935722351074,-0.0229861177504063,-0.160786643624306,0.0791463926434517,-0.113780833780766,-10.4024677276611,-0.585241436958313,-0.129363566637039,-0.528893709182739,-0.0525412149727345,-0.270952194929123,-10.6425046920776,2.49716258049011,0.0069695427082479,0.248223438858986,-0.133454114198685,15.7887684585,4.9470387955,-1.7289170855,-0.809533201736307,-0.81288034803803,1.21896647022321
-40.3594970703125,-2.17437744140625,-370.17822265625,-44.8989868164063,-7.97271728515625,-382.156372070313,0.132968544960022,-9.89981269836426,1.46917474269867,0.352563500404358,-0.0354199409484863,0.0769625604152679,-0.68813556432724,-5.18611621856689,7.75360631942749,-0.0233982540667057,-0.160322159528732,0.0796553492546082,-0.0997743457555771,-10.4052047729492,-0.574196040630341,-0.128031969070435,-0.528605878353119,-0.0534760504961014,-0.271468758583069,-10.6321449279785,2.48600387573242,0.0104920109733939,0.24884982407093,-0.132190227508545,15.787708938,4.947273494,-1.729041024,-0.809657053027112,-0.81336257276928,1.22325652738574
-40.435791015625,-2.13623046875,-369.873046875,-44.9371337890625,-8.0108642578125,-382.38525390625,0.132340103387833,-9.89431190490723,1.47795355319977,0.351054638624191,-0.03672831133008,0.0758367106318474,-0.679868817329407,-5.18554210662842,7.75785541534424,-0.0238103922456503,-0.15985769033432,0.0801643058657646,-0.0857678651809692,-10.4079427719116,-0.563150703907013,-0.12670037150383,-0.528318047523499,-0.054410882294178,-0.271985322237015,-10.6217861175537,2.47484517097473,0.0140144787728786,0.249476209282875,-0.130926340818405,15.7866494175,4.9475081925,-1.7291649625,-0.809780904317918,-0.81384479750053,1.22754658454827
-40.4739379882813,-2.17437744140625,-369.644165039063,-44.86083984375,-7.8582763671875,-382.38525390625,0.131711676716805,-9.88881015777588,1.48673248291016,0.349545747041702,-0.038036685436964,0.0747108533978462,-0.671602070331573,-5.1849684715271,7.76210403442383,-0.0242225304245949,-0.159393221139908,0.0806732624769211,-0.0717613846063614,-10.4106798171997,-0.552105367183685,-0.125368773937225,-0.528030157089233,-0.0553457140922546,-0.272501915693283,-10.6114263534546,2.46368646621704,0.017536947503686,0.250102609395981,-0.129662454128265,15.785589897,4.947742891,-1.729288901,-0.809904755608723,-0.81432702223178,1.2318366417108
-40.5120849609375,-2.2125244140625,-369.415283203125,-44.7845458984375,-7.7056884765625,-382.38525390625,0.131083250045776,-9.88330936431885,1.49551141262054,0.348036855459213,-0.039345059543848,0.0735849961638451,-0.66333532333374,-5.18439435958862,7.76635313034058,-0.0246346667408943,-0.158928737044334,0.0811822190880775,-0.0577549040317535,-10.4134168624878,-0.541060030460358,-0.12403716892004,-0.527742326259613,-0.0562805496156216,-0.273018479347229,-10.6010665893555,2.45252776145935,0.0210594143718481,0.250728994607925,-0.128398552536964,15.7845303765,4.9479775895,-1.7294128395,-0.810028606899528,-0.81480924696303,1.23612669887333
-40.435791015625,-2.5177001953125,-369.415283203125,-44.8989868164063,-7.51495361328125,-382.308959960938,0.130454823374748,-9.8778076171875,1.50429034233093,0.346527993679047,-0.0406534299254417,0.0724591463804245,-0.655068576335907,-5.18382024765015,7.77060174942017,-0.0250468049198389,-0.158464267849922,0.081691175699234,-0.0437484234571457,-10.4161548614502,-0.53001469373703,-0.122705571353436,-0.527454495429993,-0.0572153814136982,-0.273535072803497,-10.5907068252563,2.44136905670166,0.0245818831026554,0.25135537981987,-0.127134665846825,15.783470856,4.948212288,-1.729536778,-0.810152458190334,-0.815291471694281,1.24041675603586
-40.3594970703125,-2.8228759765625,-369.415283203125,-45.013427734375,-7.32421875,-382.232666015625,0.129826381802559,-9.87230682373047,1.51306915283203,0.345019102096558,-0.0419618040323257,0.0713332891464233,-0.646801829338074,-5.18324661254883,7.77485084533691,-0.0254589430987835,-0.157999783754349,0.0822001323103905,-0.0297419410198927,-10.4188919067383,-0.518969297409058,-0.121373973786831,-0.527166664600372,-0.0581502169370651,-0.274051636457443,-10.5803480148315,2.43021035194397,0.0281043518334627,0.251981765031815,-0.125870779156685,15.7824113355,4.9484469865,-1.7296607165,-0.810276309481139,-0.815773696425531,1.24470681319838
-40.3213500976563,-2.6702880859375,-369.2626953125,-45.1278686523438,-7.28607177734375,-382.156372070313,0.129197955131531,-9.86680507659912,1.52184808254242,0.343510240316391,-0.0432701744139194,0.0702074393630028,-0.638535022735596,-5.18267250061035,7.77909994125366,-0.0258710794150829,-0.157535314559937,0.0827090889215469,-0.0157354585826397,-10.4216299057007,-0.50792396068573,-0.120042376220226,-0.526878833770752,-0.0590850487351418,-0.274568200111389,-10.5699882507324,2.4190514087677,0.03162682056427,0.252608150243759,-0.124606885015965,15.781351815,4.948681685,-1.729784655,-0.810400160771944,-0.816255921156781,1.24899687036091
-40.283203125,-2.5177001953125,-369.110107421875,-45.2423095703125,-7.2479248046875,-382.080078125,0.128569528460503,-9.86130428314209,1.53062701225281,0.342001348733902,-0.0445785485208035,0.0690815821290016,-0.630268275737762,-5.18209838867188,7.78334856033325,-0.0262832175940275,-0.157070830464363,0.0832180455327034,-0.00172897754237056,-10.4243669509888,-0.496878623962402,-0.118710771203041,-0.526591002941132,-0.0600198842585087,-0.275084793567657,-10.5596284866333,2.40789270401001,0.0351492874324322,0.253234535455704,-0.123342998325825,15.7802922945,4.9489163835,-1.7299085935,-0.81052401206275,-0.816738145888032,1.25328692752344
-40.3976440429688,-2.593994140625,-369.110107421875,-45.2804565429688,-7.43865966796875,-382.461547851563,0.127941101789474,-9.85580253601074,1.5394059419632,0.340492457151413,-0.0458869226276875,0.0679557248950005,-0.622001528739929,-5.1815242767334,7.78759765625,-0.0266953557729721,-0.156606361269951,0.0837270021438599,0.0122775044292212,-10.4271039962769,-0.485833287239075,-0.117379173636436,-0.526303112506866,-0.0609547160565853,-0.275601357221603,-10.5492687225342,2.39673399925232,0.0386717543005943,0.253860920667648,-0.122079104185104,15.779232774,4.949151082,-1.730032532,-0.810647863353555,-0.817220370619282,1.25757698468597
-40.5120849609375,-2.6702880859375,-369.110107421875,-45.318603515625,-7.62939453125,-382.843017578125,0.127312660217285,-9.85030174255371,1.54818475246429,0.338983595371246,-0.0471952930092812,0.0668298751115799,-0.613734781742096,-5.18095064163208,7.79184627532959,-0.0271074920892715,-0.156141877174377,0.0842359587550163,0.026283985003829,-10.4298419952393,-0.474787920713425,-0.116047576069832,-0.526015281677246,-0.0618895515799522,-0.276117950677872,-10.5389099121094,2.38557529449463,0.0421942248940468,0.254487305879593,-0.120815217494965,15.7781732535,4.9493857805,-1.7301564705,-0.81077171464436,-0.817702595350532,1.2618670418485
-40.4739379882813,-2.74658203125,-369.033813476563,-45.2804565429688,-7.5531005859375,-382.766723632813,0.126684233546257,-9.84479999542236,1.55696368217468,0.337474703788757,-0.0485036671161652,0.0657040178775787,-0.605468034744263,-5.1803765296936,7.79609537124634,-0.0275196302682161,-0.155677407979965,0.0847449153661728,0.040290467441082,-10.4325790405273,-0.463742583990097,-0.114715978503227,-0.525727450847626,-0.0628243833780289,-0.276634514331818,-10.5285501480103,2.37441658973694,0.0457166917622089,0.255113691091537,-0.119551323354244,15.777113733,4.949620479,-1.730280409,-0.810895565935165,-0.818184820081782,1.26615709901102
-40.435791015625,-2.8228759765625,-368.95751953125,-45.2423095703125,-7.476806640625,-382.6904296875,0.129807233810425,-9.8421049118042,1.56760454177856,0.335690706968307,-0.0483476705849171,0.0646363645792007,-0.603020250797272,-5.18324518203735,7.79528188705444,-0.028096305206418,-0.154706582427025,0.0854004248976707,0.0529977530241013,-10.4361257553101,-0.450638025999069,-0.112026251852512,-0.527248442173004,-0.0641533881425858,-0.274251788854599,-10.5153951644897,2.34420156478882,0.0468733757734299,0.25596284866333,-0.118236042559147,15.7760542125,4.9498551775,-1.7304043475,-0.811019417225971,-0.818667044813032,1.27044715617355
-40.130615234375,-2.8228759765625,-369.033813476563,-45.166015625,-7.476806640625,-382.537841796875,0.132930219173431,-9.83940982818604,1.57824540138245,0.333906710147858,-0.0481916777789593,0.0635687112808228,-0.600572407245636,-5.18611335754395,7.79446792602539,-0.0286729801446199,-0.153735741972923,0.0860559269785881,0.0657050386071205,-10.4396734237671,-0.437533497810364,-0.109336525201797,-0.528769433498383,-0.0654823929071426,-0.27186906337738,-10.5022411346436,2.3139865398407,0.0480300635099411,0.256812006235123,-0.11692076921463,15.774994692,4.950089876,-1.730528286,-0.811143268516776,-0.819149269544283,1.27473721333608
-39.825439453125,-2.8228759765625,-369.110107421875,-45.0897216796875,-7.476806640625,-382.38525390625,0.136053219437599,-9.83671569824219,1.58888626098633,0.332122713327408,-0.0480356812477112,0.0625010579824448,-0.598124623298645,-5.1889820098877,7.7936544418335,-0.0292496532201767,-0.152764916419983,0.0867114365100861,0.0784123241901398,-10.4432201385498,-0.424428939819336,-0.106646798551083,-0.530290424823761,-0.0668113976716995,-0.269486337900162,-10.489086151123,2.283771276474,0.049186747521162,0.257661134004593,-0.115605488419533,15.7739351715,4.9503245745,-1.7306522245,-0.811267119807581,-0.819631494275533,1.27902727049861
-39.97802734375,-2.93731689453125,-369.033813476563,-45.2804565429688,-7.476806640625,-382.766723632813,0.139176219701767,-9.83402061462402,1.59952712059021,0.330338716506958,-0.0478796884417534,0.0614334009587765,-0.595676779747009,-5.19185018539429,7.79284048080444,-0.0298263281583786,-0.151794075965881,0.0873669385910034,0.091119609773159,-10.4467668533325,-0.411324381828308,-0.103957071900368,-0.531811356544495,-0.0681404024362564,-0.267103612422943,-10.4759311676025,2.25355625152588,0.050343431532383,0.258510291576385,-0.114290207624435,15.772875651,4.950559273,-1.730776163,-0.811390971098387,-0.820113719006783,1.28331732766114
-40.130615234375,-3.0517578125,-368.95751953125,-45.47119140625,-7.476806640625,-383.148193359375,0.142299219965935,-9.83132553100586,1.61016798019409,0.328554689884186,-0.0477236919105053,0.0603657476603985,-0.593228995800018,-5.19471883773804,7.79202699661255,-0.0304030030965805,-0.150823250412941,0.0880224481225014,0.103826887905598,-10.4503135681152,-0.39821982383728,-0.101267345249653,-0.533332347869873,-0.0694694072008133,-0.264720886945724,-10.4627771377563,2.22334122657776,0.0515001192688942,0.259359449148178,-0.112974934279919,15.7718161305,4.9507939715,-1.7309001015,-0.811514822389192,-0.820595943738033,1.28760738482367
-40.0543212890625,-2.9754638671875,-368.728637695313,-45.623779296875,-7.43865966796875,-382.919311523438,0.145422205328941,-9.8286304473877,1.62080883979797,0.326770693063736,-0.0475676991045475,0.0592980906367302,-0.590781211853027,-5.19758701324463,7.7912130355835,-0.0309796780347824,-0.149852424860001,0.0886779576539993,0.116534173488617,-10.4538612365723,-0.385115295648575,-0.098577618598938,-0.534853339195251,-0.0707984119653702,-0.262338161468506,-10.4496221542358,2.19312620162964,0.0526568032801151,0.260208606719971,-0.111659653484821,15.77075661,4.95102867,-1.73102404,-0.811638673679997,-0.821078168469284,1.29189744198619
-39.97802734375,-2.899169921875,-368.499755859375,-45.7763671875,-7.4005126953125,-382.6904296875,0.148545205593109,-9.82593631744385,1.63144981861115,0.324986696243286,-0.0474117025732994,0.0582304373383522,-0.588333368301392,-5.20045566558838,7.7903995513916,-0.0315563529729843,-0.148881584405899,0.0893334597349167,0.129241466522217,-10.457407951355,-0.372010737657547,-0.0958878919482231,-0.53637433052063,-0.0721274092793465,-0.25995546579361,-10.4364681243896,2.16291117668152,0.0538134872913361,0.261057764291763,-0.110344380140305,15.771192208,4.9512259515,-1.7310426965,-0.811666782679343,-0.821416760912032,1.29581291434059
-40.0161743164063,-3.0517578125,-368.499755859375,-45.623779296875,-7.43865966796875,-382.614135742188,0.151668205857277,-9.82324123382568,1.64209067821503,0.323202699422836,-0.0472557097673416,0.0571627840399742,-0.585885584354401,-5.20332384109497,7.78958559036255,-0.0321330279111862,-0.147910758852959,0.0899889692664146,0.141948744654655,-10.4609546661377,-0.358906179666519,-0.0931981652975082,-0.537895321846008,-0.0734564140439034,-0.257572740316391,-10.4233131408691,2.1326961517334,0.0549701750278473,0.261906921863556,-0.109029099345207,15.771627806,4.951423233,-1.731061353,-0.811694891678689,-0.821755353354779,1.29972838669498
-40.0543212890625,-3.204345703125,-368.499755859375,-45.47119140625,-7.476806640625,-382.537841796875,0.154791206121445,-9.82054615020752,1.65273153781891,0.321418702602386,-0.0470997132360935,0.0560951270163059,-0.583437740802765,-5.20619249343872,7.78877210617065,-0.0327097028493881,-0.146939918398857,0.090644471347332,0.154656022787094,-10.4645013809204,-0.345801651477814,-0.0905084386467934,-0.539416313171387,-0.0747854188084602,-0.255190014839172,-10.4101581573486,2.1024808883667,0.0561268590390682,0.262756049633026,-0.10771381855011,15.772063404,4.9516205145,-1.7310800095,-0.811723000678035,-0.822093945797527,1.30364385904938
-40.0543212890625,-3.204345703125,-368.270874023438,-45.4330444335938,-7.4005126953125,-382.919311523438,0.157914191484451,-9.81785106658936,1.66337239742279,0.319634705781937,-0.0469437204301357,0.0550274737179279,-0.580989956855774,-5.20906114578247,7.78795862197876,-0.0332863740622997,-0.145969092845917,0.09129998087883,0.167363315820694,-10.4680490493774,-0.332697093486786,-0.0878187119960785,-0.540937304496765,-0.0761144235730171,-0.252807289361954,-10.3970041275024,2.07226586341858,0.0572835430502892,0.263605207204819,-0.106398545205593,15.772499002,4.951817796,-1.731098666,-0.811751109677381,-0.822432538240275,1.30755933140377
-40.0543212890625,-3.204345703125,-368.0419921875,-45.3948974609375,-7.32421875,-383.30078125,0.161037191748619,-9.81515598297119,1.67401325702667,0.317850708961487,-0.0467877238988876,0.0539598204195499,-0.578542172908783,-5.21192932128906,7.78714466094971,-0.0338630490005016,-0.144998267292976,0.0919554904103279,0.180070593953133,-10.4715957641602,-0.319592535495758,-0.0851289853453636,-0.542458236217499,-0.077443428337574,-0.250424563884735,-10.3838491439819,2.04205083847046,0.0584402307868004,0.264454364776611,-0.105083264410496,15.7729346,4.9520150775,-1.7311173225,-0.811779218676727,-0.822771130683023,1.31147480375817
-39.7872924804688,-3.08990478515625,-367.889404296875,-45.5093383789063,-7.4005126953125,-383.071899414063,0.164160192012787,-9.81246185302734,1.68465411663055,0.316066712141037,-0.0466317310929298,0.0528921633958817,-0.576094329357147,-5.21479797363281,7.78633117675781,-0.0344397239387035,-0.144027426838875,0.0926109924912453,0.192777886986732,-10.4751424789429,-0.306488007307053,-0.0824392586946487,-0.543979227542877,-0.0787724331021309,-0.248041838407516,-10.3706941604614,2.01183581352234,0.0595969147980213,0.265303522348404,-0.103767983615398,15.773370198,4.952212359,-1.731135979,-0.811807327676072,-0.823109723125771,1.31539027611256
-39.520263671875,-2.9754638671875,-367.73681640625,-45.623779296875,-7.476806640625,-382.843017578125,0.167283192276955,-9.80976676940918,1.69529497623444,0.314282715320587,-0.0464757345616817,0.0518245100975037,-0.573646545410156,-5.2176661491394,7.78551721572876,-0.0350163988769054,-0.143056601285934,0.0932665020227432,0.205485165119171,-10.4786891937256,-0.293383449316025,-0.0797495320439339,-0.545500218868256,-0.0801014378666878,-0.245659112930298,-10.3575401306152,1.98162066936493,0.0607535988092422,0.266152679920197,-0.102452710270882,15.773805796,4.9524096405,-1.7311546355,-0.811835436675418,-0.823448315568519,1.31930574846695
-39.6728515625,-3.08990478515625,-367.73681640625,-45.5856323242188,-7.28607177734375,-382.99560546875,0.170425340533257,-9.8076286315918,1.70073485374451,0.312444746494293,-0.0466389507055283,0.0505563654005527,-0.569355666637421,-5.21905422210693,7.78314447402954,-0.0353462882339954,-0.142150044441223,0.0940706580877304,0.217594757676125,-10.481689453125,-0.280188500881195,-0.0773023441433907,-0.546972334384918,-0.0812320560216904,-0.243966594338417,-10.3427181243896,1.95883560180664,0.0608688034117222,0.267041236162186,-0.101134017109871,15.774241394,4.952606922,-1.731173292,-0.811863545674764,-0.823786908011267,1.32322122082135
-39.825439453125,-3.204345703125,-367.73681640625,-45.5474853515625,-7.0953369140625,-383.148193359375,0.173586666584015,-9.80604839324951,1.70097362995148,0.310552835464478,-0.0471213795244694,0.0490877293050289,-0.56322169303894,-5.21896171569824,7.77921199798584,-0.0354293882846832,-0.141307771205902,0.095023475587368,0.229106664657593,-10.4841413497925,-0.266903162002563,-0.0750977098941803,-0.54839551448822,-0.0821642875671387,-0.242964267730713,-10.326229095459,1.94348037242889,0.0599425211548805,0.267969191074371,-0.0998119041323662,15.774676992,4.9528042035,-1.7311919485,-0.81189165467411,-0.824125500454014,1.32713669317574
-39.7872924804688,-3.1280517578125,-367.507934570313,-45.5474853515625,-7.0953369140625,-382.99560546875,0.176747977733612,-9.80446720123291,1.70121240615845,0.308660924434662,-0.0476038083434105,0.0476190894842148,-0.557087779045105,-5.21886920928955,7.77527952194214,-0.035512488335371,-0.140465497970581,0.0959762930870056,0.240618571639061,-10.48659324646,-0.253617823123932,-0.0728930756449699,-0.549818754196167,-0.083096519112587,-0.241961941123009,-10.309739112854,1.92812514305115,0.0590162426233292,0.268897145986557,-0.098489798605442,15.77511259,4.953001485,-1.731210605,-0.811919763673456,-0.824464092896762,1.33105216553014
-39.7491455078125,-3.0517578125,-367.279052734375,-45.5474853515625,-7.0953369140625,-382.843017578125,0.17990930378437,-9.80288696289063,1.70145118236542,0.306769013404846,-0.0480862334370613,0.0461504533886909,-0.550953805446625,-5.2187762260437,7.77134704589844,-0.0355955883860588,-0.139623239636421,0.0969291031360626,0.252130478620529,-10.4890451431274,-0.240332469344139,-0.0706884413957596,-0.551241934299469,-0.0840287581086159,-0.240959614515305,-10.2932500839233,1.9127699136734,0.0580899603664875,0.269825100898743,-0.0971676856279373,15.775548188,4.9531987665,-1.7312292615,-0.811947872672802,-0.82480268533951,1.33496763788453
-39.97802734375,-3.01361083984375,-367.507934570313,-45.623779296875,-7.171630859375,-382.843017578125,0.183070614933968,-9.80130577087402,1.70168995857239,0.304877102375031,-0.0485686622560024,0.0446818172931671,-0.544819891452789,-5.21868371963501,7.76741456985474,-0.0356786884367466,-0.1387809664011,0.0978819206357002,0.263642400503159,-10.4914970397949,-0.227047115564346,-0.0684837996959686,-0.552665114402771,-0.0849609896540642,-0.2399572879076,-10.2767610549927,1.89741468429565,0.0571636781096458,0.270753085613251,-0.0958455801010132,15.775983786,4.953396048,-1.731247918,-0.811975981672148,-0.825141277782258,1.33888311023892
-40.2069091796875,-2.9754638671875,-367.73681640625,-45.7000732421875,-7.2479248046875,-382.843017578125,0.186231926083565,-9.79972553253174,1.70192873477936,0.302985191345215,-0.0490510910749435,0.0432131811976433,-0.538685917854309,-5.21859121322632,7.76348209381104,-0.0357617884874344,-0.137938693165779,0.0988347381353378,0.275154292583466,-10.4939489364624,-0.213761776685715,-0.0662791654467583,-0.554088354110718,-0.0858932211995125,-0.238954976201057,-10.260272026062,1.8820595741272,0.0562373995780945,0.271681040525436,-0.0945234671235085,15.776419384,4.9535933295,-1.7312665745,-0.812004090671493,-0.825479870225006,1.34279858259332
-40.2069091796875,-3.01361083984375,-367.507934570313,-45.7763671875,-7.171630859375,-382.919311523438,0.189393252134323,-9.79814434051514,1.70216751098633,0.301093280315399,-0.0495335161685944,0.0417445451021194,-0.532552003860474,-5.21849870681763,7.75954961776733,-0.0358448885381222,-0.137096419930458,0.0997875481843948,0.286666214466095,-10.4964008331299,-0.200476437807083,-0.0640745311975479,-0.55551153421402,-0.0868254527449608,-0.237952649593353,-10.2437829971313,1.86670434474945,0.0553111173212528,0.272608995437622,-0.0932013615965843,15.776854982,4.953790611,-1.731285231,-0.812032199670839,-0.825818462667754,1.34671405494771
-40.2069091796875,-3.0517578125,-367.279052734375,-45.8526611328125,-7.0953369140625,-382.99560546875,0.19255456328392,-9.79656410217285,1.7024062871933,0.299201399087906,-0.0500159449875355,0.0402759052813053,-0.526418030261993,-5.21840620040894,7.75561714172363,-0.03592798858881,-0.136254146695137,0.100740365684032,0.298178106546402,-10.4988527297974,-0.18719108402729,-0.0618698969483376,-0.556934773921967,-0.0877576842904091,-0.236950322985649,-10.2272930145264,1.8513491153717,0.0543848387897015,0.273536950349808,-0.0918792486190796,15.77729058,4.9539878925,-1.7313038875,-0.812060308670185,-0.826157055110502,1.35062952730211
-40.130615234375,-3.01361083984375,-366.8212890625,-45.8145141601563,-7.01904296875,-382.843017578125,0.195715889334679,-9.79498291015625,1.70264506340027,0.29730948805809,-0.0504983738064766,0.0388072691857815,-0.520284116268158,-5.21831369400024,7.75168466567993,-0.0360110886394978,-0.135411873459816,0.10169318318367,0.309690028429031,-10.5013046264648,-0.173905745148659,-0.0596652589738369,-0.558357954025269,-0.0886899158358574,-0.235947996377945,-10.2108039855957,1.83599388599396,0.0534585565328598,0.274464935064316,-0.0905571430921555,15.777726178,4.954185174,-1.731322544,-0.812088417669531,-0.82649564755325,1.3545449996565
-40.0543212890625,-2.9754638671875,-366.363525390625,-45.7763671875,-6.9427490234375,-382.6904296875,0.198877200484276,-9.79340267181396,1.70288383960724,0.295417577028275,-0.0509807989001274,0.0373386330902576,-0.514150142669678,-5.21822118759155,7.74775218963623,-0.0360941924154758,-0.134569600224495,0.102645993232727,0.321201920509338,-10.5037565231323,-0.160620391368866,-0.0574606247246265,-0.559781134128571,-0.0896221473813057,-0.234945669770241,-10.194314956665,1.82063865661621,0.0525322742760181,0.275392889976501,-0.0892350301146507,15.778161776,4.9543824555,-1.7313412005,-0.812116526668877,-0.826834239995997,1.3584604720109
-39.97802734375,-3.16619873046875,-366.363525390625,-45.8145141601563,-7.01904296875,-382.843017578125,0.202038526535034,-9.79182147979736,1.70312261581421,0.293525665998459,-0.0514632277190685,0.0358699969947338,-0.508016228675842,-5.2181282043457,7.74381971359253,-0.0361772924661636,-0.133727341890335,0.103598810732365,0.332713842391968,-10.5062084197998,-0.147335052490234,-0.0552559867501259,-0.561204373836517,-0.0905543863773346,-0.233943343162537,-10.1778259277344,1.80528342723846,0.0516059957444668,0.276320844888687,-0.0879129245877266,15.778597374,4.954579737,-1.731359857,-0.812144635668223,-0.827172832438745,1.36237594436529
-39.9017333984375,-3.35693359375,-366.363525390625,-45.8526611328125,-7.0953369140625,-382.99560546875,0.205199837684631,-9.79024124145508,1.70336139202118,0.291633754968643,-0.0519456565380096,0.0344013571739197,-0.501882255077362,-5.21803569793701,7.73988723754883,-0.0362603925168514,-0.132885068655014,0.104551628232002,0.344225734472275,-10.5086603164673,-0.134049713611603,-0.0530513525009155,-0.562627553939819,-0.0914866179227829,-0.232941031455994,-10.1613359451294,1.78992831707001,0.0506797134876251,0.277248799800873,-0.0865908116102219,15.779032972,4.9547770185,-1.7313785135,-0.812172744667569,-0.827511424881493,1.36629141671968
-39.825439453125,-3.39508056640625,-366.439819335938,-45.8908081054688,-7.05718994140625,-382.99560546875,0.20836116373539,-9.78866004943848,1.70360016822815,0.289741843938828,-0.0524280816316605,0.0329327210783958,-0.495748311281204,-5.21794319152832,7.73595476150513,-0.0363434925675392,-0.132042795419693,0.105504438281059,0.355737656354904,-10.5111122131348,-0.120764367282391,-0.0508467145264149,-0.564050793647766,-0.0924188494682312,-0.231938704848289,-10.1448469161987,1.77457308769226,0.0497534349560738,0.278176784515381,-0.0852687060832977,15.77946857,4.9549743,-1.73139717,-0.812200853666915,-0.827850017324241,1.37020688907408
-39.7491455078125,-3.4332275390625,-366.51611328125,-45.928955078125,-7.01904296875,-382.99560546875,0.211522474884987,-9.78707981109619,1.70383894443512,0.287849932909012,-0.0529105104506016,0.031464084982872,-0.489614367485046,-5.21785068511963,7.73202228546143,-0.036426592618227,-0.131200522184372,0.106457255780697,0.367249548435211,-10.5135641098022,-0.107479020953178,-0.0486420802772045,-0.565473973751068,-0.0933510810136795,-0.230936378240585,-10.1283578872681,1.75921785831451,0.0488271526992321,0.279104739427567,-0.083946593105793,15.7794686305,4.954974064,-1.7313985665,-0.811949230049493,-0.827997291511719,1.37401443950106
-39.7872924804688,-3.509521484375,-366.2109375,-45.8908081054688,-7.0953369140625,-383.148193359375,0.209980264306068,-9.78593444824219,1.70455992221832,0.285957932472229,-0.052177868783474,0.0298874191939831,-0.492679536342621,-5.21377515792847,7.73296689987183,-0.0367127917706966,-0.130594700574875,0.107299573719501,0.378600090742111,-10.5110387802124,-0.0973661094903946,-0.0452111139893532,-0.567769587039948,-0.0942610949277878,-0.228939235210419,-10.1139888763428,1.7706378698349,0.0480345375835896,0.279381513595581,-0.0829714611172676,15.779468691,4.954973828,-1.731399963,-0.811697606432072,-0.828144565699197,1.37782198992804
-39.825439453125,-3.5858154296875,-365.90576171875,-45.8526611328125,-7.171630859375,-383.30078125,0.208438038825989,-9.7847900390625,1.70528090000153,0.284065932035446,-0.0514452233910561,0.0283107552677393,-0.495744705200195,-5.20970010757446,7.73391151428223,-0.0369989946484566,-0.129988893866539,0.108141884207726,0.389950633049011,-10.5085134506226,-0.0872531980276108,-0.0417801439762115,-0.570065140724182,-0.0951711013913155,-0.226942077279091,-10.0996189117432,1.78205800056458,0.047241922467947,0.279658287763596,-0.0819963291287422,15.7794687515,4.954973592,-1.7314013595,-0.811445982814651,-0.828291839886676,1.38162954035503
-39.6347045898438,-3.70025634765625,-365.753173828125,-45.7382202148438,-7.05718994140625,-383.60595703125,0.20689582824707,-9.7836446762085,1.70600187778473,0.282173931598663,-0.0507125817239285,0.0267340894788504,-0.49880987405777,-5.2056245803833,7.73485612869263,-0.0372851938009262,-0.129383072257042,0.10898420214653,0.401301175355911,-10.5059881210327,-0.077140286564827,-0.0383491776883602,-0.572360754013062,-0.0960811153054237,-0.224944934248924,-10.0852499008179,1.79347801208496,0.0464493110775948,0.27993506193161,-0.0810211971402168,15.779468812,4.954973356,-1.731402756,-0.81119435919723,-0.828439114074154,1.38543709078201
-39.4439697265625,-3.814697265625,-365.6005859375,-45.623779296875,-6.9427490234375,-383.9111328125,0.205353617668152,-9.78249931335449,1.70672285556793,0.28028193116188,-0.0499799400568008,0.0251574236899614,-0.501875042915344,-5.2015495300293,7.73580074310303,-0.0375713966786861,-0.128777265548706,0.109826520085335,0.412651717662811,-10.5034627914429,-0.0670273676514626,-0.0349182076752186,-0.574656367301941,-0.096991129219532,-0.222947791218758,-10.0708808898926,1.80489802360535,0.0456566959619522,0.280211836099625,-0.080046072602272,15.7794688725,4.95497312,-1.7314041525,-0.810942735579809,-0.828586388261632,1.38924464120899
-39.7109985351563,-3.54766845703125,-365.447998046875,-45.7000732421875,-7.01904296875,-383.682250976563,0.203811407089233,-9.7813549041748,1.70744383335114,0.278389930725098,-0.0492472946643829,0.0235807597637177,-0.504940211772919,-5.19747400283813,7.73674535751343,-0.0378575958311558,-0.128171443939209,0.110668830573559,0.424002230167389,-10.500937461853,-0.056914459913969,-0.0314872413873672,-0.57695198059082,-0.0979011356830597,-0.22095063328743,-10.056510925293,1.81631803512573,0.0448640808463097,0.280488580465317,-0.0790709406137466,15.779468933,4.954972884,-1.731405549,-0.810691111962388,-0.82873366244911,1.39305219163598
-39.97802734375,-3.2806396484375,-365.29541015625,-45.7763671875,-7.0953369140625,-383.453369140625,0.202269181609154,-9.7802095413208,1.70816481113434,0.276497930288315,-0.0485146529972553,0.0220040939748287,-0.508005380630493,-5.19339895248413,7.73768997192383,-0.0381437987089157,-0.127565622329712,0.111511148512363,0.435352772474289,-10.4984121322632,-0.0468015447258949,-0.0280562732368708,-0.579247534275055,-0.098811149597168,-0.218953490257263,-10.0421419143677,1.82773816585541,0.0440714657306671,0.280765354633331,-0.0780958086252213,15.7794689935,4.954972648,-1.7314069455,-0.810439488344967,-0.828880936636588,1.39685974206296
-40.0161743164063,-3.35693359375,-365.371704101563,-45.7382202148438,-7.05718994140625,-383.453369140625,0.200726971030235,-9.7790641784668,1.70888590812683,0.274605929851532,-0.0477820113301277,0.0204274300485849,-0.511070549488068,-5.18932342529297,7.73863458633423,-0.0384299978613853,-0.126959815621376,0.112353459000587,0.446703314781189,-10.4958868026733,-0.0366886332631111,-0.0246253050863743,-0.581543147563934,-0.0997211560606956,-0.216956332325935,-10.0277729034424,1.83915817737579,0.0432788543403149,0.281042128801346,-0.0771206766366959,15.779469054,4.954972412,-1.731408342,-0.810187864727546,-0.829028210824066,1.40066729248994
-40.0543212890625,-3.4332275390625,-365.447998046875,-45.7000732421875,-7.01904296875,-383.453369140625,0.199184760451317,-9.77791976928711,1.70960688591003,0.272713929414749,-0.0470493659377098,0.018850764259696,-0.514135718345642,-5.18524837493896,7.73957920074463,-0.0387162007391453,-0.126353994011879,0.113195776939392,0.458053857088089,-10.4933614730835,-0.0265757199376822,-0.0211943369358778,-0.583838760852814,-0.100631169974804,-0.214959189295769,-10.0134029388428,1.85057818889618,0.0424862392246723,0.28131890296936,-0.0761455446481705,15.7794691145,4.954972176,-1.7314097385,-0.809936241110125,-0.829175485011544,1.40447484291692
-40.0161743164063,-3.5858154296875,-365.29541015625,-45.7763671875,-7.05718994140625,-383.682250976563,0.197642534971237,-9.77677440643311,1.71032786369324,0.270821928977966,-0.0463167242705822,0.0172740984708071,-0.517200887203217,-5.1811728477478,7.74052381515503,-0.0390023998916149,-0.125748187303543,0.114038094878197,0.469404399394989,-10.4908361434937,-0.0164628084748983,-0.0177633706480265,-0.586134314537048,-0.101541183888912,-0.212962046265602,-9.99903392791748,1.86199831962585,0.0416936241090298,0.281595677137375,-0.0751704126596451,15.779469175,4.95497194,-1.731411135,-0.809684617492704,-0.829322759199023,1.40828239334391
-39.97802734375,-3.7384033203125,-365.142822265625,-45.8526611328125,-7.0953369140625,-383.9111328125,0.196100324392319,-9.7756290435791,1.71104884147644,0.268929928541183,-0.0455840826034546,0.0156974345445633,-0.520266056060791,-5.1770977973938,7.74146842956543,-0.0392885990440845,-0.125142365694046,0.114880405366421,0.480754941701889,-10.4883108139038,-0.00634989514946938,-0.01433240249753,-0.588429927825928,-0.10245119035244,-0.210964888334274,-9.98466491699219,1.87341833114624,0.0409010089933872,0.281872451305389,-0.0741952806711197,15.7794692355,4.954971704,-1.7314125315,-0.809432993875283,-0.829470033386501,1.41208994377089
-39.9017333984375,-3.62396240234375,-364.990234375,-45.7763671875,-6.866455078125,-383.9111328125,0.1945581138134,-9.77448463439941,1.71176981925964,0.267037928104401,-0.0448514372110367,0.0141207687556744,-0.523331224918365,-5.17302227020264,7.74241304397583,-0.0395748019218445,-0.12453655153513,0.115722723305225,0.492105484008789,-10.485785484314,0.00376301724463701,-0.0109014343470335,-0.590725541114807,-0.103361204266548,-0.208967745304108,-9.97029495239258,1.88483834266663,0.0401083938777447,0.282149225473404,-0.0732201561331749,15.779469296,4.954971468,-1.731413928,-0.809181370257862,-0.829617307573979,1.41589749419787
-39.825439453125,-3.509521484375,-364.837646484375,-45.7000732421875,-6.6375732421875,-383.9111328125,0.193015888333321,-9.77333927154541,1.71249079704285,0.265145927667618,-0.0441187955439091,0.012544103898108,-0.52639639377594,-5.16894721984863,7.74335765838623,-0.0398610010743141,-0.123930737376213,0.11656504124403,0.503455996513367,-10.4832601547241,0.0138759296387434,-0.00747046666219831,-0.593021094799042,-0.104271218180656,-0.206970602273941,-9.95592594146729,1.8962584733963,0.0393157824873924,0.282425999641418,-0.0722450241446495,15.7794693565,4.954971232,-1.7314153245,-0.808929746640441,-0.829764581761457,1.41970504462486
-39.7491455078125,-3.5858154296875,-364.761352539063,-45.5856323242188,-6.44683837890625,-383.834838867188,0.191473677754402,-9.77219390869141,1.71321177482605,0.263253927230835,-0.0433861538767815,0.0109674390405416,-0.529461562633514,-5.16487169265747,7.74430227279663,-0.0401472039520741,-0.123324923217297,0.117407351732254,0.514806568622589,-10.4807348251343,0.0239888429641724,-0.00403949897736311,-0.595316708087921,-0.105181224644184,-0.204973444342613,-9.94155693054199,1.90767848491669,0.0385231673717499,0.282702773809433,-0.0712698921561241,15.779469417,4.954970996,-1.731416721,-0.80867812302302,-0.829911855948935,1.42351259505184
-39.6728515625,-3.662109375,-364.68505859375,-45.47119140625,-6.256103515625,-383.758544921875,0.187778279185295,-9.77067947387695,1.71459591388702,0.26120987534523,-0.0422460921108723,0.00926913041621447,-0.527479827404022,-5.16240453720093,7.74519491195679,-0.0404569618403912,-0.122594013810158,0.11816181987524,0.525609374046326,-10.4754686355591,0.032561331987381,-0.000362259364919737,-0.597734808921814,-0.106048375368118,-0.203007191419601,-9.93255996704102,1.92006587982178,0.0384199135005474,0.282698035240173,-0.070044569671154,15.7794694775,4.95497076,-1.7314181175,-0.808426499405599,-0.830059130136413,1.42732014547882
-39.5965576171875,-3.662109375,-364.608764648438,-45.47119140625,-6.40869140625,-383.9111328125,0.181929677724838,-9.76879405975342,1.71664309501648,0.259013772010803,-0.0406986176967621,0.00744917895644903,-0.520451307296753,-5.16154479980469,7.7460355758667,-0.0407902747392654,-0.121738016605377,0.118828445672989,0.535864531993866,-10.4674606323242,0.0395933985710144,0.00356125179678202,-0.600275337696075,-0.106872662901878,-0.201071828603745,-9.92893600463867,1.93342065811157,0.0390060245990753,0.282411843538284,-0.0685690641403198,15.779469538,4.954970524,-1.731419514,-0.808174875788178,-0.830206404323891,1.4311276959058
-39.520263671875,-3.662109375,-364.532470703125,-45.47119140625,-6.561279296875,-384.063720703125,0.176081091165543,-9.76690864562988,1.71869027614594,0.256817668676376,-0.0391511395573616,0.0056292274966836,-0.513422727584839,-5.16068506240845,7.74687576293945,-0.0411235876381397,-0.120882019400597,0.119495071470737,0.546119689941406,-10.4594535827637,0.0466254651546478,0.00748476292937994,-0.602815866470337,-0.107696942985058,-0.199136465787888,-9.92531204223633,1.94677543640137,0.0395921356976032,0.282125651836395,-0.0670935586094856,15.7794695985,4.954970288,-1.7314209105,-0.807923252170757,-0.83035367851137,1.43493524633279
-39.5584106445313,-3.7384033203125,-364.608764648438,-45.5856323242188,-6.52313232421875,-383.834838867188,0.170232489705086,-9.76502323150635,1.72073745727539,0.254621565341949,-0.0376036651432514,0.00380927580408752,-0.50639420747757,-5.15982532501221,7.74771642684937,-0.041456900537014,-0.120026022195816,0.120161697268486,0.556374847888947,-10.4514455795288,0.0536575317382813,0.0114082740619779,-0.605356454849243,-0.108521230518818,-0.197201102972031,-9.9216890335083,1.96013009548187,0.0401782467961311,0.281839460134506,-0.0656180530786514,15.779469659,4.954970052,-1.731422307,-0.807671628553336,-0.830500952698848,1.43874279675977
-39.5965576171875,-3.814697265625,-364.68505859375,-45.7000732421875,-6.4849853515625,-383.60595703125,0.16438390314579,-9.76313781738281,1.72278463840485,0.252425462007523,-0.0360561870038509,0.00198932434432209,-0.499365657567978,-5.15896606445313,7.74855661392212,-0.0417902134358883,-0.119170024991035,0.120828323066235,0.566629946231842,-10.4434375762939,0.0606895983219147,0.0153317851945758,-0.607896983623505,-0.109345518052578,-0.195265740156174,-9.91806507110596,1.97348487377167,0.040764357894659,0.281553268432617,-0.0641425475478172,15.7794697195,4.954969816,-1.7314237035,-0.807420004935915,-0.830648226886326,1.44255034718675
-39.5584106445313,-3.70025634765625,-364.532470703125,-45.7382202148438,-6.44683837890625,-383.9111328125,0.158535301685333,-9.76125335693359,1.7248318195343,0.250229328870773,-0.0345087125897408,0.000169372739037499,-0.492337107658386,-5.15810632705688,7.74939727783203,-0.0421235263347626,-0.118314027786255,0.121494948863983,0.576885104179382,-10.4354305267334,0.0677216649055481,0.0192552953958511,-0.610437512397766,-0.110169798135757,-0.193330377340317,-9.91444110870361,1.98683965206146,0.0413504652678967,0.281267046928406,-0.062667042016983,15.77946978,4.95496958,-1.7314251,-0.807168381318494,-0.830795501073804,1.44635789761374
-39.520263671875,-3.5858154296875,-364.3798828125,-45.7763671875,-6.40869140625,-384.21630859375,0.152686715126038,-9.75936794281006,1.72687900066376,0.248033240437508,-0.0329612344503403,-0.00165057880803943,-0.485308557748795,-5.15724658966064,7.75023746490479,-0.0424568392336369,-0.117458030581474,0.122161574661732,0.587140262126923,-10.4274225234985,0.0747537314891815,0.0231788065284491,-0.612978100776672,-0.110994085669518,-0.19139501452446,-9.91081714630127,2.00019454956055,0.0419365763664246,0.280980855226517,-0.0611915402114391,15.7794698825,4.9549692475,-1.7314258215,-0.806642583664137,-0.830819525502478,1.45067233191753
-39.5584106445313,-3.62396240234375,-364.227294921875,-45.7000732421875,-6.44683837890625,-384.140014648438,0.146838113665581,-9.75748252868652,1.72892618179321,0.24583712220192,-0.0314137600362301,-0.00347053026780486,-0.478280007839203,-5.1563868522644,7.7510781288147,-0.0427901521325111,-0.116602025926113,0.12282820045948,0.597395420074463,-10.419415473938,0.0817857980728149,0.027102317661047,-0.615518629550934,-0.111818373203278,-0.189459666609764,-9.90719318389893,2.01354908943176,0.0425226874649525,0.280694663524628,-0.0597160309553146,15.779469985,4.954968915,-1.731426543,-0.806116786009779,-0.830843549931151,1.45498676622131
-39.5965576171875,-3.662109375,-364.07470703125,-45.623779296875,-6.4849853515625,-384.063720703125,0.140989527106285,-9.75559711456299,1.73097336292267,0.243641018867493,-0.0298662818968296,-0.0052904817275703,-0.471251457929611,-5.15552759170532,7.75191831588745,-0.0431234650313854,-0.115746028721333,0.123494826257229,0.607650518417358,-10.4114074707031,0.0888178646564484,0.0310258287936449,-0.618059158325195,-0.112642653286457,-0.187524303793907,-9.90356922149658,2.02690386772156,0.0431087985634804,0.280408471822739,-0.0582405254244804,15.7794700875,4.9549685825,-1.7314272645,-0.805590988355422,-0.830867574359825,1.4593012005251
-39.520263671875,-3.7384033203125,-363.998413085938,-45.7382202148438,-6.52313232421875,-384.21630859375,0.135140925645828,-9.75371170043945,1.73302054405212,0.241444900631905,-0.0283188056200743,-0.00711043318733573,-0.46422290802002,-5.15466785430908,7.75275897979736,-0.0434567779302597,-0.114890031516552,0.124161452054977,0.617905676364899,-10.4033994674683,0.0958499312400818,0.0349493399262428,-0.620599746704102,-0.113466940820217,-0.18558894097805,-9.89994525909424,2.04025864601135,0.0436949096620083,0.28012228012085,-0.0567650198936462,15.77947019,4.95496825,-1.731427986,-0.805065190701064,-0.830891598788498,1.46361563482889
-39.4439697265625,-3.814697265625,-363.922119140625,-45.8526611328125,-6.561279296875,-384.368896484375,0.129292339086533,-9.75182628631592,1.73506772518158,0.239248797297478,-0.0267713293433189,-0.00893038511276245,-0.457194358110428,-5.15380811691284,7.75359916687012,-0.043790090829134,-0.114034034311771,0.124828077852726,0.628160834312439,-10.3953924179077,0.102881997823715,0.0388728529214859,-0.623140275478363,-0.114291228353977,-0.183653578162193,-9.89632225036621,2.05361342430115,0.0442810207605362,0.279836088418961,-0.055289514362812,15.7794702925,4.9549679175,-1.7314287075,-0.804539393046707,-0.830915623217171,1.46793006913268
-39.4821166992188,-3.7384033203125,-363.922119140625,-46.0052490234375,-6.6375732421875,-384.292602539063,0.123443737626076,-9.7499418258667,1.73711490631104,0.237052693963051,-0.0252238530665636,-0.0107503365725279,-0.450165808200836,-5.1529483795166,7.75443983078003,-0.0441234037280083,-0.113178037106991,0.125494703650475,0.638415992259979,-10.3873844146729,0.109914064407349,0.0427963621914387,-0.625680804252625,-0.115115515887737,-0.181718215346336,-9.89269828796387,2.06696820259094,0.0448671281337738,0.279549866914749,-0.0538140088319778,15.779470395,4.954967585,-1.731429429,-0.804013595392349,-0.830939647645845,1.47224450343647
-39.520263671875,-3.662109375,-363.922119140625,-46.1578369140625,-6.7138671875,-384.21630859375,0.117595143616199,-9.74805641174316,1.73916208744049,0.234856575727463,-0.0236763767898083,-0.0125702880322933,-0.443137258291245,-5.15208911895752,7.75528001785278,-0.0444567166268826,-0.11232203990221,0.126161336898804,0.648671090602875,-10.3793773651123,0.116946130990982,0.0467198751866817,-0.628221392631531,-0.115939795970917,-0.179782852530479,-9.88907432556152,2.08032298088074,0.0454532392323017,0.27926367521286,-0.0523385033011436,15.7794704975,4.9549672525,-1.7314301505,-0.803487797737992,-0.830963672074518,1.47655893774026
-39.6347045898438,-3.7384033203125,-363.998413085938,-46.1578369140625,-6.6375732421875,-383.987426757813,0.111746549606323,-9.74617099761963,1.74120926856995,0.232660472393036,-0.0221289005130529,-0.0143902394920588,-0.436108708381653,-5.15122938156128,7.7561206817627,-0.0447900295257568,-0.11146604269743,0.126827955245972,0.658926248550415,-10.3713693618774,0.123978197574615,0.0506433844566345,-0.630761921405792,-0.116764083504677,-0.177847489714622,-9.88545036315918,2.09367775917053,0.0460393503308296,0.278977483510971,-0.0508629977703094,15.7794706,4.95496692,-1.731430872,-0.802962000083634,-0.830987696503191,1.48087337204405
-39.7491455078125,-3.814697265625,-364.07470703125,-46.1578369140625,-6.561279296875,-383.758544921875,0.119789317250252,-9.74568557739258,1.73704135417938,0.23061765730381,-0.0221160668879747,-0.0160388927906752,-0.429218947887421,-5.1567850112915,7.75839138031006,-0.0454095639288425,-0.109242402017117,0.128006190061569,0.665299355983734,-10.3665266036987,0.126256749033928,0.0532465986907482,-0.632432818412781,-0.117309063673019,-0.179358884692192,-9.88008689880371,2.08986067771912,0.0488105528056622,0.27827912569046,-0.0498767234385014,15.7794707025,4.9549665875,-1.7314315935,-0.802436202429277,-0.831011720931865,1.48518780634784
-39.5965576171875,-3.662109375,-363.922119140625,-45.8526611328125,-6.4849853515625,-384.21630859375,0.12783208489418,-9.74519920349121,1.73287355899811,0.228574827313423,-0.0221032314002514,-0.0176875442266464,-0.422329217195511,-5.16234111785889,7.76066255569458,-0.0460290983319283,-0.107018753886223,0.129184409976006,0.671672463417053,-10.3616847991943,0.128535315394402,0.0558498129248619,-0.634103775024414,-0.117854043841362,-0.180870279669762,-9.87472438812256,2.08604335784912,0.0515817552804947,0.277580738067627,-0.0488904528319836,15.779470805,4.954966255,-1.731432315,-0.801910404774919,-0.831035745360538,1.48950224065163
-39.4439697265625,-3.509521484375,-363.76953125,-45.5474853515625,-6.40869140625,-384.674072265625,0.135874852538109,-9.74471378326416,1.72870564460754,0.226532012224197,-0.0220903977751732,-0.0193361975252628,-0.415439456701279,-5.16789674758911,7.76293325424194,-0.046648632735014,-0.10479511320591,0.130362644791603,0.678045570850372,-10.3568420410156,0.130813866853714,0.0584530271589756,-0.635774672031403,-0.118399024009705,-0.182381689548492,-9.86936092376709,2.08222627639771,0.0543529577553272,0.276882380247116,-0.0479041785001755,15.7794709075,4.9549659225,-1.7314330365,-0.801384607120562,-0.831059769789212,1.49381667495542
-39.5584106445313,-3.5858154296875,-363.693237304688,-45.6619262695313,-6.4849853515625,-384.292602539063,0.143917620182037,-9.74422740936279,1.72453773021698,0.22448918223381,-0.022077564150095,-0.0209848508238792,-0.408549696207047,-5.17345285415649,7.76520442962646,-0.0472681671380997,-0.102571472525597,0.131540879607201,0.684418678283691,-10.3519992828369,0.133092433214188,0.0610562413930893,-0.637445628643036,-0.118943996727467,-0.183893084526062,-9.86399841308594,2.07840919494629,0.0571241602301598,0.276184022426605,-0.0469179078936577,15.77947101,4.95496559,-1.731433758,-0.800858809466204,-0.831083794217885,1.49813110925921
-39.6728515625,-3.662109375,-363.616943359375,-45.7763671875,-6.561279296875,-383.9111328125,0.151960372924805,-9.74374198913574,1.72036993503571,0.222446367144585,-0.0220647305250168,-0.0226335041224957,-0.401659965515137,-5.17900848388672,7.76747512817383,-0.0478877015411854,-0.100347824394703,0.132719114422798,0.690791845321655,-10.3471565246582,0.1353709846735,0.0636594593524933,-0.639116525650024,-0.119488976895809,-0.185404479503632,-9.85863494873047,2.07459211349487,0.059895358979702,0.275485634803772,-0.0459316335618496,15.7794711125,4.9549652575,-1.7314344795,-0.800333011811847,-0.831107818646559,1.502445543563
-39.7872924804688,-3.70025634765625,-363.76953125,-45.5856323242188,-6.52313232421875,-384.21630859375,0.160003140568733,-9.74325656890869,1.71620202064514,0.220403552055359,-0.0220518950372934,-0.0242821555584669,-0.394770205020905,-5.18456411361694,7.76974630355835,-0.0485072359442711,-0.0981241837143898,0.133897334337234,0.697164952754974,-10.3423147201538,0.137649551033974,0.0662626698613167,-0.640787482261658,-0.120033957064152,-0.186915874481201,-9.85327243804932,2.07077479362488,0.0626665651798248,0.274787276983261,-0.0449453629553318,15.779471215,4.954964925,-1.731435201,-0.799807214157489,-0.831131843075232,1.50675997786679
-39.9017333984375,-3.7384033203125,-363.922119140625,-45.3948974609375,-6.4849853515625,-384.521484375,0.168045908212662,-9.74277019500732,1.71203410625458,0.218360722064972,-0.0220390614122152,-0.0259308088570833,-0.387880474328995,-5.19012022018433,7.77201700210571,-0.0491267703473568,-0.0959005355834961,0.135075569152832,0.703538060188293,-10.3374719619751,0.139928102493286,0.0688658878207207,-0.642458379268646,-0.120578937232494,-0.188427284359932,-9.84790897369385,2.06695771217346,0.0654377639293671,0.27408891916275,-0.0439590886235237,15.7794713175,4.9549645925,-1.7314359225,-0.799281416503132,-0.831155867503905,1.51107441217058
-39.8635864257813,-3.62396240234375,-363.845825195313,-45.3567504882813,-6.44683837890625,-384.445190429688,0.17608867585659,-9.74228477478027,1.7078663110733,0.216317906975746,-0.022026227787137,-0.0275794621556997,-0.380990713834763,-5.19567584991455,7.77428817749023,-0.0497463047504425,-0.093676894903183,0.13625380396843,0.709911167621613,-10.3326292037964,0.14220666885376,0.0714690983295441,-0.64412933588028,-0.121123917400837,-0.189938679337502,-9.8425464630127,2.06314063072205,0.0682089701294899,0.273390531539917,-0.0429728180170059,15.77947142,4.95496426,-1.731436644,-0.798755618848774,-0.831179891932579,1.51538884647437
-39.825439453125,-3.509521484375,-363.76953125,-45.318603515625,-6.40869140625,-384.368896484375,0.184131443500519,-9.74179840087891,1.70369839668274,0.214275076985359,-0.0220133922994137,-0.029228113591671,-0.37410095334053,-5.20123195648193,7.7765588760376,-0.0503658391535282,-0.0914532542228699,0.137432023882866,0.716284275054932,-10.327787399292,0.144485220313072,0.0740723162889481,-0.645800232887268,-0.12166889756918,-0.191450074315071,-9.83718299865723,2.05932331085205,0.0709801688790321,0.272692173719406,-0.0419865436851978,15.7794715225,4.9549639275,-1.7314373655,-0.798229821194417,-0.831203916361252,1.51970328077816
-39.825439453125,-3.509521484375,-363.693237304688,-45.4330444335938,-6.40869140625,-384.368896484375,0.192174211144447,-9.74131298065186,1.69953048229218,0.212232261896133,-0.0220005586743355,-0.0308767668902874,-0.367211222648621,-5.20678758621216,7.77882957458496,-0.0509853735566139,-0.0892296060919762,0.138610258698463,0.722657382488251,-10.3229446411133,0.146763786673546,0.0766755342483521,-0.647471189498901,-0.122213877737522,-0.192961469292641,-9.83181953430176,2.05550622940063,0.0737513676285744,0.271993815898895,-0.04100027307868,15.779471625,4.954963595,-1.731438087,-0.797704023540059,-0.831227940789926,1.52401771508195
-39.825439453125,-3.509521484375,-363.616943359375,-45.5474853515625,-6.40869140625,-384.368896484375,0.200216978788376,-9.7408275604248,1.6953626871109,0.210189446806908,-0.0219877250492573,-0.0325254201889038,-0.360321462154388,-5.21234321594238,7.78110074996948,-0.0516049079596996,-0.0870059654116631,0.139788493514061,0.72903048992157,-10.3181018829346,0.149042338132858,0.0792787447571754,-0.64914208650589,-0.122758850455284,-0.19447286427021,-9.82645702362061,2.05168914794922,0.0765225738286972,0.271295428276062,-0.0400139987468719,15.7794717275,4.9549632625,-1.7314388085,-0.797178225885702,-0.831251965218599,1.52833214938574
-39.7109985351563,-3.39508056640625,-363.388061523438,-45.5856323242188,-6.40869140625,-384.445190429688,0.208259746432304,-9.74034118652344,1.69119477272034,0.208146616816521,-0.0219748895615339,-0.0341740734875202,-0.353431701660156,-5.21789932250977,7.78337144851685,-0.0522244423627853,-0.0847823247313499,0.140966713428497,0.735403597354889,-10.3132600784302,0.151320904493332,0.0818819627165794,-0.650813043117523,-0.123303830623627,-0.195984274148941,-9.82109355926514,2.04787182807922,0.0792937725782394,0.270597070455551,-0.0390277281403542,15.77947183,4.95496293,-1.73143953,-0.796652428231344,-0.831275989647272,1.53264658368953
-39.5965576171875,-3.2806396484375,-363.1591796875,-45.623779296875,-6.40869140625,-384.521484375,0.216302514076233,-9.73985576629639,1.68702685832977,0.206103801727295,-0.0219620559364557,-0.0358227267861366,-0.346541970968246,-5.22345495223999,7.78564262390137,-0.052843976765871,-0.0825586766004562,0.142144948244095,0.741776704788208,-10.3084173202515,0.153599455952644,0.0844851732254028,-0.652483940124512,-0.123848810791969,-0.197495669126511,-9.81573104858398,2.04405474662781,0.0820649787783623,0.26989871263504,-0.0380414538085461,15.827871068,4.98119600850001,-1.7386866885,-0.795811383377988,-0.831200649539563,1.53798793524916
-39.6347045898438,-3.204345703125,-363.311767578125,-45.623779296875,-6.3323974609375,-384.674072265625,0.229678973555565,-9.73687553405762,1.68001186847687,0.204309940338135,-0.0224963221698999,-0.0371919982135296,-0.337385296821594,-5.22704267501831,7.784912109375,-0.0534780621528625,-0.079446516931057,0.143495380878448,0.749539613723755,-10.3054542541504,0.152533382177353,0.0864036977291107,-0.653450906276703,-0.12454030662775,-0.20058773458004,-9.81118488311768,2.03638434410095,0.0851060152053833,0.269033700227737,-0.0374583601951599,15.876270306,5.007429087,-1.745933847,-0.794970338524632,-0.831125309431854,1.54332928680878
-39.6728515625,-3.1280517578125,-363.46435546875,-45.623779296875,-6.256103515625,-384.82666015625,0.248389139771461,-9.73140048980713,1.67014980316162,0.202765062451363,-0.0235776901245117,-0.0382818952202797,-0.325961738824844,-5.22866153717041,7.78117990493774,-0.0541266947984695,-0.075445830821991,0.145018011331558,0.75869232416153,-10.304370880127,0.148122683167458,0.0876375287771225,-0.653713941574097,-0.125378325581551,-0.20526048541069,-9.80745697021484,2.02486062049866,0.0884168818593025,0.268002033233643,-0.0372784435749054,15.924669544,5.0336621655,-1.7531810055,-0.794129293671275,-0.831049969324145,1.54867063836842
-39.7872924804688,-3.01361083984375,-363.311767578125,-45.3567504882813,-6.1798095703125,-384.750366210938,0.267099291086197,-9.72592544555664,1.66028773784637,0.201220169663429,-0.0246590562164783,-0.0393717922270298,-0.314538180828094,-5.23028087615967,7.77744770050049,-0.0547753311693668,-0.071445144712925,0.146540641784668,0.767845034599304,-10.3032875061035,0.143711984157562,0.0888713523745537,-0.65397697687149,-0.12621633708477,-0.209933221340179,-9.80372905731201,2.01333689689636,0.0917277559638023,0.266970366239548,-0.0370985269546509,15.973068782,5.05989524399999,-1.760428164,-0.793288248817919,-0.830974629216436,1.55401198992804
-39.9017333984375,-2.899169921875,-363.1591796875,-45.0897216796875,-6.103515625,-384.674072265625,0.285809457302094,-9.72045040130615,1.65042567253113,0.199675276875496,-0.0257404241710901,-0.0404616892337799,-0.303114622831345,-5.23189973831177,7.77371549606323,-0.0554239638149738,-0.0674444586038589,0.148063272237778,0.776997745037079,-10.3022041320801,0.139301285147667,0.0901051834225655,-0.65423995256424,-0.12705434858799,-0.21460597217083,-9.80000114440918,2.00181317329407,0.0950386226177216,0.265938729047775,-0.0369186103343964,16.02146802,5.0861283225,-1.7676753225,-0.792447203964563,-0.830899289108727,1.55935334148767
-39.8635864257813,-2.9754638671875,-363.235473632813,-45.2041625976563,-6.1798095703125,-384.750366210938,0.30451962351799,-9.71497631072998,1.64056360721588,0.198130398988724,-0.0268217902630568,-0.04155158624053,-0.291691064834595,-5.23351860046387,7.76998329162598,-0.0560725964605808,-0.0634437724947929,0.149585902690887,0.786150455474854,-10.3011207580566,0.134890586137772,0.0913390144705772,-0.654502987861633,-0.127892360091209,-0.219278708100319,-9.79627323150635,1.99028956890106,0.0983494892716408,0.26490706205368,-0.0367386937141418,16.069867258,5.11236140100001,-1.774922481,-0.791606159111206,-0.830823949001019,1.56469469304731
-39.825439453125,-3.0517578125,-363.311767578125,-45.318603515625,-6.256103515625,-384.82666015625,0.323229789733887,-9.70950126647949,1.63070142269135,0.19658550620079,-0.0279031582176685,-0.0426414795219898,-0.280267506837845,-5.23513793945313,7.76625108718872,-0.0567212328314781,-0.0594430863857269,0.151108533143997,0.795303165912628,-10.3000373840332,0.130479887127876,0.0925728380680084,-0.654766023159027,-0.128730371594429,-0.223951458930969,-9.79254531860352,1.97876584529877,0.101660363376141,0.263875395059586,-0.0365587770938873,16.118266496,5.1385944795,-1.7821696395,-0.79076511425785,-0.83074860889331,1.57003604460693
-39.8635864257813,-3.0517578125,-363.46435546875,-45.47119140625,-6.21795654296875,-384.82666015625,0.341939955949783,-9.704026222229,1.6208393573761,0.195040613412857,-0.0289845243096352,-0.0437313765287399,-0.268843948841095,-5.23675680160522,7.76251888275146,-0.0573698654770851,-0.0554424002766609,0.152631163597107,0.804455876350403,-10.2989540100098,0.126069188117981,0.0938066691160202,-0.655028998851776,-0.129568383097649,-0.228624194860458,-9.78881740570068,1.96724212169647,0.10497123003006,0.262843757867813,-0.0363788604736328,16.166665734,5.164827558,-1.789416798,-0.789924069404494,-0.8306732687856,1.57537739616656
-39.9017333984375,-3.0517578125,-363.616943359375,-45.623779296875,-6.1798095703125,-384.82666015625,0.36065012216568,-9.69855117797852,1.61097729206085,0.193495735526085,-0.0300658922642469,-0.04482127353549,-0.257420361042023,-5.23837614059448,7.75878667831421,-0.0580184981226921,-0.0514417178928852,0.154153779149055,0.813608586788177,-10.2978715896606,0.121658489108086,0.095040500164032,-0.65529203414917,-0.130406394600868,-0.233296945691109,-9.78508949279785,1.95571851730347,0.10828210413456,0.261812090873718,-0.0361989438533783,16.215064972,5.19106063649999,-1.7966639565,-0.789083024551138,-0.830597928677892,1.58071874772619
-39.9017333984375,-2.86102294921875,-363.76953125,-45.5856323242188,-6.14166259765625,-384.82666015625,0.379360288381577,-9.69307708740234,1.60111522674561,0.191950842738152,-0.0311472583562136,-0.0459111705422401,-0.245996803045273,-5.23999500274658,7.75505447387695,-0.0586671344935894,-0.0474410317838192,0.155676409602165,0.822761297225952,-10.2967882156372,0.11724779009819,0.0962743237614632,-0.655555069446564,-0.131244406104088,-0.237969681620598,-9.78136157989502,1.94419479370117,0.111592970788479,0.260780423879623,-0.0360190272331238,16.26346421,5.217293715,-1.803911115,-0.788241979697782,-0.830522588570183,1.58606009928582
-39.9017333984375,-2.6702880859375,-363.922119140625,-45.5474853515625,-6.103515625,-384.82666015625,0.398070454597473,-9.68760204315186,1.59125316143036,0.190405964851379,-0.0322286263108253,-0.0470010675489902,-0.234573245048523,-5.24161386489868,7.7513222694397,-0.0593157671391964,-0.0434403456747532,0.157199040055275,0.831913948059082,-10.2957048416138,0.112837091088295,0.0975081548094749,-0.655818045139313,-0.132082417607307,-0.242642432451248,-9.77763271331787,1.93267107009888,0.114903837442398,0.259748786687851,-0.0358391106128693,16.311863448,5.24352679350001,-1.8111582735,-0.787400934844425,-0.830447248462474,1.59140145084545
-39.7491455078125,-2.70843505859375,-363.616943359375,-45.2804565429688,-6.1798095703125,-385.208129882813,0.41678062081337,-9.68212699890137,1.58139109611511,0.188861072063446,-0.033309992402792,-0.0480909645557404,-0.223149687051773,-5.24323320388794,7.74759006500244,-0.0599643997848034,-0.0394396595656872,0.158721670508385,0.841066658496857,-10.2946214675903,0.1084263920784,0.0987419858574867,-0.656081080436707,-0.132920429110527,-0.247315168380737,-9.77390480041504,1.92114734649658,0.118214711546898,0.258717119693756,-0.0356591939926147,16.360262686,5.269759872,-1.818405432,-0.786559889991069,-0.830371908354765,1.59674280240508
-39.5965576171875,-2.74658203125,-363.311767578125,-45.013427734375,-6.256103515625,-385.589599609375,0.435490787029266,-9.67665195465088,1.57152891159058,0.187316179275513,-0.0343913584947586,-0.0491808578372002,-0.211726129055023,-5.24485206604004,7.74385786056519,-0.0606130324304104,-0.0354389771819115,0.160244300961494,0.850219368934631,-10.2935380935669,0.104015693068504,0.0999758169054985,-0.6563441157341,-0.133758440613747,-0.251987904310226,-9.77017688751221,1.90962374210358,0.121525578200817,0.257685452699661,-0.0354792773723602,16.408661924,5.2959929505,-1.8256525905,-0.785718845137713,-0.830296568247056,1.60208415396471
-39.7109985351563,-2.63214111328125,-363.46435546875,-45.1278686523438,-6.256103515625,-385.43701171875,0.454200953245163,-9.67117786407471,1.56166684627533,0.185771301388741,-0.0354727283120155,-0.0502707548439503,-0.200302556157112,-5.2464714050293,7.74012565612793,-0.0612616688013077,-0.0314382910728455,0.161766931414604,0.859372079372406,-10.2924547195435,0.099604994058609,0.10120964050293,-0.656607091426849,-0.134596452116966,-0.256660670042038,-9.76644897460938,1.89810001850128,0.124836452305317,0.256653815507889,-0.0352993607521057,16.457061162,5.32222602899999,-1.832899749,-0.784877800284356,-0.830221228139347,1.60742550552434
-39.825439453125,-2.5177001953125,-363.616943359375,-45.2423095703125,-6.256103515625,-385.284423828125,0.47291111946106,-9.66570281982422,1.55180478096008,0.184226408600807,-0.0365540944039822,-0.0513606518507004,-0.188878998160362,-5.2480902671814,7.73639345169067,-0.0619103014469147,-0.0274376049637794,0.163289561867714,0.868524789810181,-10.29137134552,0.0951942950487137,0.102443471550941,-0.656870126724243,-0.135434463620186,-0.261333405971527,-9.76272106170654,1.88657629489899,0.128147318959236,0.255622148513794,-0.0351194441318512,16.5054604,5.3484591075,-1.8401469075,-0.784036755431,-0.830145888031638,1.61276685708397
-39.825439453125,-2.5177001953125,-363.311767578125,-45.3567504882813,-6.256103515625,-385.208129882813,0.491841018199921,-9.66025161743164,1.54163038730621,0.18146900832653,-0.037085335701704,-0.0530975237488747,-0.186431035399437,-5.26478815078735,7.73099184036255,-0.0621759220957756,-0.0237531140446663,0.165352895855904,0.876073598861694,-10.2937536239624,0.083963468670845,0.102781064808369,-0.656426250934601,-0.136441275477409,-0.265832632780075,-9.76179981231689,1.87580442428589,0.130363136529922,0.255187720060349,-0.0342068709433079,16.553859638,5.37469218600001,-1.847394066,-0.783195710577644,-0.830070547923929,1.6181082086436
-39.825439453125,-2.5177001953125,-363.006591796875,-45.47119140625,-6.256103515625,-385.1318359375,0.510770916938782,-9.65480041503906,1.53145611286163,0.178711593151093,-0.0376165769994259,-0.054834395647049,-0.18398305773735,-5.28148603439331,7.72559070587158,-0.0624415427446365,-0.0200686249881983,0.167416229844093,0.883622348308563,-10.2961368560791,0.0727326348423958,0.103118658065796,-0.655982375144958,-0.137448087334633,-0.270331829786301,-9.76087856292725,1.8650324344635,0.13257896900177,0.254753321409225,-0.0332942940294743,16.602258876,5.4009252645,-1.8546412245,-0.782354665724288,-0.82999520781622,1.62344956020323
-40.0924682617188,-2.40325927734375,-363.1591796875,-45.2804565429688,-6.21795654296875,-385.208129882813,0.529700815677643,-9.64934825897217,1.52128171920776,0.175954192876816,-0.0381478145718575,-0.0565712675452232,-0.181535094976425,-5.29818391799927,7.72018909454346,-0.0627071633934975,-0.0163841340690851,0.169479548931122,0.891171157360077,-10.2985191345215,0.0615018047392368,0.103456251323223,-0.655538558959961,-0.138454899191856,-0.274831056594849,-9.7599573135376,1.8542605638504,0.134794786572456,0.25431889295578,-0.0323817208409309,16.650658114,5.427158343,-1.861888383,-0.781513620870931,-0.829919867708511,1.62879091176286
-40.3594970703125,-2.288818359375,-363.311767578125,-45.0897216796875,-6.1798095703125,-385.284423828125,0.548630714416504,-9.64389705657959,1.51110744476318,0.173196792602539,-0.0386790558695793,-0.0583081394433975,-0.179087117314339,-5.31488227844238,7.71478796005249,-0.0629727840423584,-0.0126996440812945,0.171542882919312,0.898719966411591,-10.3009023666382,0.0502709746360779,0.10379384458065,-0.655094683170319,-0.139461725950241,-0.279330283403397,-9.75903511047363,1.8434886932373,0.137010619044304,0.253884494304657,-0.0314691476523876,16.699057352,5.45339142149999,-1.8691355415,-0.780672576017575,-0.829844527600802,1.63413226332249
-40.3213500976563,-2.288818359375,-363.616943359375,-44.9371337890625,-6.0272216796875,-385.284423828125,0.56756067276001,-9.63844585418701,1.50093305110931,0.170439392328262,-0.0392102971673012,-0.0600450113415718,-0.176639154553413,-5.33158016204834,7.70938634872437,-0.0632383972406387,-0.00901515409350395,0.173606216907501,0.906268775463104,-10.3032846450806,0.0390401482582092,0.104131430387497,-0.654650807380676,-0.140468537807465,-0.283829510211945,-9.75811386108398,1.83271670341492,0.13922643661499,0.253450065851212,-0.0305565726011992,16.74745659,5.4796245,-1.8763827,-0.779831531164219,-0.829769187493093,1.63947361488212
-40.283203125,-2.288818359375,-363.922119140625,-44.7845458984375,-5.8746337890625,-385.284423828125,0.586490571498871,-9.63299465179443,1.49075865745544,0.167681977152824,-0.039741538465023,-0.0617818832397461,-0.174191176891327,-5.3482780456543,7.7039852142334,-0.0635040178894997,-0.00533066364005208,0.175669550895691,0.913817524909973,-10.3056678771973,0.0278093162924051,0.104469023644924,-0.654206931591034,-0.141475349664688,-0.28832870721817,-9.75719261169434,1.82194483280182,0.141442254185677,0.253015637397766,-0.0296439975500107,16.747457894,5.479625059,-1.8763795795,-0.778945458935574,-0.829504883591554,1.64585292813278
-40.283203125,-2.17437744140625,-363.46435546875,-44.7845458984375,-5.8746337890625,-385.1318359375,0.605420470237732,-9.62754249572754,1.48058438301086,0.164924576878548,-0.0402727760374546,-0.0635187551379204,-0.171743214130402,-5.36497592926025,7.69858360290527,-0.0637696385383606,-0.00164617330301553,0.177732869982719,0.921366333961487,-10.3080501556396,0.0165784880518913,0.104806616902351,-0.653763055801392,-0.142482161521912,-0.292827934026718,-9.75627136230469,1.81117296218872,0.143658086657524,0.252581238746643,-0.0287314224988222,16.747459198,5.479625618,-1.876376459,-0.778059386706931,-0.829240579690015,1.65223224138343
-40.283203125,-2.0599365234375,-363.006591796875,-44.7845458984375,-5.8746337890625,-384.979248046875,0.624350368976593,-9.62209129333496,1.47040998935699,0.162167176604271,-0.0408040173351765,-0.0652556270360947,-0.169295236468315,-5.38167381286621,7.69318246841431,-0.0640352591872215,0.00203831680119038,0.179796203970909,0.928915143013,-10.3104333877563,0.00534765748307109,0.105144210159779,-0.653319180011749,-0.143488973379135,-0.297327160835266,-9.75535011291504,1.80040097236633,0.14587390422821,0.252146810293198,-0.0278188493102789,16.747460502,5.479626177,-1.8763733385,-0.777173314478286,-0.828976275788477,1.65861155463409
-40.0924682617188,-1.983642578125,-362.701416015625,-45.013427734375,-5.83648681640625,-384.902954101563,0.643280267715454,-9.61664009094238,1.46023571491241,0.159409761428833,-0.0413352586328983,-0.066992498934269,-0.16684727370739,-5.39837169647217,7.68778085708618,-0.0643008798360825,0.00572280725464225,0.181859537959099,0.936463892459869,-10.3128156661987,-0.00588317215442657,0.105481803417206,-0.652875363826752,-0.144495785236359,-0.301826387643814,-9.75442886352539,1.78962910175323,0.148089736700058,0.251712411642075,-0.0269062742590904,16.747461806,5.479626736,-1.876370218,-0.776287242249643,-0.828711971886938,1.66499086788474
-39.9017333984375,-1.9073486328125,-362.396240234375,-45.2423095703125,-5.79833984375,-384.82666015625,0.662210166454315,-9.6111888885498,1.45006132125854,0.156652361154556,-0.0418664999306202,-0.0687293708324432,-0.164399310946465,-5.41506958007813,7.68237924575806,-0.0645665004849434,0.00940729770809412,0.183922871947289,0.944012701511383,-10.3151979446411,-0.0171140022575855,0.105819396674633,-0.652431488037109,-0.145502597093582,-0.30632558465004,-9.75350761413574,1.77885723114014,0.150305554270744,0.251277983188629,-0.025993699207902,16.74746311,5.479627295,-1.8763670975,-0.775401170020998,-0.8284476679854,1.67137018113539
-39.97802734375,-1.79290771484375,-362.85400390625,-45.0515747070313,-5.8746337890625,-384.82666015625,0.681140065193176,-9.60573768615723,1.43988692760468,0.15389496088028,-0.0423977412283421,-0.0704662427306175,-0.161951333284378,-5.43176794052124,7.67697811126709,-0.0648321211338043,0.0130917876958847,0.185986205935478,0.951561510562897,-10.3175811767578,-0.0283448323607445,0.10615698993206,-0.651987612247467,-0.146509423851967,-0.310824811458588,-9.75258541107178,1.76808524131775,0.152521371841431,0.250843554735184,-0.0250811260193586,16.747464414,5.479627854,-1.876363977,-0.774515097792354,-0.828183364083861,1.67774949438605
-40.0543212890625,-1.678466796875,-363.311767578125,-44.86083984375,-5.950927734375,-384.82666015625,0.700069963932037,-9.60028553009033,1.4297126531601,0.151137545704842,-0.0429289788007736,-0.0722031146287918,-0.159503370523453,-5.4484658241272,7.67157649993896,-0.0650977417826653,0.0167762786149979,0.188049525022507,0.959110260009766,-10.3199634552002,-0.0395756624639034,0.106494583189487,-0.651543736457825,-0.14751623570919,-0.315324038267136,-9.75166416168213,1.75731337070465,0.154737204313278,0.250409156084061,-0.0241685509681702,16.747465718,5.479628413,-1.8763608565,-0.77362902556371,-0.827919060182323,1.6841288076367
-40.0543212890625,-1.64031982421875,-363.388061523438,-44.9752807617188,-5.950927734375,-384.902954101563,0.718999862670898,-9.59483432769775,1.41953825950623,0.148380145430565,-0.0434602200984955,-0.0739399865269661,-0.157055392861366,-5.46516370773315,7.666175365448,-0.0653633624315262,0.0204607676714659,0.190112859010696,0.966659069061279,-10.3223466873169,-0.0508064925670624,0.106832176446915,-0.651099860668182,-0.148523047566414,-0.319823265075684,-9.75074291229248,1.74654150009155,0.156953021883965,0.249974742531776,-0.0232559759169817,16.747467022,5.479628972,-1.876357736,-0.772742953335065,-0.827654756280784,1.69050812088736
-40.0543212890625,-1.6021728515625,-363.46435546875,-45.0897216796875,-5.950927734375,-384.979248046875,0.73508632183075,-9.58853054046631,1.41030669212341,0.145090252161026,-0.0423017591238022,-0.0760371387004852,-0.155775502324104,-5.4755711555481,7.66040372848511,-0.0652099847793579,0.0241893529891968,0.192187309265137,0.972571194171906,-10.3213014602661,-0.0634905993938446,0.106349766254425,-0.64996325969696,-0.149356335401535,-0.322969198226929,-9.74955749511719,1.73998165130615,0.158489778637886,0.249943464994431,-0.0220867954194546,16.747468326,5.479629531,-1.8763546155,-0.771856881106422,-0.827390452379246,1.69688743413801
-40.1687622070313,-1.64031982421875,-363.1591796875,-44.86083984375,-6.06536865234375,-384.902954101563,0.748329222202301,-9.58137512207031,1.40201783180237,0.141267880797386,-0.0394535921514034,-0.0784945636987686,-0.155663698911667,-5.47968864440918,7.65426206588745,-0.0646376013755798,0.0279620308429003,0.194272860884666,0.976846694946289,-10.3168296813965,-0.0776279866695404,0.105047352612019,-0.648133873939514,-0.150016099214554,-0.324761897325516,-9.74810791015625,1.73763382434845,0.159347474575043,0.250315338373184,-0.0206610094755888,16.74746963,5.47963009,-1.876351495,-0.770970808877777,-0.827126148477707,1.70326674738867
-40.283203125,-1.678466796875,-362.85400390625,-44.6319580078125,-6.1798095703125,-384.82666015625,0.761572122573853,-9.57421970367432,1.39372897148132,0.137445494532585,-0.0366054251790047,-0.0809519961476326,-0.155551880598068,-5.48380613327026,7.64812088012695,-0.064065232872963,0.0317347086966038,0.196358412504196,0.981122195720673,-10.3123569488525,-0.0917653664946556,0.103744946420193,-0.646304547786713,-0.150675863027573,-0.326554596424103,-9.74665832519531,1.73528599739075,0.160205170512199,0.250687211751938,-0.0192352216690779,16.747470934,5.479630649,-1.8763483745,-0.770084736649133,-0.826861844576168,1.70964606063933
-40.2450561523438,-1.48773193359375,-362.930297851563,-44.708251953125,-5.91278076171875,-384.750366210938,0.774815022945404,-9.56706428527832,1.38543999195099,0.133623123168945,-0.0337572582066059,-0.083409421145916,-0.155440077185631,-5.48792314529419,7.6419792175293,-0.0634928494691849,0.0355073884129524,0.198443964123726,0.985397696495056,-10.3078851699829,-0.105902753770351,0.102442532777786,-0.644475162029266,-0.151335626840591,-0.32834729552269,-9.74520874023438,1.73293817043304,0.161062866449356,0.251059085130692,-0.0178094338625669,16.747472238,5.479631208,-1.876345254,-0.769198664420489,-0.82659754067463,1.71602537388998
-40.2069091796875,-1.2969970703125,-363.006591796875,-44.7845458984375,-5.645751953125,-384.674072265625,0.788057923316956,-9.55990886688232,1.37715113162994,0.129800751805305,-0.030909089371562,-0.0858668461441994,-0.155328273773193,-5.49204063415527,7.63583755493164,-0.062920480966568,0.0392800644040108,0.200529515743256,0.98967319726944,-10.303412437439,-0.120040141046047,0.10114011913538,-0.64264577627182,-0.15199539065361,-0.330139994621277,-9.74375915527344,1.73059034347534,0.161920547485352,0.251430958509445,-0.0163836479187012,16.747473542,5.479631767,-1.8763421335,-0.768312592191845,-0.826333236773091,1.72240468714063
-40.1687622070313,-1.18255615234375,-362.930297851563,-44.86083984375,-5.76019287109375,-384.902954101563,0.801300823688507,-9.55275344848633,1.3688622713089,0.125978365540504,-0.0280609223991632,-0.0883242785930634,-0.155216455459595,-5.49615812301636,7.62969636917114,-0.0623481012880802,0.0430527441203594,0.202615067362785,0.993948698043823,-10.2989406585693,-0.134177520871162,0.0998377129435539,-0.640816450119019,-0.152655154466629,-0.331932663917542,-9.7423095703125,1.72824251651764,0.162778243422508,0.251802831888199,-0.0149578601121902,16.747474846,5.479632326,-1.876339013,-0.767426519963201,-0.826068932871553,1.72878400039129
-40.130615234375,-1.068115234375,-362.85400390625,-44.9371337890625,-5.8746337890625,-385.1318359375,0.814543724060059,-9.54559803009033,1.36057341098785,0.122155994176865,-0.0252127554267645,-0.0907817035913467,-0.155104652047157,-5.50027513504028,7.62355470657349,-0.0617757253348827,0.0468254238367081,0.204700618982315,0.998224198818207,-10.2944679260254,-0.148314908146858,0.0985352993011475,-0.638987064361572,-0.153314918279648,-0.333725363016129,-9.74085998535156,1.72589468955994,0.163635939359665,0.252174705266953,-0.0135320732370019,16.74747615,5.479632885,-1.8763358925,-0.766540447734557,-0.825804628970014,1.73516331364194
-40.283203125,-1.33514404296875,-362.85400390625,-45.013427734375,-5.645751953125,-384.82666015625,0.82778662443161,-9.53844261169434,1.35228455066681,0.118333615362644,-0.0223645903170109,-0.0932391285896301,-0.154992833733559,-5.50439262390137,7.61741304397583,-0.0612033493816853,0.0505980998277664,0.206786170601845,1.00249969959259,-10.2899961471558,-0.162452295422554,0.0972328931093216,-0.637157678604126,-0.153974696993828,-0.335518062114716,-9.73941040039063,1.72354686260223,0.164493635296822,0.252546578645706,-0.0121062863618135,16.747477454,5.479633444,-1.876332772,-0.765654375505912,-0.825540325068475,1.7415426268926
-40.435791015625,-1.6021728515625,-362.85400390625,-45.0897216796875,-5.4168701171875,-384.521484375,0.841029524803162,-9.53128719329834,1.34399569034576,0.114511236548424,-0.0195164233446121,-0.0956965610384941,-0.154881030321121,-5.50851011276245,7.61127185821533,-0.0606309734284878,0.0543707795441151,0.208871722221375,1.00677525997162,-10.2855234146118,-0.17658968269825,0.0959304794669151,-0.635328352451324,-0.154634460806847,-0.337310761213303,-9.73796081542969,1.72119903564453,0.165351316332817,0.25291845202446,-0.0106804985553026,16.747478758,5.479634003,-1.8763296515,-0.764768303277269,-0.825276021166937,1.74792194014325
-40.5502319335938,-1.7547607421875,-362.701416015625,-44.9752807617188,-5.53131103515625,-384.674072265625,0.854272425174713,-9.52413177490234,1.33570683002472,0.110688857734203,-0.0166682563722134,-0.0981539860367775,-0.154769226908684,-5.51262712478638,7.60513019561768,-0.0600585974752903,0.0581434555351734,0.210957273840904,1.01105070114136,-10.2810516357422,-0.190727069973946,0.0946280658245087,-0.633498966693878,-0.155294224619865,-0.33910346031189,-9.73651123046875,1.71885132789612,0.166209012269974,0.253290325403214,-0.00925471168011427,16.747480062,5.479634562,-1.876326531,-0.763882231048624,-0.825011717265398,1.75430125339391
-40.6646728515625,-1.9073486328125,-362.548828125,-44.86083984375,-5.645751953125,-384.82666015625,0.867515325546265,-9.51697635650635,1.32741785049438,0.106866478919983,-0.0138200893998146,-0.100611411035061,-0.154657408595085,-5.51674461364746,7.59898853302002,-0.0594862215220928,0.0619161352515221,0.213042825460434,1.01532626152039,-10.2765789031982,-0.20486444234848,0.0933256596326828,-0.631669580936432,-0.155953988432884,-0.340896159410477,-9.73506164550781,1.71650350093842,0.16706670820713,0.253662198781967,-0.00782892480492592,16.747481366,5.479635121,-1.8763234105,-0.76299615881998,-0.82474741336386,1.76068056664456
-40.4739379882813,-1.79290771484375,-362.548828125,-44.6319580078125,-5.4168701171875,-384.82666015625,0.880758225917816,-9.50982093811035,1.31912899017334,0.103044107556343,-0.0109719224274158,-0.103068836033344,-0.154545605182648,-5.52086210250854,7.59284687042236,-0.0589138455688953,0.0656888112425804,0.215128377079964,1.01960170269012,-10.2721071243286,-0.219001829624176,0.0920232459902763,-0.629840195178986,-0.156613752245903,-0.342688828706741,-9.73361206054688,1.71415567398071,0.167924404144287,0.254034072160721,-0.00640313746407628,16.74748267,5.47963568,-1.87632029,-0.762110086591336,-0.824483109462321,1.76705987989522
-40.283203125,-1.678466796875,-362.548828125,-44.403076171875,-5.18798828125,-384.82666015625,0.894001126289368,-9.50266551971436,1.31084012985229,0.0992217287421227,-0.00812375545501709,-0.105526268482208,-0.154433786869049,-5.52497911453247,7.58670568466187,-0.0583414696156979,0.0694614946842194,0.217213928699493,1.02387726306915,-10.2676343917847,-0.233139216899872,0.0907208397984505,-0.628010869026184,-0.157273516058922,-0.344481527805328,-9.73216247558594,1.71180784702301,0.168782085180283,0.254405945539474,-0.00497735058888793,16.747483059,5.4796358325,-1.8763225115,-0.762381005858879,-0.824708041711097,1.77393245872052
-40.3594970703125,-1.7547607421875,-362.319946289063,-44.5175170898438,-5.1116943359375,-384.82666015625,0.907244026660919,-9.49551010131836,1.30255126953125,0.0953993499279022,-0.00527558848261833,-0.107983693480492,-0.154321983456612,-5.52909660339355,7.58056402206421,-0.0577690936625004,0.0732341706752777,0.219299480319023,1.02815270423889,-10.263162612915,-0.247276604175568,0.089418426156044,-0.626181483268738,-0.157933279871941,-0.346274226903915,-9.730712890625,1.70946002006531,0.169639781117439,0.254777818918228,-0.00355156324803829,16.747483448,5.479635985,-1.876324733,-0.762651925126422,-0.824932973959873,1.78080503754581
-40.435791015625,-1.8310546875,-362.091064453125,-44.6319580078125,-5.035400390625,-384.82666015625,0.907726168632507,-9.49427604675293,1.29967510700226,0.0922306627035141,-0.00124834547750652,-0.110767632722855,-0.17230698466301,-5.5143461227417,7.57910680770874,-0.0572241246700287,0.0772794112563133,0.220862403512001,1.03388953208923,-10.2520437240601,-0.262366563081741,0.0871974527835846,-0.622635841369629,-0.158120080828667,-0.345422238111496,-9.72647571563721,1.7130184173584,0.169096544384956,0.255572974681854,-0.00223627779632807,16.747483837,5.4796361375,-1.8763269545,-0.762922844393965,-0.82515790620865,1.78767761637111
-40.2069091796875,-1.79290771484375,-361.862182617188,-44.6319580078125,-4.99725341796875,-384.674072265625,0.908208310604095,-9.4930419921875,1.29679882526398,0.0890619680285454,0.0027788975276053,-0.113551571965218,-0.190291985869408,-5.49959564208984,7.57764911651611,-0.056679155677557,0.0813246443867683,0.222425326704979,1.03962624073029,-10.2409248352051,-0.277456521987915,0.0849764794111252,-0.619090139865875,-0.158306881785393,-0.344570219516754,-9.72223854064941,1.71657693386078,0.168553322553635,0.256368160247803,-0.0009209921117872,16.747484226,5.47963629,-1.876329176,-0.763193763661508,-0.825382838457426,1.7945501951964
-39.97802734375,-1.7547607421875,-361.63330078125,-44.6319580078125,-4.9591064453125,-384.521484375,0.908690452575684,-9.49180889129639,1.29392266273499,0.0858932808041573,0.00680614076554775,-0.116335511207581,-0.208276987075806,-5.48484516143799,7.57619190216064,-0.0561341866850853,0.085369884967804,0.223988249897957,1.04536306858063,-10.2298059463501,-0.292546480894089,0.0827554985880852,-0.615544497966766,-0.158493682742119,-0.343718230724335,-9.71800231933594,1.72013533115387,0.168010085821152,0.257163316011429,0.000394293427234516,16.747484615,5.4796364425,-1.8763313975,-0.763464682929051,-0.825607770706202,1.8014227740217
-40.3594970703125,-1.86920166015625,-361.785888671875,-44.6319580078125,-4.9591064453125,-384.368896484375,0.909172594547272,-9.49057483673096,1.2910463809967,0.0827245935797691,0.0108333835378289,-0.119119450449944,-0.226261988282204,-5.47009515762329,7.57473421096802,-0.0555892176926136,0.0894151255488396,0.225551173090935,1.05109977722168,-10.2186870574951,-0.307636439800262,0.0805345252156258,-0.611998856067657,-0.158680498600006,-0.342866212129593,-9.71376514434814,1.72369372844696,0.16746686398983,0.257958471775055,0.00170957902446389,16.747485004,5.479636595,-1.876333619,-0.763735602196594,-0.825832702954978,1.808295352847
-40.740966796875,-1.983642578125,-361.9384765625,-44.6319580078125,-4.9591064453125,-384.21630859375,0.90965473651886,-9.48934078216553,1.28817021846771,0.0795558989048004,0.0148606263101101,-0.121903389692307,-0.244246989488602,-5.45534467697144,7.57327699661255,-0.0550442524254322,0.0934603586792946,0.227114096283913,1.05683660507202,-10.2075691223145,-0.322726398706436,0.0783135518431664,-0.608453214168549,-0.158867299556732,-0.342014223337173,-9.70952796936035,1.72725224494934,0.166923627257347,0.258753627538681,0.00302486447617412,16.747485393,5.4796367475,-1.8763358405,-0.764006521464137,-0.826057635203754,1.8151679316723
-40.6265258789063,-1.9073486328125,-361.9384765625,-44.6701049804688,-4.76837158203125,-384.21630859375,0.910136878490448,-9.4881067276001,1.28529405593872,0.0763872116804123,0.0188878700137138,-0.124687328934669,-0.262231975793839,-5.44059419631958,7.57181930541992,-0.0544992834329605,0.0975055992603302,0.228677019476891,1.06257331371307,-10.1964502334595,-0.33781635761261,0.0760925784707069,-0.604907512664795,-0.159054100513458,-0.341162204742432,-9.70529079437256,1.73081064224243,0.166380405426025,0.25954881310463,0.00434014992788434,16.747485782,5.4796369,-1.876338062,-0.76427744073168,-0.82628256745253,1.82204051049759
-40.5120849609375,-1.8310546875,-361.9384765625,-44.708251953125,-4.57763671875,-384.21630859375,0.910619020462036,-9.48687362670898,1.28241777420044,0.0732185244560242,0.0229151118546724,-0.127471268177032,-0.280216991901398,-5.42584371566772,7.57036209106445,-0.0539543144404888,0.101550839841366,0.23023995757103,1.06831014156342,-10.1853313446045,-0.352906316518784,0.0738715976476669,-0.601361870765686,-0.159240901470184,-0.340310215950012,-9.70105361938477,1.73436915874481,0.165837168693542,0.260343968868256,0.00565543584525585,16.747486171,5.4796370525,-1.8763402835,-0.764548359999223,-0.826507499701306,1.82891308932289
-40.5120849609375,-2.13623046875,-361.862182617188,-44.708251953125,-4.5013427734375,-384.292602539063,0.911101162433624,-9.48563957214355,1.27954161167145,0.0700498297810555,0.0269423555582762,-0.130255207419395,-0.298201978206635,-5.41109323501587,7.56890439987183,-0.0534093454480171,0.105596072971821,0.231802880764008,1.07404685020447,-10.1742124557495,-0.367996275424957,0.0716506242752075,-0.597816228866577,-0.15942770242691,-0.33945819735527,-9.69681644439697,1.7379275560379,0.165293946862221,0.261139124631882,0.00697072129696608,16.74748656,5.479637205,-1.876342505,-0.764819279266766,-0.826732431950082,1.83578566814819
-40.5120849609375,-2.44140625,-361.785888671875,-44.708251953125,-4.425048828125,-384.368896484375,0.911583304405212,-9.48440551757813,1.27666532993317,0.0668811425566673,0.0309695992618799,-0.133039146661758,-0.316186994314194,-5.39634275436401,7.56744718551636,-0.0528643764555454,0.109641313552856,0.233365803956985,1.07978367805481,-10.1630935668945,-0.383086234331131,0.0694296509027481,-0.594270527362823,-0.159614503383636,-0.338606208562851,-9.6925802230835,1.74148595333099,0.164750710129738,0.261934280395508,0.0082860067486763,16.747486949,5.4796373575,-1.8763447265,-0.765090198534309,-0.826957364198858,1.84265824697349
-40.4739379882813,-2.40325927734375,-361.63330078125,-44.8226928710938,-4.46319580078125,-384.368896484375,0.912065446376801,-9.4831714630127,1.27378916740417,0.0637124553322792,0.0349968411028385,-0.135823085904121,-0.334171980619431,-5.38159227371216,7.56598997116089,-0.0523194074630737,0.113686554133892,0.234928727149963,1.08552050590515,-10.1519746780396,-0.398176193237305,0.0672086775302887,-0.590724885463715,-0.159801304340363,-0.337754219770432,-9.6883430480957,1.74504446983337,0.164207473397255,0.262729465961456,0.00960129220038652,16.747487338,5.47963751,-1.876346948,-0.765361117801852,-0.827182296447634,1.84953082579878
-40.435791015625,-2.3651123046875,-361.480712890625,-44.9371337890625,-4.5013427734375,-384.368896484375,0.912547588348389,-9.48193740844727,1.27091300487518,0.0605437643826008,0.0390240848064423,-0.138607025146484,-0.35215699672699,-5.36684226989746,7.56453227996826,-0.051774438470602,0.117731787264347,0.236491650342941,1.0912572145462,-10.1408557891846,-0.413266152143478,0.0649877041578293,-0.587179243564606,-0.15998812019825,-0.33690220117569,-9.68410587310791,1.74860286712646,0.163664251565933,0.263524621725082,0.0109165776520967,16.747487727,5.4796376625,-1.8763491695,-0.765632037069396,-0.827407228696411,1.85640340462408
-40.6646728515625,-2.40325927734375,-361.480712890625,-44.8226928710938,-4.5013427734375,-384.521484375,0.913029730319977,-9.48070430755615,1.2680367231369,0.0573750734329224,0.043051328510046,-0.141390964388847,-0.370141983032227,-5.35209178924561,7.56307506561279,-0.0512294694781303,0.121777027845383,0.238054573535919,1.09699404239655,-10.1297369003296,-0.428356111049652,0.0627667233347893,-0.583633542060852,-0.160174921154976,-0.33605021238327,-9.67986869812012,1.75216126441956,0.16312101483345,0.264319777488708,0.012231863103807,16.747488116,5.479637815,-1.876351391,-0.765902956336938,-0.827632160945187,1.86327598344937
-40.8935546875,-2.44140625,-361.480712890625,-44.708251953125,-4.5013427734375,-384.674072265625,0.913511872291565,-9.47947025299072,1.26516056060791,0.0542063824832439,0.0470785722136497,-0.14417490363121,-0.388126999139786,-5.33734130859375,7.56161737442017,-0.0506845004856586,0.125822260975838,0.239617496728897,1.1027307510376,-10.1186180114746,-0.443446069955826,0.0605457499623299,-0.580087900161743,-0.160361722111702,-0.335198193788528,-9.67563152313232,1.75571978092194,0.162577793002129,0.265114933252335,0.0135471485555172,16.747488505,5.4796379675,-1.8763536125,-0.766173875604481,-0.827857093193963,1.87014856227467
-41.0842895507813,-2.47955322265625,-361.328125,-44.5175170898438,-4.57763671875,-384.368896484375,0.904396414756775,-9.480712890625,1.26096022129059,0.0518632829189301,0.0518109314143658,-0.146316632628441,-0.406087011098862,-5.32015609741211,7.56198358535767,-0.0505709499120712,0.129194855690002,0.240895509719849,1.10824394226074,-10.1058940887451,-0.458343088626862,0.0584657415747643,-0.57512766122818,-0.160281613469124,-0.333652257919312,-9.66938781738281,1.77034258842468,0.161720529198647,0.265702754259109,0.0143791735172272,16.747488894,5.47963812,-1.876355834,-0.766444794872025,-0.828082025442739,1.87702114109997
-41.2750244140625,-2.5177001953125,-361.175537109375,-44.3267822265625,-4.6539306640625,-384.063720703125,0.885683298110962,-9.4844331741333,1.25543570518494,0.0503457710146904,0.0572484098374844,-0.147816151380539,-0.424022018909454,-5.30053663253784,7.56417322158813,-0.0508888140320778,0.131894811987877,0.241888597607613,1.1135333776474,-10.0915641784668,-0.473047196865082,0.0565266944468021,-0.568752825260162,-0.159934610128403,-0.331412345170975,-9.66113758087158,1.79602980613708,0.160549238324165,0.266083210706711,0.0147279361262918,16.747489283,5.4796382725,-1.8763580555,-0.766715714139568,-0.828306957691515,1.88389371992527
-41.1224365234375,-2.5177001953125,-361.099243164063,-44.4412231445313,-4.38690185546875,-383.834838867188,0.866970181465149,-9.4881534576416,1.24991118907928,0.048828262835741,0.0626858919858932,-0.149315670132637,-0.441957026720047,-5.28091716766357,7.56636333465576,-0.0512066781520844,0.134594768285751,0.242881700396538,1.11882293224335,-10.0772333145142,-0.487751334905624,0.05458764731884,-0.562377989292145,-0.159587606787682,-0.32917246222496,-9.65288734436035,1.82171702384949,0.159377947449684,0.266463667154312,0.0150766996666789,16.747489672,5.479638425,-1.876360277,-0.766986633407111,-0.828531889940291,1.89076629875056
-40.9698486328125,-2.5177001953125,-361.02294921875,-44.5556640625,-4.119873046875,-383.60595703125,0.848257064819336,-9.4918737411499,1.24438667297363,0.0473107509315014,0.0681233704090118,-0.150815173983574,-0.45989203453064,-5.26129770278931,7.56855297088623,-0.0515245422720909,0.137294724583626,0.243874788284302,1.12411236763,-10.0629034042358,-0.502455472946167,0.0526486001908779,-0.556003153324127,-0.15924060344696,-0.326932549476624,-9.64463710784912,1.8474041223526,0.158206641674042,0.266844093799591,0.0154254622757435,16.747490061,5.4796385775,-1.8763624985,-0.767257552674654,-0.828756822189067,1.89763887757586
-41.1224365234375,-2.5177001953125,-361.251831054688,-44.4793701171875,-4.119873046875,-383.682250976563,0.829543948173523,-9.4955940246582,1.23886215686798,0.0457932390272617,0.0735608488321304,-0.152314692735672,-0.477827042341232,-5.24167776107788,7.5707426071167,-0.0518424063920975,0.1399946808815,0.244867876172066,1.12940192222595,-10.0485734939575,-0.517159581184387,0.0507095530629158,-0.54962831735611,-0.158893600106239,-0.324692636728287,-9.63638687133789,1.873091340065,0.157035350799561,0.267224550247192,0.0157742258161306,16.74749045,5.47963873,-1.87636472,-0.767528471942197,-0.828981754437843,1.90451145640116
-41.2750244140625,-2.5177001953125,-361.480712890625,-44.403076171875,-4.119873046875,-383.758544921875,0.81083083152771,-9.4993143081665,1.23333764076233,0.0442757308483124,0.078998327255249,-0.15381421148777,-0.495762079954147,-5.22205829620361,7.57293224334717,-0.052160270512104,0.142694622278214,0.245860978960991,1.1346914768219,-10.0342435836792,-0.531863689422607,0.0487705059349537,-0.543253481388092,-0.158546581864357,-0.322452753782272,-9.62813663482666,1.8987785577774,0.155864059925079,0.267605006694794,0.0161229893565178,16.7489289575,5.47992738,-1.876677176,-0.76807374545612,-0.829355849955644,1.91102009395414
-41.2368774414063,-2.5177001953125,-361.175537109375,-44.0216064453125,-4.08172607421875,-383.453369140625,0.792117714881897,-9.5030345916748,1.22781312465668,0.0427582189440727,0.0844358056783676,-0.155313715338707,-0.51369708776474,-5.20243883132935,7.57512187957764,-0.0524781346321106,0.145394578576088,0.246854066848755,1.13998091220856,-10.0199136734009,-0.546567797660828,0.0468314588069916,-0.536878645420074,-0.158199578523636,-0.320212841033936,-9.61988639831543,1.92446577548981,0.154692769050598,0.267985463142395,0.0164717528969049,16.750367465,5.48021603,-1.876989632,-0.768619018970044,-0.829729945473445,1.91752873150712
-41.19873046875,-2.5177001953125,-360.870361328125,-43.64013671875,-4.0435791015625,-383.148193359375,0.773404598236084,-9.50675487518311,1.22228860855103,0.0412407070398331,0.0898732841014862,-0.156813234090805,-0.53163206577301,-5.18281936645508,7.57731199264526,-0.0527959950268269,0.148094534873962,0.24784716963768,1.1452704668045,-10.0055828094482,-0.561271905899048,0.0448924116790295,-0.530503869056702,-0.157852575182915,-0.317972958087921,-9.6116361618042,1.95015299320221,0.153521478176117,0.268365919589996,0.0168205145746469,16.7518059725,5.48050468,-1.877302088,-0.769164292483968,-0.830104040991245,1.9240373690601
-41.3131713867188,-2.6702880859375,-361.099243164063,-43.9071655273438,-4.119873046875,-382.99560546875,0.754691481590271,-9.51047515869141,1.21676409244537,0.0397231988608837,0.0953107625246048,-0.158312752842903,-0.549567103385925,-5.16319942474365,7.57950162887573,-0.0531138591468334,0.150794491171837,0.248840257525444,1.15055990219116,-9.99125289916992,-0.575976014137268,0.0429533645510674,-0.524129033088684,-0.157505571842194,-0.315733045339584,-9.60338592529297,1.97584021091461,0.152350187301636,0.268746376037598,0.0171692781150341,16.75324448,5.48079333,-1.877614544,-0.769709565997891,-0.830478136509046,1.93054600661308
-41.4276123046875,-2.8228759765625,-361.328125,-44.1741943359375,-4.1961669921875,-382.843017578125,0.735978364944458,-9.51419544219971,1.21123957633972,0.0382056869566441,0.100748240947723,-0.15981225669384,-0.56750214099884,-5.14357995986938,7.5816912651062,-0.05343172326684,0.153494447469711,0.249833345413208,1.15584945678711,-9.9769229888916,-0.590680122375488,0.0410143174231052,-0.517754197120667,-0.157158568501472,-0.313493132591248,-9.59513568878174,2.00152730941772,0.151178896427155,0.269126832485199,0.0175180416554213,16.7546829875,5.48108198,-1.877927,-0.770254839511815,-0.830852232026847,1.93705464416606
-41.351318359375,-2.86102294921875,-361.251831054688,-44.0597534179688,-3.814697265625,-382.919311523438,0.717265248298645,-9.51791572570801,1.20571506023407,0.0366881750524044,0.106185719370842,-0.161311775445938,-0.585437119007111,-5.12396049499512,7.58388090133667,-0.0537495873868465,0.156194403767586,0.250826448202133,1.16113889217377,-9.96259307861328,-0.605384290218353,0.0390752702951431,-0.511379361152649,-0.156811565160751,-0.311253249645233,-9.58688545227051,2.02721452713013,0.150007590651512,0.269507259130478,0.0178668051958084,16.756121495,5.48137063,-1.878239456,-0.770800113025738,-0.831226327544647,1.94356328171904
-41.2750244140625,-2.899169921875,-361.175537109375,-43.9453125,-3.4332275390625,-382.99560546875,0.698552131652832,-9.52163600921631,1.20019054412842,0.0351706631481647,0.111623197793961,-0.162811294198036,-0.603372156620026,-5.10434103012085,7.5860710144043,-0.0540674515068531,0.158894345164299,0.251819550991058,1.16642844676971,-9.94826221466064,-0.620088398456573,0.037136223167181,-0.505004525184631,-0.156464546918869,-0.309013336896896,-9.57863521575928,2.05290174484253,0.148836299777031,0.269887715578079,0.0182155668735504,16.7575600025,5.48165928,-1.878551912,-0.771345386539662,-0.831600423062448,1.95007191927202
-41.4657592773438,-3.0517578125,-361.02294921875,-44.0597534179688,-3.2806396484375,-382.843017578125,0.679839015007019,-9.52535629272461,1.19466602802277,0.0336531549692154,0.117060676217079,-0.164310798048973,-0.621307134628296,-5.08472108840942,7.58826065063477,-0.0543853156268597,0.161594301462173,0.252812623977661,1.17171788215637,-9.93393230438232,-0.634792506694794,0.0351971760392189,-0.498629689216614,-0.156117543578148,-0.306773453950882,-9.57038497924805,2.07858896255493,0.14766500890255,0.270268172025681,0.0185643304139376,16.75899851,5.48194793,-1.878864368,-0.771890660053586,-0.831974518580249,1.956580556825
-41.656494140625,-3.204345703125,-360.870361328125,-44.1741943359375,-3.1280517578125,-382.6904296875,0.661125898361206,-9.52907657623291,1.18914151191711,0.0321356430649757,0.122498154640198,-0.165810316801071,-0.639242172241211,-5.06510162353516,7.59045028686523,-0.0547031797468662,0.164294257760048,0.253805726766586,1.17700743675232,-9.919602394104,-0.649496614933014,0.0332581289112568,-0.492254853248596,-0.155770540237427,-0.304533541202545,-9.56213474273682,2.10427618026733,0.146493718028069,0.270648628473282,0.0189130939543247,16.7604370175,5.48223658,-1.879176824,-0.772435933567509,-0.832348614098049,1.96308919437798
-41.7327880859375,-3.1280517578125,-361.099243164063,-43.9834594726563,-3.16619873046875,-382.308959960938,0.644558608531952,-9.54107856750488,1.19252991676331,0.0328570380806923,0.127905935049057,-0.166183948516846,-0.66678112745285,-5.06029319763184,7.59602499008179,-0.0553766787052155,0.164025336503983,0.253091186285019,1.18197321891785,-9.9071683883667,-0.66349196434021,0.0328441821038723,-0.483760684728622,-0.155054196715355,-0.304514139890671,-9.55154418945313,2.12689280509949,0.146205753087997,0.270702630281448,0.0189919266849756,16.761875525,5.48252523,-1.87948928,-0.772981207081433,-0.83272270961585,1.96959783193097
-41.80908203125,-3.0517578125,-361.328125,-43.792724609375,-3.204345703125,-381.927490234375,0.627991378307343,-9.55307960510254,1.1959183216095,0.0335784330964088,0.133313715457916,-0.166557595133781,-0.69432008266449,-5.05548429489136,7.6016001701355,-0.0560501776635647,0.163756400346756,0.252376616001129,1.18693912029266,-9.89473438262939,-0.677487313747406,0.0324302390217781,-0.475266546010971,-0.154337868094444,-0.304494738578796,-9.54095268249512,2.14950942993164,0.145917788147926,0.270756602287292,0.0190707594156265,16.7633140325,5.48281388,-1.879801736,-0.773526480595357,-0.833096805133651,1.97610646948395
-41.9235229492188,-3.204345703125,-361.480712890625,-43.7545776367188,-2.9754638671875,-381.927490234375,0.611424088478088,-9.56508159637451,1.19930672645569,0.0342998281121254,0.138721495866776,-0.166931226849556,-0.721858978271484,-5.05067586898804,7.60717487335205,-0.0567236803472042,0.163487479090691,0.251662075519562,1.19190490245819,-9.88230037689209,-0.691482603549957,0.0320162922143936,-0.466772377490997,-0.153621524572372,-0.3044753074646,-9.53036212921143,2.17212605476379,0.145629838109016,0.270810604095459,0.0191495921462774,16.76475254,5.48310253,-1.880114192,-0.77407175410928,-0.833470900651451,1.98261510703693
-42.0379638671875,-3.35693359375,-361.63330078125,-43.7164306640625,-2.74658203125,-381.927490234375,0.594856858253479,-9.57708263397217,1.20269513130188,0.0350212268531322,0.144129276275635,-0.167304858565331,-0.749397933483124,-5.04586744308472,7.6127495765686,-0.0573971793055534,0.163218557834625,0.250947505235672,1.19687068462372,-9.86986637115479,-0.705477952957153,0.0316023454070091,-0.458278238773346,-0.152905181050301,-0.304455906152725,-9.51977157592773,2.19474267959595,0.145341873168945,0.270864605903625,0.0192284248769283,16.7661910475,5.48339118,-1.880426648,-0.774617027623204,-0.833844996169252,1.98912374458991
-42.0379638671875,-3.16619873046875,-361.862182617188,-43.7545776367188,-2.6702880859375,-382.080078125,0.578289568424225,-9.58908462524414,1.20608353614807,0.0357426218688488,0.149537056684494,-0.167678505182266,-0.776936888694763,-5.0410590171814,7.61832475662231,-0.0580706782639027,0.162949621677399,0.250232964754105,1.20183658599854,-9.85743236541748,-0.719473302364349,0.0311884023249149,-0.449784070253372,-0.15218885242939,-0.304436504840851,-9.50918006896973,2.21735906600952,0.145053908228874,0.270918607711792,0.0193072576075792,16.767629555,5.48367983,-1.880739104,-0.775162301137127,-0.834219091687052,1.99563238214289
-42.0379638671875,-2.9754638671875,-362.091064453125,-43.792724609375,-2.593994140625,-382.232666015625,0.561722338199615,-9.60108661651611,1.20947194099426,0.0364640168845654,0.154944837093353,-0.168052136898041,-0.804475843906403,-5.03625011444092,7.62389945983887,-0.0587441772222519,0.162680700421333,0.249518409371376,1.20680236816406,-9.84499835968018,-0.733468651771545,0.0307744555175304,-0.441289901733398,-0.151472508907318,-0.304417103528976,-9.49858951568604,2.23997569084167,0.144765943288803,0.270972579717636,0.0193860903382301,16.7690680625,5.48396848,-1.88105156,-0.775707574651051,-0.834593187204853,2.00214101969587
-42.1524047851563,-3.01361083984375,-362.24365234375,-43.8308715820313,-2.55584716796875,-381.77490234375,0.545155048370361,-9.61308765411377,1.21286046504974,0.0371854119002819,0.160352602601051,-0.168425783514977,-0.832014799118042,-5.0314416885376,7.62947416305542,-0.0594176761806011,0.162411779165268,0.248803853988647,1.21176826953888,-9.83256530761719,-0.747464001178741,0.0303605105727911,-0.432795763015747,-0.150756165385246,-0.304397702217102,-9.48799896240234,2.26259231567383,0.144477978348732,0.271026581525803,0.019464923068881,16.77050657,5.48425713,-1.881364016,-0.776252848164975,-0.834967282722654,2.00864965724885
-42.266845703125,-3.0517578125,-362.396240234375,-43.8690185546875,-2.5177001953125,-381.317138671875,0.528587818145752,-9.62508964538574,1.21624886989594,0.0379068069159985,0.165760383009911,-0.168799415230751,-0.859553754329681,-5.02663326263428,7.63504934310913,-0.0600911751389503,0.162142843008041,0.248089298605919,1.21673405170441,-9.82013130187988,-0.761459350585938,0.0299465656280518,-0.424301594495773,-0.150039836764336,-0.304378300905228,-9.47740745544434,2.28520894050598,0.144190013408661,0.271080583333969,0.0195437557995319,16.7719450775,5.48454578,-1.881676472,-0.776798121678898,-0.835341378240454,2.01515829480183
-42.1524047851563,-2.9754638671875,-362.625122070313,-43.8308715820313,-2.5177001953125,-381.4697265625,0.512020528316498,-9.6370906829834,1.21963727474213,0.038628201931715,0.17116816341877,-0.169173046946526,-0.887092649936676,-5.0218243598938,7.64062404632568,-0.0607646778225899,0.161873921751976,0.247374758124352,1.22169983386993,-9.80769729614258,-0.775454640388489,0.0295326206833124,-0.415807455778122,-0.149323493242264,-0.304358869791031,-9.46681690216064,2.30782556533813,0.143902063369751,0.271134555339813,0.0196225885301828,16.773383585,5.48483443,-1.881988928,-0.777343395192822,-0.835715473758255,2.02166693235481
-42.0379638671875,-2.899169921875,-362.85400390625,-43.792724609375,-2.5177001953125,-381.622314453125,0.495453298091888,-9.64909267425537,1.22302567958832,0.0393495969474316,0.176575943827629,-0.169546693563461,-0.914631605148315,-5.01701593399048,7.64619874954224,-0.0614381767809391,0.161605000495911,0.246660202741623,1.22666573524475,-9.79526329040527,-0.789449989795685,0.0291186738759279,-0.407313287258148,-0.148607149720192,-0.304339468479156,-9.45622634887695,2.33044219017029,0.14361409842968,0.27118855714798,0.0197014212608337,16.7748220925,5.48512308,-1.882301384,-0.777888668706745,-0.836089569276056,2.02817556990779
-42.266845703125,-2.899169921875,-362.85400390625,-43.7164306640625,-2.47955322265625,-381.16455078125,0.478886038064957,-9.66109466552734,1.22641408443451,0.0400709956884384,0.181983724236488,-0.169920325279236,-0.942170560359955,-5.01220750808716,7.65177392959595,-0.0621116757392883,0.161336064338684,0.245945647358894,1.23163151741028,-9.78282928466797,-0.803445339202881,0.0287047289311886,-0.398819118738174,-0.147890821099281,-0.304320067167282,-9.44563484191895,2.35305881500244,0.143326133489609,0.271242558956146,0.0197802539914846,16.7762606,5.48541173,-1.88261384,-0.778433942220669,-0.836463664793856,2.03468420746077
-42.4957275390625,-2.899169921875,-362.85400390625,-43.64013671875,-2.44140625,-380.706787109375,0.462318778038025,-9.673095703125,1.2298024892807,0.040792390704155,0.187391504645348,-0.17029395699501,-0.969709515571594,-5.00739860534668,7.6573486328125,-0.0627851784229279,0.161067143082619,0.245231091976166,1.23659729957581,-9.77039527893066,-0.817440688610077,0.0282907839864492,-0.390324980020523,-0.147174477577209,-0.304300665855408,-9.43504428863525,2.37567543983459,0.143038168549538,0.27129653096199,0.0198590867221355,16.776262569,5.485411664,-1.8826177145,-0.778686299751188,-0.836733331981744,2.03980479217631
-42.4575805664063,-2.74658203125,-363.1591796875,-43.6782836914063,-2.25067138671875,-380.55419921875,0.445751518011093,-9.68509769439697,1.23319089412689,0.0415137857198715,0.192799285054207,-0.170667603611946,-0.997248470783234,-5.00259017944336,7.66292333602905,-0.0634586736559868,0.160798221826553,0.244516536593437,1.24156320095062,-9.75796127319336,-0.831436038017273,0.0278768390417099,-0.381830811500549,-0.146458134055138,-0.304281264543533,-9.42445373535156,2.39829206466675,0.142750203609467,0.271350532770157,0.0199379194527864,16.776264538,5.485411598,-1.882621589,-0.778938657281707,-0.837002999169631,2.04492537689185
-42.41943359375,-2.593994140625,-363.46435546875,-43.7164306640625,-2.0599365234375,-380.401611328125,0.426501572132111,-9.70024490356445,1.21795916557312,0.0421401225030422,0.197292312979698,-0.170598670840263,-1.03096318244934,-5.00274562835693,7.66712379455566,-0.0638459920883179,0.158873856067657,0.242898866534233,1.24557089805603,-9.74780750274658,-0.845623850822449,0.0282173678278923,-0.372430264949799,-0.145584151148796,-0.303941935300827,-9.41598701477051,2.41419410705566,0.142940819263458,0.271681696176529,0.0197734162211418,16.776266507,5.485411532,-1.8826254635,-0.779191014812226,-0.837272666357519,2.05004596160739
-42.6101684570313,-2.44140625,-363.693237304688,-43.6019897460938,-2.09808349609375,-380.172729492188,0.4045689702034,-9.71853828430176,1.18410730361938,0.0426713973283768,0.20087057352066,-0.170087158679962,-1.07085382938385,-5.00786542892456,7.66995000839233,-0.0639471262693405,0.155294060707092,0.240378081798553,1.24862051010132,-9.73993492126465,-0.860004186630249,0.0293123703449965,-0.362123310565948,-0.144552513957024,-0.303282737731934,-9.40964508056641,2.42338180541992,0.14360998570919,0.272290050983429,0.0193655770272017,16.776268476,5.485411466,-1.882629338,-0.779443372342745,-0.837542333545406,2.05516654632293
-42.8009033203125,-2.288818359375,-363.922119140625,-43.487548828125,-2.13623046875,-379.94384765625,0.382636398077011,-9.73683166503906,1.15025556087494,0.0432026758790016,0.204448834061623,-0.169575646519661,-1.11074435710907,-5.01298522949219,7.672776222229,-0.0640482604503632,0.151714265346527,0.237857297062874,1.2516702413559,-9.73206233978271,-0.874384462833405,0.0304073747247458,-0.351816356182098,-0.143520891666412,-0.30262354016304,-9.40330219268799,2.43256950378418,0.144279152154922,0.272898375988007,0.0189577396959066,16.776270445,5.4854114,-1.8826332125,-0.779695729873264,-0.837812000733293,2.06028713103847
-42.9534912109375,-2.47955322265625,-364.303588867188,-43.5256958007813,-2.0599365234375,-379.714965820313,0.3607037961483,-9.75512504577637,1.1164036989212,0.0437339507043362,0.208027109503746,-0.16906413435936,-1.15063500404358,-5.01810455322266,7.67560243606567,-0.0641493946313858,0.148134469985962,0.235336512327194,1.25471985340118,-9.72418975830078,-0.888764798641205,0.0315023772418499,-0.341509401798248,-0.14248925447464,-0.301964342594147,-9.39696025848389,2.44175720214844,0.144948318600655,0.273506700992584,0.0185499005019665,16.776272414,5.485411334,-1.882637087,-0.779948087403783,-0.838081667921181,2.06540771575401
-43.1060791015625,-2.6702880859375,-364.68505859375,-43.5638427734375,-1.983642578125,-379.486083984375,0.338771194219589,-9.77341842651367,1.08255183696747,0.0442652255296707,0.211605370044708,-0.168552622199059,-1.19052565097809,-5.02322435379028,7.67842864990234,-0.0642505288124084,0.144554674625397,0.232815727591515,1.25776946544647,-9.71631717681885,-0.903145134449005,0.0325973816215992,-0.331202447414398,-0.141457617282867,-0.301305145025253,-9.39061832427979,2.4509449005127,0.145617499947548,0.274115055799484,0.0181420631706715,16.776274383,5.485411268,-1.8826409615,-0.780200444934302,-0.838351335109068,2.07052830046955
-43.1060791015625,-2.593994140625,-364.913940429688,-43.6782836914063,-1.8310546875,-379.791259765625,0.316838622093201,-9.79171180725098,1.04870009422302,0.0447965040802956,0.21518363058567,-0.168041124939919,-1.23041617870331,-5.02834415435791,7.68125438690186,-0.0643516629934311,0.140974879264832,0.230294927954674,1.26081919670105,-9.70844459533691,-0.917525410652161,0.0336923860013485,-0.320895493030548,-0.140425994992256,-0.30064594745636,-9.38427639007568,2.46013259887695,0.14628666639328,0.274723380804062,0.0177342239767313,16.776276352,5.485411202,-1.882644836,-0.780452802464821,-0.838621002296955,2.07564888518509
-43.1060791015625,-2.5177001953125,-365.142822265625,-43.792724609375,-1.678466796875,-380.096435546875,0.29490602016449,-9.81000518798828,1.01484823226929,0.0453277789056301,0.218761906027794,-0.167529612779617,-1.27030682563782,-5.03346347808838,7.68408060073853,-0.0644527971744537,0.137395083904266,0.227774143218994,1.26386880874634,-9.70057201385498,-0.931905746459961,0.0347873903810978,-0.310588538646698,-0.139394357800484,-0.299986749887466,-9.37793445587158,2.46932029724121,0.146955832839012,0.27533170580864,0.0173263866454363,16.776278321,5.485411136,-1.8826487105,-0.78070515999534,-0.838890669484843,2.08076946990062
-43.4112548828125,-2.55584716796875,-365.142822265625,-43.7545776367188,-1.6021728515625,-379.94384765625,0.272973418235779,-9.82829761505127,0.980996370315552,0.045859057456255,0.222340166568756,-0.167018100619316,-1.31019735336304,-5.03858327865601,7.6869068145752,-0.0645539313554764,0.13381527364254,0.225253358483315,1.26691842079163,-9.69269943237305,-0.946286082267761,0.0358823910355568,-0.300281584262848,-0.138362720608711,-0.299327552318573,-9.37159156799316,2.47850775718689,0.147624999284744,0.27594006061554,0.0169185474514961,16.77628029,5.48541107,-1.882652585,-0.780957517525859,-0.83916033667273,2.08589005461616
-43.7164306640625,-2.593994140625,-365.142822265625,-43.7164306640625,-1.52587890625,-379.791259765625,0.25104084610939,-9.84659099578857,0.947144567966461,0.0463903322815895,0.225918427109718,-0.166506588459015,-1.35008800029755,-5.04370307922363,7.68973302841187,-0.064655065536499,0.130235478281975,0.222732573747635,1.2699681520462,-9.68482685089111,-0.960666358470917,0.0369773954153061,-0.289974629878998,-0.1373310983181,-0.29866835474968,-9.36524963378906,2.48769545555115,0.148294180631638,0.276548385620117,0.0165107101202011,16.776282259,5.485411004,-1.8826564595,-0.781209875056379,-0.839430003860618,2.0910106393317
-43.8690185546875,-2.40325927734375,-365.524291992188,-43.7164306640625,-1.373291015625,-379.562377929688,0.229108244180679,-9.86488437652588,0.913292765617371,0.0469216071069241,0.229496702551842,-0.165995076298714,-1.38997864723206,-5.0488224029541,7.69255924224854,-0.0647561997175217,0.12665568292141,0.220211789011955,1.27301776409149,-9.67695331573486,-0.975046694278717,0.0380723997950554,-0.279667675495148,-0.136299461126328,-0.298009127378464,-9.35890769958496,2.49688315391541,0.14896334707737,0.277156740427017,0.0161028709262609,16.776284228,5.485410938,-1.882660334,-0.781462232586897,-0.839699671048505,2.09613122404724
-44.0216064453125,-2.2125244140625,-365.90576171875,-43.7164306640625,-1.220703125,-379.33349609375,0.207175642251968,-9.88317775726318,0.879440903663635,0.0474528856575489,0.233074963092804,-0.165483564138412,-1.42986917495728,-5.05394220352173,7.69538545608521,-0.0648573338985443,0.123075887560844,0.217691004276276,1.27606737613678,-9.66908073425293,-0.989427030086517,0.0391674041748047,-0.269360721111298,-0.135267823934555,-0.29734992980957,-9.35256576538086,2.50607085227966,0.149632513523102,0.277765065431595,0.0156950335949659,16.776286197,5.485410872,-1.8826642085,-0.781714590117416,-0.839969338236392,2.10125180876278
-43.9834594726563,-2.17437744140625,-366.058349609375,-43.6782836914063,-1.1444091796875,-379.409790039063,0.185243055224419,-9.90147113800049,0.845589101314545,0.0479841604828835,0.236653223633766,-0.164972066879272,-1.46975982189178,-5.05906200408936,7.69821119308472,-0.064958468079567,0.119496092200279,0.215170204639435,1.27911698818207,-9.661208152771,-1.00380730628967,0.0402624048292637,-0.259053766727448,-0.134236186742783,-0.296690732240677,-9.34622287750244,2.51525855064392,0.150301679968834,0.278373390436172,0.0152871944010258,16.776288166,5.485410806,-1.882668083,-0.781966947647935,-0.840239005424279,2.10637239347832
-43.9453125,-2.13623046875,-366.2109375,-43.64013671875,-1.068115234375,-379.486083984375,0.163310453295708,-9.91976451873779,0.811737239360809,0.0485154390335083,0.24023149907589,-0.164460554718971,-1.509650349617,-5.06418132781982,7.70103740692139,-0.0650596022605896,0.115916296839714,0.212649419903755,1.28216671943665,-9.65333557128906,-1.01818764209747,0.041357409209013,-0.248746827244759,-0.133204564452171,-0.296031534671783,-9.33988094329834,2.52444624900818,0.150970861315727,0.278981745243073,0.0148793561384082,16.776290135,5.48541074,-1.8826719575,-0.782219305178455,-0.840508672612167,2.11149297819386
-44.097900390625,-2.09808349609375,-366.439819335938,-43.6782836914063,-1.1444091796875,-379.257202148438,0.141377866268158,-9.9380578994751,0.777885437011719,0.0490467138588428,0.243809759616852,-0.16394904255867,-1.54954099655151,-5.06930112838745,7.70386362075806,-0.0651607364416122,0.112336501479149,0.210128635168076,1.28521633148193,-9.64546298980713,-1.03256797790527,0.0424524135887623,-0.238439872860909,-0.132172927260399,-0.29537233710289,-9.33353900909424,2.53363394737244,0.151640027761459,0.27959007024765,0.0144715178757906,16.776292104,5.485410674,-1.882675832,-0.782471662708974,-0.840778339800054,2.1166135629094
-44.25048828125,-2.0599365234375,-366.668701171875,-43.7164306640625,-1.220703125,-379.0283203125,0.126017451286316,-9.95291328430176,0.730761170387268,0.0495445393025875,0.246458351612091,-0.162570402026176,-1.5622695684433,-5.08397817611694,7.70727920532227,-0.0648385733366013,0.107757449150085,0.206846877932549,1.28222489356995,-9.64255619049072,-1.04355216026306,0.0434455424547195,-0.231855481863022,-0.131555959582329,-0.293487101793289,-9.33568954467773,2.55006504058838,0.152324676513672,0.281108379364014,0.0141630321741104,16.776294073,5.485410608,-1.8826797065,-0.782724020239493,-0.841048006987942,2.12173414762494
-44.3267822265625,-2.02178955078125,-367.279052734375,-43.9453125,-1.02996826171875,-379.104614257813,0.110657036304474,-9.9677677154541,0.683636903762817,0.0500423647463322,0.249106928706169,-0.161191746592522,-1.57499802112579,-5.09865522384644,7.71069526672363,-0.0645164102315903,0.103178396821022,0.203565120697021,1.27923345565796,-9.6396484375,-1.05453646183014,0.0444386750459671,-0.225271090865135,-0.130938977003098,-0.291601866483688,-9.33784103393555,2.56649589538574,0.153009310364723,0.282626688480377,0.0138545464724302,16.776296042,5.485410542,-1.882683581,-0.782976377770012,-0.841317674175829,2.12685473234048
-44.403076171875,-1.983642578125,-367.889404296875,-44.1741943359375,-0.8392333984375,-379.180908203125,0.0952966287732124,-9.98262310028076,0.636512637138367,0.0505401901900768,0.251755505800247,-0.159813106060028,-1.58772659301758,-5.11333179473877,7.71411085128784,-0.0641942471265793,0.0985993444919586,0.200283363461494,1.27624201774597,-9.63674163818359,-1.06552064418793,0.0454318039119244,-0.218686699867249,-0.130322009325027,-0.289716631174088,-9.33999156951904,2.58292698860168,0.153693959116936,0.284144997596741,0.01354606077075,16.776298011,5.485410476,-1.8826874555,-0.783228735300531,-0.841587341363716,2.13197531705601
-44.7463989257813,-1.7547607421875,-367.965698242188,-44.25048828125,-0.80108642578125,-379.257202148438,0.0799362137913704,-9.99747848510742,0.589388310909271,0.0510380119085312,0.254404097795486,-0.158434450626373,-1.60045516490936,-5.12800884246826,7.71752643585205,-0.0638720765709877,0.0940202921628952,0.197001606225967,1.27325057983398,-9.63383388519287,-1.07650482654572,0.0464249327778816,-0.212102308869362,-0.129705041646957,-0.287831425666809,-9.34214210510254,2.59935784339905,0.154378607869148,0.285663306713104,0.0132375750690699,16.77629998,5.48541041,-1.88269133,-0.78348109283105,-0.841857008551604,2.13709590177155
-45.0897216796875,-1.52587890625,-368.0419921875,-44.3267822265625,-0.762939453125,-379.33349609375,0.0645757988095284,-10.0123329162598,0.542264044284821,0.0515358373522758,0.257052689790726,-0.15705581009388,-1.61318361759186,-5.14268589019775,7.72094249725342,-0.0635499134659767,0.0894412323832512,0.19371984899044,1.270259141922,-9.63092708587646,-1.0874890089035,0.0474180616438389,-0.205517932772636,-0.129088073968887,-0.285946190357208,-9.34429359436035,2.61578893661499,0.1550632417202,0.287181615829468,0.0129290893673897,16.803137254,5.489439492,-1.8867203635,-0.78300853162122,-0.841776925529659,2.13966761056898
-45.0897216796875,-1.56402587890625,-368.34716796875,-44.1360473632813,-0.87738037109375,-379.638671875,0.0492153875529766,-10.0271883010864,0.49513977766037,0.0520336627960205,0.259701281785965,-0.155677169561386,-1.62591218948364,-5.15736293792725,7.72435808181763,-0.0632277503609657,0.0848621800541878,0.190438091754913,1.26726770401001,-9.62801933288574,-1.09847331047058,0.0484111942350864,-0.19893354177475,-0.128471091389656,-0.284060955047607,-9.34644412994385,2.63221979141235,0.155747890472412,0.288699924945831,0.0126206036657095,16.829974528,5.493468574,-1.890749397,-0.782535970411391,-0.841696842507714,2.14223931936641
-45.0897216796875,-1.6021728515625,-368.65234375,-43.9453125,-0.9918212890625,-379.94384765625,0.0338549725711346,-10.0420436859131,0.448015511035919,0.0525314882397652,0.262349843978882,-0.154298514127731,-1.63864076137543,-5.17203950881958,7.72777366638184,-0.0629055872559547,0.0802831277251244,0.187156334519386,1.26427638530731,-9.62511253356934,-1.10945749282837,0.0494043231010437,-0.192349150776863,-0.127854123711586,-0.282175719738007,-9.34859466552734,2.6486508846283,0.156432524323463,0.290218263864517,0.0123121170327067,16.856811802,5.497497656,-1.8947784305,-0.782063409201561,-0.841616759485769,2.14481102816384
-45.3567504882813,-1.25885009765625,-369.186401367188,-44.097900390625,-1.1444091796875,-379.867553710938,0.0184945594519377,-10.0568981170654,0.400891244411469,0.0530293136835098,0.264998435974121,-0.152919873595238,-1.65136921405792,-5.18671655654907,7.7311897277832,-0.0625834241509438,0.0757040753960609,0.183874577283859,1.26128494739532,-9.62220478057861,-1.12044167518616,0.050397451967001,-0.185764759778976,-0.127237156033516,-0.280290484428406,-9.35074615478516,2.66508173942566,0.157117173075676,0.291736572980881,0.0120036313310266,16.883649076,5.501526738,-1.898807464,-0.781590847991732,-0.841536676463824,2.14738273696127
-45.623779296875,-0.91552734375,-369.720458984375,-44.25048828125,-1.2969970703125,-379.791259765625,0.00313414633274078,-10.0717535018921,0.353766947984695,0.0535271391272545,0.26764702796936,-0.151541218161583,-1.66409778594971,-5.20139360427856,7.73460531234741,-0.0622612573206425,0.0711250230669975,0.180592820048332,1.25829350948334,-9.61929798126221,-1.13142597675323,0.0513905808329582,-0.17918036878109,-0.126620173454285,-0.278405249118805,-9.35289669036865,2.6815128326416,0.157801821827888,0.293254882097244,0.0116951456293464,16.91048635,5.50555582,-1.9028364975,-0.781118286781903,-0.841456593441879,2.1499544457587
-45.7382202148438,-0.87738037109375,-369.949340820313,-44.25048828125,-1.10626220703125,-379.791259765625,-0.0122262667864561,-10.0866088867188,0.306642681360245,0.0540249645709991,0.2702956199646,-0.150162577629089,-1.67682635784149,-5.21607065200806,7.73802089691162,-0.0619390942156315,0.0665459707379341,0.177311062812805,1.25530207157135,-9.6163911819458,-1.14241015911102,0.0523837134242058,-0.172595977783203,-0.126003205776215,-0.276520013809204,-9.35504722595215,2.69794368743896,0.15848645567894,0.294773191213608,0.0113866599276662,16.937323624,5.509584902,-1.906865531,-0.780645725572073,-0.841376510419934,2.15252615455613
-45.8526611328125,-0.8392333984375,-370.17822265625,-44.25048828125,-0.91552734375,-379.791259765625,-0.027586679905653,-10.1014633178711,0.259518414735794,0.0545227862894535,0.272944211959839,-0.148783937096596,-1.68955481052399,-5.23074769973755,7.74143695831299,-0.0616169311106205,0.0619669184088707,0.174029305577278,1.25231063365936,-9.61348342895508,-1.15339434146881,0.053376842290163,-0.166011586785316,-0.125386238098145,-0.274634808301926,-9.35719871520996,2.71437478065491,0.159171104431152,0.296291500329971,0.011078174225986,16.964160898,5.513613984,-1.9108945645,-0.780173164362244,-0.841296427397988,2.15509786335355
-45.928955078125,-0.762939453125,-370.4833984375,-44.3649291992188,-0.95367431640625,-379.409790039063,-0.042947094887495,-10.1163187026978,0.212394133210182,0.0550206117331982,0.275592774152756,-0.147405281662941,-1.70228338241577,-5.24542427062988,7.7448525428772,-0.0612947642803192,0.057387862354517,0.170747548341751,1.24931919574738,-9.61057662963867,-1.16437864303589,0.0543699711561203,-0.15942719578743,-0.124769262969494,-0.272749572992325,-9.35934925079346,2.73080563545227,0.159855753183365,0.297809809446335,0.0107696885243058,16.990998172,5.517643066,-1.914923598,-0.779700603152414,-0.841216344376044,2.15766957215098
-46.0052490234375,-0.6866455078125,-370.78857421875,-44.4793701171875,-0.9918212890625,-379.0283203125,-0.0583075061440468,-10.1311740875244,0.16526985168457,0.0555184371769428,0.278241366147995,-0.146026641130447,-1.71501195430756,-5.26010131835938,7.74826812744141,-0.0609726011753082,0.0528088100254536,0.167465791106224,1.24632775783539,-9.60766887664795,-1.17536282539368,0.0553631000220776,-0.152842804789543,-0.124152287840843,-0.270864337682724,-9.36149978637695,2.74723672866821,0.160540387034416,0.299328118562698,0.0104612028226256,17.017835446,5.521672148,-1.9189526315,-0.779228041942585,-0.841136261354098,2.16024128094841
-46.0433959960938,-0.3814697265625,-371.170043945313,-44.5175170898438,-1.18255615234375,-379.486083984375,-0.0693613216280937,-10.1432876586914,0.125333711504936,0.056195329874754,0.278849929571152,-0.144609853625298,-1.71142077445984,-5.27307844161987,7.74836874008179,-0.0606752783060074,0.0488933734595776,0.164434239268303,1.24225282669067,-9.6071081161499,-1.18636798858643,0.0567190460860729,-0.145258381962776,-0.123394407331944,-0.270089328289032,-9.36798763275146,2.76342701911926,0.161563009023666,0.300406903028488,0.00988455954939127,17.04467272,5.52570123,-1.922981665,-0.778755480732756,-0.841056178332153,2.16281298974584
-46.08154296875,-0.0762939453125,-371.551513671875,-44.5556640625,-1.373291015625,-379.94384765625,-0.0761085450649261,-10.152660369873,0.0925857126712799,0.0570512935519218,0.277418434619904,-0.143154919147491,-1.69150996208191,-5.28435564041138,7.74515390396118,-0.0604027919471264,0.045641552656889,0.161652892827988,1.23709452152252,-9.6088924407959,-1.19739401340485,0.0584378093481064,-0.136673927307129,-0.122495613992214,-0.270424544811249,-9.37881278991699,2.77937650680542,0.162923619151115,0.301046192646027,0.00903975870460272,17.071509994,5.529730312,-1.9270106985,-0.778282919522926,-0.840976095310208,2.16538469854327
-46.3485717773438,0.0762939453125,-371.7041015625,-44.6319580078125,-1.56402587890625,-380.096435546875,-0.0828557685017586,-10.1620330810547,0.0598377026617527,0.0579072535037994,0.275986939668655,-0.141699999570847,-1.67159914970398,-5.29563283920288,7.74193906784058,-0.0601303055882454,0.0423897318542004,0.158871531486511,1.23193609714508,-9.61067771911621,-1.20842003822327,0.0601565688848495,-0.128089472651482,-0.121596813201904,-0.270759791135788,-9.38963794708252,2.79532623291016,0.164284229278564,0.301685482263565,0.00819495879113674,17.098347268,5.533759394,-1.931039732,-0.777810358313097,-0.840896012288263,2.1679564073407
-46.6156005859375,0.2288818359375,-371.856689453125,-44.708251953125,-1.7547607421875,-380.2490234375,-0.089602991938591,-10.171404838562,0.0270896982401609,0.0587632171809673,0.27455547451973,-0.14024506509304,-1.65168833732605,-5.30691003799438,7.73872470855713,-0.0598578229546547,0.0391379110515118,0.156090185046196,1.22677779197693,-9.61246204376221,-1.21944618225098,0.061875332146883,-0.119505010545254,-0.120698019862175,-0.271095007658005,-9.40046310424805,2.81127572059631,0.165644839406013,0.302324771881104,0.00735015794634819,17.125184542,5.537788476,-1.9350687655,-0.777337797103267,-0.840815929266318,2.17052811613813
-46.6156005859375,0.30517578125,-372.467041015625,-44.6319580078125,-1.79290771484375,-379.714965820313,-0.0963502153754234,-10.1807775497437,-0.00565830850973725,0.0596191771328449,0.273123979568481,-0.138790145516396,-1.63177752494812,-5.31818723678589,7.73550987243652,-0.0595853365957737,0.0358860902488232,0.15330882370472,1.22161948680878,-9.6142463684082,-1.2304722070694,0.0635940954089165,-0.110920548439026,-0.119799226522446,-0.271430224180222,-9.41128826141357,2.82722544670105,0.167005449533463,0.302964061498642,0.00650535756722093,17.152021816,5.541817558,-1.939097799,-0.776865235893438,-0.840735846244373,2.17309982493556
-46.6156005859375,0.3814697265625,-373.077392578125,-44.5556640625,-1.8310546875,-379.180908203125,-0.103097431361675,-10.1901502609253,-0.038406316190958,0.0604751408100128,0.271692484617233,-0.137335211038589,-1.61186671257019,-5.32946443557739,7.73229503631592,-0.0593128502368927,0.0326342657208443,0.150527462363243,1.21646106243134,-9.61603164672852,-1.24149823188782,0.0653128549456596,-0.102336086332798,-0.118900433182716,-0.271765470504761,-9.4221134185791,2.84317517280579,0.168366059660912,0.30360335111618,0.00566055672243237,17.17885909,5.54584664,-1.9431268325,-0.776392674683609,-0.840655763222428,2.17567153373299
-46.5774536132813,0.6866455078125,-373.53515625,-44.7845458984375,-1.7547607421875,-379.104614257813,-0.109844654798508,-10.1995229721069,-0.0711543187499046,0.0613311007618904,0.270261019468307,-0.135880291461945,-1.59195590019226,-5.3407416343689,7.72908020019531,-0.059040367603302,0.0293824467808008,0.147746115922928,1.21130275726318,-9.61781597137451,-1.25252437591553,0.0670316144824028,-0.0937516316771507,-0.118001639842987,-0.272100687026978,-9.43293857574463,2.85912466049194,0.169726669788361,0.304242640733719,0.00481575634330511,17.205696364,5.549875722,-1.947155866,-0.775920113473779,-0.840575680200483,2.17824324253042
-46.539306640625,0.9918212890625,-373.992919921875,-45.013427734375,-1.678466796875,-379.0283203125,-0.11659187823534,-10.2088956832886,-0.103902325034142,0.0621870644390583,0.268829524517059,-0.134425356984138,-1.57204508781433,-5.3520188331604,7.72586536407471,-0.058767881244421,0.0261306241154671,0.144964754581451,1.20614433288574,-9.61960124969482,-1.26355040073395,0.068750374019146,-0.0851671695709229,-0.117102839052677,-0.272435903549194,-9.44376373291016,2.87507438659668,0.17108727991581,0.304881930351257,0.00397095549851656,17.232533638,5.553904804,-1.9511848995,-0.77544755226395,-0.840495597178538,2.18081495132784
-46.539306640625,1.02996826171875,-374.221801757813,-44.86083984375,-1.8310546875,-379.104614257813,-0.123339101672173,-10.2182683944702,-0.136650338768959,0.0630430281162262,0.267398029565811,-0.132970437407494,-1.5521342754364,-5.3632960319519,7.7226505279541,-0.05849539488554,0.0228788033127785,0.142183408141136,1.20098602771759,-9.62138557434082,-1.27457642555237,0.0704691410064697,-0.076582707464695,-0.116204045712948,-0.272771149873734,-9.45458889007568,2.89102387428284,0.172447890043259,0.305521219968796,0.0031261551193893,17.259370912,5.557933886,-1.955213933,-0.77497499105412,-0.840415514156593,2.18338666012527
-46.539306640625,1.068115234375,-374.45068359375,-44.708251953125,-1.983642578125,-379.180908203125,-0.130086317658424,-10.2276411056519,-0.169398337602615,0.0638989880681038,0.265966564416885,-0.131515502929688,-1.53222346305847,-5.37457323074341,7.7194356918335,-0.0582229122519493,0.0196269825100899,0.13940204679966,1.19582772254944,-9.62316989898682,-1.28560256958008,0.0721879005432129,-0.0679982528090477,-0.115305252373219,-0.27310636639595,-9.46541404724121,2.90697360038757,0.173808500170708,0.306160479784012,0.00228135450743139,17.286208186,5.561962968,-1.9592429665,-0.774502429844291,-0.840335431134648,2.1859583689227
-46.6537475585938,1.41143798828125,-374.603271484375,-44.8989868164063,-1.9073486328125,-379.562377929688,-0.136833548545837,-10.2370128631592,-0.202146351337433,0.0647549480199814,0.264535069465637,-0.130060583353043,-1.51231265068054,-5.38585042953491,7.71622133255005,-0.0579504258930683,0.0163751617074013,0.136620700359344,1.190669298172,-9.62495517730713,-1.2966285943985,0.0739066600799561,-0.0594137907028198,-0.114406459033489,-0.273441582918167,-9.47623920440674,2.92292308807373,0.175169110298157,0.30679976940155,0.0014365540118888,17.31304546,5.56599205,-1.963272,-0.774029868634461,-0.840255348112703,2.18853007772013
-46.7681884765625,1.7547607421875,-374.755859375,-45.0897216796875,-1.8310546875,-379.94384765625,-0.143580764532089,-10.2463855743408,-0.234894350171089,0.065610907971859,0.263103574514389,-0.128605648875237,-1.49240183830261,-5.39712762832642,7.71300649642944,-0.0576779395341873,0.0131233399733901,0.133839339017868,1.18551099300385,-9.62673950195313,-1.30765461921692,0.0756254196166992,-0.0508293323218822,-0.113507658243179,-0.273776799440384,-9.48706436157227,2.93887281417847,0.176529720425606,0.307439059019089,0.000591753458138555,17.3130450705,5.5659921835,-1.9632732855,-0.773217250374114,-0.839938019518147,2.18746144358719
-46.8826293945313,1.79290771484375,-374.984741210938,-45.013427734375,-2.09808349609375,-380.096435546875,-0.150327995419502,-10.2557582855225,-0.267642349004745,0.0664668753743172,0.261672109365463,-0.127150729298592,-1.47249102592468,-5.40840482711792,7.70979166030884,-0.0574054569005966,0.00987151823937893,0.131057992577553,1.1803525686264,-9.62852478027344,-1.31868076324463,0.077344186604023,-0.0422448702156544,-0.11260886490345,-0.274112045764923,-9.49788951873779,2.95482230186462,0.177890330553055,0.308078348636627,-0.000253047124715522,17.313044681,5.565992317,-1.963274571,-0.772404632113767,-0.839620690923591,2.18639280945426
-46.9970703125,1.8310546875,-375.213623046875,-44.9371337890625,-2.3651123046875,-380.2490234375,-0.157075211405754,-10.2651309967041,-0.300390362739563,0.0673228353261948,0.260240614414215,-0.125695794820786,-1.45258021354675,-5.41968202590942,7.70657682418823,-0.0571329705417156,0.00661969743669033,0.128276631236076,1.17519426345825,-9.63030910491943,-1.32970678806305,0.0790629461407661,-0.0336604118347168,-0.111710071563721,-0.27444726228714,-9.50871467590332,2.97077202796936,0.179250940680504,0.308717638254166,-0.0010978477075696,17.3130442915,5.5659924505,-1.9632758565,-0.771592013853419,-0.839303362329035,2.18532417532132
-47.0733642578125,2.0599365234375,-375.67138671875,-45.166015625,-2.32696533203125,-380.172729492188,-0.13576540350914,-10.2689094543457,-0.319186300039291,0.0680863186717033,0.256300896406174,-0.124763481318951,-1.4341082572937,-5.42515325546265,7.70536184310913,-0.0570789687335491,0.00524171721190214,0.126891821622849,1.17124235630035,-9.63040924072266,-1.33503556251526,0.0810337215662003,-0.0253992956131697,-0.110502772033215,-0.280164301395416,-9.52641010284424,2.96185708045959,0.180888399481773,0.306843042373657,-0.00181849801447242,17.313043902,5.565992584,-1.963277142,-0.770779395593072,-0.838986033734479,2.18425554118838
-47.149658203125,2.288818359375,-376.129150390625,-45.3948974609375,-2.288818359375,-380.096435546875,-0.114455580711365,-10.2726888656616,-0.33798223733902,0.0688497945666313,0.252361208200455,-0.123831167817116,-1.41563630104065,-5.43062448501587,7.70414686203003,-0.0570249669253826,0.00386373675428331,0.125507012009621,1.16729044914246,-9.6305103302002,-1.34036433696747,0.083004504442215,-0.0171381793916225,-0.109295479953289,-0.285881340503693,-9.54410648345947,2.95294189453125,0.182525843381882,0.304968476295471,-0.00253914832137525,17.3130435125,5.5659927175,-1.9632784275,-0.769966777332724,-0.838668705139923,2.18318690705545
-47.0352172851563,2.40325927734375,-376.5869140625,-45.2804565429688,-2.3651123046875,-379.867553710938,-0.0931457653641701,-10.2764673233032,-0.356778174638748,0.0696132779121399,0.248421505093575,-0.122898854315281,-1.39716422557831,-5.43609571456909,7.70293235778809,-0.0569709688425064,0.00248575629666448,0.124122202396393,1.16333854198456,-9.63061046600342,-1.34569299221039,0.0849752798676491,-0.00887706410139799,-0.108088180422783,-0.291598379611969,-9.56180191040039,2.94402694702148,0.184163302183151,0.303093880414963,-0.00325979851186275,17.313043123,5.565992851,-1.963279713,-0.769154159072376,-0.838351376545367,2.18211827292251
-46.9207763671875,2.5177001953125,-377.044677734375,-45.166015625,-2.44140625,-379.638671875,-0.0718359500169754,-10.2802457809448,-0.375574111938477,0.0703767612576485,0.244481801986694,-0.121966540813446,-1.37869226932526,-5.44156694412231,7.70171737670898,-0.0569169670343399,0.00110777583904564,0.122737392783165,1.15938663482666,-9.63071155548096,-1.3510217666626,0.0869460552930832,-0.000615947763435543,-0.106880888342857,-0.297315448522568,-9.57949733734131,2.93511199951172,0.185800760984421,0.301219314336777,-0.0039804489351809,17.3130427335,5.5659929845,-1.9632809985,-0.768341540812029,-0.838034047950811,2.18104963878957
-46.8063354492188,2.78472900390625,-377.349853515625,-45.2423095703125,-2.6702880859375,-379.562377929688,-0.0505261346697807,-10.2840242385864,-0.394370079040527,0.0711402371525764,0.240542098879814,-0.121034227311611,-1.3602203130722,-5.44703817367554,7.70050239562988,-0.0568629652261734,-0.000270204560365528,0.121352583169937,1.15543472766876,-9.63081169128418,-1.35635054111481,0.0889168307185173,0.00764516834169626,-0.105673588812351,-0.303032487630844,-9.59719276428223,2.92619681358337,0.187438204884529,0.299344718456268,-0.00470109935849905,17.313042344,5.565993118,-1.963282284,-0.767528922551681,-0.837716719356255,2.17998100465664
-46.69189453125,3.0517578125,-377.655029296875,-45.318603515625,-2.899169921875,-379.486083984375,-0.0292163211852312,-10.2878036499023,-0.413166016340256,0.071903720498085,0.236602395772934,-0.120101913809776,-1.34174835681915,-5.45250940322876,7.69928741455078,-0.0568089634180069,-0.0016481849597767,0.119967773556709,1.15148282051086,-9.6309118270874,-1.36167931556702,0.090887613594532,0.0159062836319208,-0.104466289281845,-0.30874952673912,-9.61488914489746,2.91728186607361,0.189075663685799,0.29747012257576,-0.00542174931615591,17.3130419545,5.5659932515,-1.9632835695,-0.766716304291334,-0.837399390761699,2.1789123705237
-46.7300415039063,3.31878662109375,-377.960205078125,-45.1278686523438,-2.8228759765625,-379.486083984375,-0.00790650583803654,-10.2915821075439,-0.431961953639984,0.0726672038435936,0.232662692666054,-0.119169600307941,-1.32327628135681,-5.45798015594482,7.69807291030884,-0.0567549653351307,-0.00302616530098021,0.118582956492901,1.14753091335297,-9.63101291656494,-1.36700809001923,0.0928583890199661,0.0241673998534679,-0.10325899720192,-0.314466565847397,-9.63258457183838,2.90836668014526,0.190713107585907,0.295595556497574,-0.00614239973947406,17.313041565,5.565993385,-1.963284855,-0.765903686030986,-0.837082062167143,2.17784373639076
-46.7681884765625,3.5858154296875,-378.265380859375,-44.9371337890625,-2.74658203125,-379.486083984375,0.0134033095091581,-10.2953605651855,-0.450757890939713,0.0734306797385216,0.228722989559174,-0.118237286806107,-1.30480432510376,-5.46345138549805,7.69685792922974,-0.0567009635269642,-0.00440414575859904,0.117198146879673,1.14357900619507,-9.63111305236816,-1.37233686447144,0.0948291644454002,0.0324285179376602,-0.102051697671413,-0.320183604955673,-9.6502799987793,2.8994517326355,0.192350566387177,0.293720960617065,-0.00686305016279221,17.3130411755,5.5659935185,-1.9632861405,-0.765091067770639,-0.836764733572587,2.17677510225783
-46.7681884765625,3.8909912109375,-378.570556640625,-44.9371337890625,-2.86102294921875,-379.33349609375,0.0347131229937077,-10.2991399765015,-0.469553828239441,0.0741941630840302,0.224783286452293,-0.117304973304272,-1.28633236885071,-5.46892261505127,7.69564294815063,-0.0566469617187977,-0.00578212598338723,0.115813337266445,1.13962709903717,-9.6312141418457,-1.37766551971436,0.0967999398708344,0.0406896322965622,-0.100844405591488,-0.32590064406395,-9.66797542572021,2.89053678512573,0.193988025188446,0.291846394538879,-0.00758370058611035,17.313040786,5.565993652,-1.963287426,-0.764278449510292,-0.836447404978031,2.17570646812489
-46.7681884765625,4.1961669921875,-378.875732421875,-44.9371337890625,-2.9754638671875,-379.180908203125,0.0560229383409023,-10.3029184341431,-0.488349765539169,0.0749576464295387,0.220843583345413,-0.116372659802437,-1.26786041259766,-5.47439384460449,7.69442796707153,-0.0565929599106312,-0.00716010667383671,0.114428527653217,1.13567519187927,-9.63131427764893,-1.38299429416656,0.0987707227468491,0.0489507466554642,-0.0996371060609818,-0.331617683172226,-9.68567180633545,2.88162159919739,0.195625469088554,0.289971798658371,-0.0083043510094285,17.3130403965,5.5659937855,-1.9632887115,-0.763465831249944,-0.836130076383475,2.17463783399195
-46.7300415039063,4.2724609375,-379.104614257813,-45.0897216796875,-3.01361083984375,-379.257202148438,0.0773327574133873,-10.3066968917847,-0.507145702838898,0.0757211223244667,0.216903880238533,-0.115440346300602,-1.2493884563446,-5.47986507415771,7.69321298599243,-0.0565389581024647,-0.0085380868986249,0.113043718039989,1.13172328472137,-9.63141441345215,-1.38832306861877,0.100741498172283,0.0572118647396564,-0.0984298065304756,-0.337334752082825,-9.70336723327637,2.87270665168762,0.197262927889824,0.288097202777863,-0.00902500096708536,17.313040007,5.565993919,-1.963289997,-0.762653212989597,-0.835812747788919,2.17356919985902
-46.69189453125,4.3487548828125,-379.33349609375,-45.2423095703125,-3.0517578125,-379.33349609375,0.098642572760582,-10.3104763031006,-0.525941669940948,0.0764846056699753,0.212964177131653,-0.114508032798767,-1.23091638088226,-5.48533630371094,7.69199848175049,-0.0564849600195885,-0.00991606712341309,0.111658908426762,1.12777137756348,-9.63151550292969,-1.39365184307098,0.102712273597717,0.0654729828238487,-0.0972225144505501,-0.343051791191101,-9.72106266021729,2.86379170417786,0.198900386691093,0.286222636699677,-0.00974565092474222,17.3130396175,5.5659940525,-1.9632912825,-0.761840594729249,-0.835495419194363,2.17250056572608
-46.7300415039063,4.57763671875,-379.409790039063,-45.166015625,-3.0517578125,-379.409790039063,0.119952388107777,-10.3142547607422,-0.544737577438354,0.0772480890154839,0.209024474024773,-0.113575719296932,-1.21244442462921,-5.49080753326416,7.69078350067139,-0.056430958211422,-0.0112940473482013,0.110274098813534,1.12381947040558,-9.63161563873291,-1.39898061752319,0.104683049023151,0.0737340971827507,-0.0960152149200439,-0.348768830299377,-9.7387580871582,2.85487651824951,0.200537830591202,0.284348040819168,-0.0104663018137217,17.313039228,5.565994186,-1.963292568,-0.761027976468901,-0.835178090599807,2.17143193159314
-46.7681884765625,4.8065185546875,-379.486083984375,-45.0897216796875,-3.0517578125,-379.486083984375,0.159792095422745,-10.3169746398926,-0.556642115116119,0.0781366303563118,0.205495089292526,-0.113262876868248,-1.19659650325775,-5.49430274963379,7.69031286239624,-0.0563127137720585,-0.0126385008916259,0.108947642147541,1.11582791805267,-9.6321325302124,-1.40506052970886,0.10622800886631,0.0809849351644516,-0.0943855494260788,-0.358184844255447,-9.75321388244629,2.83326983451843,0.201180592179298,0.282423228025436,-0.0108378008008003,17.3130388385,5.5659943195,-1.9632938535,-0.760215358208554,-0.834860762005251,2.17036329746021
-46.7681884765625,5.22613525390625,-379.867553710938,-45.1278686523438,-3.1280517578125,-379.486083984375,0.218161702156067,-10.3186368942261,-0.561655282974243,0.0791502371430397,0.202376052737236,-0.113569498062134,-1.18337249755859,-5.49582195281982,7.69058656692505,-0.056130226701498,-0.0139494258910418,0.107679545879364,1.10379648208618,-9.63306522369385,-1.41189169883728,0.107347138226032,0.087225504219532,-0.0923335030674934,-0.371299862861633,-9.76443004608154,2.79897141456604,0.200828671455383,0.280448138713837,-0.0108601497486234,17.313038449,5.565994453,-1.963295139,-0.759402739948206,-0.834543433410695,2.16929466332727
-46.7681884765625,5.645751953125,-380.2490234375,-45.166015625,-3.204345703125,-379.486083984375,0.276531308889389,-10.3202981948853,-0.566668450832367,0.0801638513803482,0.199257001280785,-0.11387611925602,-1.17014849185944,-5.49734115600586,7.69086027145386,-0.0559477433562279,-0.0152603508904576,0.106411449611187,1.09176516532898,-9.63399791717529,-1.41872298717499,0.108466275036335,0.0934660732746124,-0.0902814567089081,-0.384414881467819,-9.7756462097168,2.76467299461365,0.200476735830307,0.278473049402237,-0.0108824986964464,17.3130380595,5.5659945865,-1.9632964245,-0.758590121687859,-0.834226104816139,2.16822602919433
-46.7681884765625,5.68389892578125,-380.401611328125,-45.2423095703125,-3.01361083984375,-379.638671875,0.334900915622711,-10.3219604492188,-0.571681618690491,0.0811774581670761,0.196137964725494,-0.114182740449905,-1.15692448616028,-5.49886083602905,7.69113397598267,-0.0557652562856674,-0.0165712758898735,0.10514335334301,1.07973372936249,-9.63493061065674,-1.42555415630341,0.109585404396057,0.0997066423296928,-0.0882294178009033,-0.397529870271683,-9.78686237335205,2.73037457466125,0.200124815106392,0.276497960090637,-0.0109048467129469,17.31303767,5.56599472,-1.96329771,-0.757777503427511,-0.833908776221583,2.1671573950614
-46.7681884765625,5.7220458984375,-380.55419921875,-45.318603515625,-2.8228759765625,-379.791259765625,0.393270522356033,-10.3236217498779,-0.576694786548615,0.082191064953804,0.193018913269043,-0.114489361643791,-1.14370059967041,-5.50038003921509,7.69140768051147,-0.055582769215107,-0.017882201820612,0.103875257074833,1.067702293396,-9.63586330413818,-1.43238532543182,0.11070454120636,0.105947211384773,-0.086177371442318,-0.410644888877869,-9.7980785369873,2.69607615470886,0.199772879481316,0.274522870779037,-0.0109271956607699,17.313037244,5.56599487,-1.9632979585,-0.758182020267869,-0.834064871128555,2.16186303382558
-46.7681884765625,5.79833984375,-380.55419921875,-45.5856323242188,-3.01361083984375,-379.94384765625,0.451640129089355,-10.3252830505371,-0.581707894802094,0.0832046717405319,0.189899861812592,-0.114795982837677,-1.13047659397125,-5.50189924240112,7.69168138504028,-0.0554002821445465,-0.0191931277513504,0.102607153356075,1.05567097663879,-9.63679599761963,-1.43921649456024,0.111823678016663,0.112187780439854,-0.0841253250837326,-0.423759907484055,-9.80929374694824,2.66177773475647,0.199420943856239,0.27254781126976,-0.010949544608593,17.313036818,5.56599502,-1.963298207,-0.758586537108226,-0.834220966035527,2.15656867258977
-46.7681884765625,5.8746337890625,-380.55419921875,-45.8526611328125,-3.204345703125,-380.096435546875,0.510009765625,-10.3269453048706,-0.586721062660217,0.0842182785272598,0.186780825257301,-0.115102604031563,-1.11725258827209,-5.50341844558716,7.69195508956909,-0.0552177950739861,-0.0205040518194437,0.101339057087898,1.0436395406723,-9.63772869110107,-1.44604766368866,0.112942807376385,0.118428349494934,-0.0820732861757278,-0.436874896287918,-9.8205099105835,2.62747931480408,0.199069023132324,0.27057272195816,-0.0109718926250935,17.313036392,5.56599517,-1.9632984555,-0.758991053948583,-0.834377060942498,2.15127431135395
-46.69189453125,5.950927734375,-380.783081054688,-45.5093383789063,-3.16619873046875,-379.791259765625,0.568379342556,-10.3286066055298,-0.591734230518341,0.0852318927645683,0.18366177380085,-0.115409232676029,-1.10402858257294,-5.50493764877319,7.6922287940979,-0.0550353117287159,-0.0218149777501822,0.100070960819721,1.0316082239151,-9.63866233825684,-1.45287895202637,0.114061944186687,0.124668918550014,-0.0800212398171425,-0.449989914894104,-9.83172607421875,2.59318089485168,0.198717087507248,0.268597632646561,-0.0109942415729165,17.313035966,5.56599532,-1.963298704,-0.75939557078894,-0.83453315584947,2.14597995011813
-46.6156005859375,6.0272216796875,-381.011962890625,-45.166015625,-3.1280517578125,-379.486083984375,0.626748919487,-10.3302688598633,-0.596747398376465,0.0862454995512962,0.18054273724556,-0.115715853869915,-1.09080469608307,-5.50645685195923,7.69250249862671,-0.0548528246581554,-0.0231259036809206,0.0988028645515442,1.01957678794861,-9.63959503173828,-1.45971012115479,0.11518107354641,0.130909487605095,-0.0779691934585571,-0.46310493350029,-9.842942237854,2.55888247489929,0.198365166783333,0.266622543334961,-0.0110165905207396,17.31303554,5.56599547,-1.9632989525,-0.759800087629297,-0.834689250756442,2.14068558888232
-46.5774536132813,6.1798095703125,-381.393432617188,-45.2804565429688,-3.1280517578125,-379.638671875,0.685118556022644,-10.3319301605225,-0.601760566234589,0.0872591063380241,0.177423685789108,-0.116022475063801,-1.07758069038391,-5.50797605514526,7.69277620315552,-0.054670337587595,-0.0244368277490139,0.0975347682833672,1.00754547119141,-9.64052772521973,-1.4665412902832,0.116300210356712,0.137150049209595,-0.0759171545505524,-0.476219922304153,-9.85415840148926,2.5245840549469,0.198013231158257,0.264647454023361,-0.01103893853724,17.313035114,5.56599562,-1.963299201,-0.760204604469654,-0.834845345663414,2.1353912276465
-46.539306640625,6.3323974609375,-381.77490234375,-45.3948974609375,-3.1280517578125,-379.791259765625,0.743488192558289,-10.333592414856,-0.606773734092712,0.088272713124752,0.174304649233818,-0.116329096257687,-1.06435668468475,-5.50949573516846,7.69304990768433,-0.0544878505170345,-0.0257477536797523,0.0962666720151901,0.995514035224915,-9.64146041870117,-1.47337245941162,0.117419339716434,0.143390625715256,-0.073865108191967,-0.489334940910339,-9.86537456512451,2.49028563499451,0.197661310434341,0.262672364711761,-0.0110612874850631,17.313034688,5.56599577,-1.9632994495,-0.760609121310011,-0.835001440570386,2.13009686641069
-46.5774536132813,6.44683837890625,-381.927490234375,-45.47119140625,-3.24249267578125,-379.94384765625,0.801857769489288,-10.3352537155151,-0.611786842346191,0.0892863273620605,0.171185597777367,-0.116635717451572,-1.0511326789856,-5.51101493835449,7.69332361221313,-0.0543053671717644,-0.0270586796104908,0.0949985682964325,0.983482658863068,-9.64239311218262,-1.48020374774933,0.118538476526737,0.149631187319756,-0.0718130618333817,-0.502449929714203,-9.87658977508545,2.45598721504211,0.197309374809265,0.260697305202484,-0.0110836364328861,17.313034262,5.56599592,-1.963299698,-0.761013638150368,-0.835157535477357,2.12480250517487
-46.6156005859375,6.561279296875,-382.080078125,-45.5474853515625,-3.35693359375,-380.096435546875,0.860227346420288,-10.3369159698486,-0.616800010204315,0.0902999341487885,0.168066561222076,-0.116942338645458,-1.03790879249573,-5.51253414154053,7.69359731674194,-0.0541228801012039,-0.0283696036785841,0.0937304720282555,0.971451282501221,-9.64332580566406,-1.48703491687775,0.119657605886459,0.155871763825417,-0.0697610229253769,-0.515564978122711,-9.8878059387207,2.42168879508972,0.19695745408535,0.258722215890884,-0.0111059844493866,17.313033836,5.56599607,-1.9632999465,-0.761418154990725,-0.835313630384329,2.11950814393906
-46.4248657226563,6.59942626953125,-382.232666015625,-45.5474853515625,-3.4332275390625,-379.791259765625,0.918596982955933,-10.3385772705078,-0.621813178062439,0.0913135409355164,0.164947509765625,-0.117248959839344,-1.02468478679657,-5.51405334472656,7.69387102127075,-0.0539403930306435,-0.0296805296093225,0.0924623757600784,0.959419906139374,-9.64425849914551,-1.49386608600616,0.120776742696762,0.162112325429916,-0.0677089765667915,-0.528679966926575,-9.89902210235596,2.38739037513733,0.196605518460274,0.256747126579285,-0.0111283333972096,17.31303341,5.56599622,-1.963300195,-0.761822671831083,-0.835469725291301,2.11421378270324
-46.234130859375,6.6375732421875,-382.38525390625,-45.5474853515625,-3.509521484375,-379.486083984375,0.967297852039337,-10.332332611084,-0.614280879497528,0.0924780294299126,0.166446462273598,-0.117088831961155,-1.02376556396484,-5.51476287841797,7.69230985641479,-0.0541297048330307,-0.0304303914308548,0.0911830440163612,0.949256300926208,-9.64266681671143,-1.50249063968658,0.120427303016186,0.166589692234993,-0.0652403309941292,-0.545219659805298,-9.89721488952637,2.36901235580444,0.194868728518486,0.256941348314285,-0.00999738648533821,17.313032984,5.56599637,-1.9633004435,-0.76222718867144,-0.835625820198273,2.10891942146742
-46.4248657226563,6.6375732421875,-382.6904296875,-45.5474853515625,-3.5858154296875,-379.409790039063,1.01599872112274,-10.3260879516602,-0.606748580932617,0.0936425253748894,0.16794541478157,-0.116928704082966,-1.02284646034241,-5.51547241210938,7.69074869155884,-0.0543190166354179,-0.031180253252387,0.0899037197232246,0.939092695713043,-9.64107513427734,-1.511115193367,0.120077863335609,0.171067073941231,-0.0627716854214668,-0.561759412288666,-9.89540863037109,2.35063433647156,0.193131953477859,0.257135599851608,-0.00886644050478935,17.313032558,5.56599652,-1.963300692,-0.762631705511797,-0.835781915105245,2.10362506023161
-46.6156005859375,6.6375732421875,-382.99560546875,-45.5474853515625,-3.662109375,-379.33349609375,1.06469964981079,-10.3198432922363,-0.599216282367706,0.0948070138692856,0.169444367289543,-0.116768576204777,-1.02192723751068,-5.51618146896362,7.68918752670288,-0.0545083284378052,-0.0319301150739193,0.0886243879795074,0.928929090499878,-9.63948249816895,-1.51973974704742,0.119728423655033,0.175544440746307,-0.0603030435740948,-0.578299105167389,-9.8936014175415,2.33225607872009,0.191395163536072,0.257329821586609,-0.00773549359291792,17.313032132,5.56599667,-1.9633009405,-0.763036222352154,-0.835938010012217,2.09833069899579
-46.6156005859375,6.7901611328125,-383.071899414063,-45.7382202148438,-3.7384033203125,-379.180908203125,1.11340057849884,-10.3135976791382,-0.591683983802795,0.0959715023636818,0.170943319797516,-0.116608448326588,-1.02100801467896,-5.51689100265503,7.68762636184692,-0.0546976402401924,-0.0326799750328064,0.0873450562357903,0.918765485286713,-9.63789081573486,-1.52836430072784,0.119378983974457,0.180021807551384,-0.0578343980014324,-0.594838857650757,-9.89179515838623,2.31387805938721,0.189658373594284,0.257524073123932,-0.00660454668104649,17.313031706,5.56599682,-1.963301189,-0.763440739192511,-0.836094104919188,2.09303633775998
-46.6156005859375,6.9427490234375,-383.148193359375,-45.928955078125,-3.814697265625,-379.0283203125,1.16210150718689,-10.3073530197144,-0.584151685237885,0.097135990858078,0.172442272305489,-0.116448320448399,-1.02008879184723,-5.51760053634644,7.68606519699097,-0.0548869520425797,-0.0334298387169838,0.0860657319426537,0.908601880073547,-9.63629913330078,-1.53698885440826,0.119029551744461,0.184499174356461,-0.0553657524287701,-0.61137855052948,-9.88998794555664,2.29550004005432,0.187921583652496,0.257718294858932,-0.00547360023483634,17.31303128,5.56599697,-1.9633014375,-0.763845256032868,-0.83625019982616,2.08774197652416
-46.4248657226563,7.05718994140625,-382.919311523438,-46.08154296875,-3.814697265625,-379.180908203125,1.21080231666565,-10.3011083602905,-0.576619386672974,0.0983004868030548,0.173941224813461,-0.11628819257021,-1.01916968822479,-5.51831007003784,7.68450403213501,-0.0550762638449669,-0.0341796986758709,0.0847864001989365,0.898438274860382,-9.6347074508667,-1.54561340808868,0.118680112063885,0.188976556062698,-0.052897110581398,-0.627918303012848,-9.88818168640137,2.27712202072144,0.18618480861187,0.257912516593933,-0.00434265332296491,17.313030854,5.56599712,-1.963301686,-0.764249772873225,-0.836406294733132,2.08244761528834
-46.234130859375,7.171630859375,-382.6904296875,-46.234130859375,-3.814697265625,-379.33349609375,1.2595032453537,-10.2948637008667,-0.569087088108063,0.099464975297451,0.175440177321434,-0.116128072142601,-1.01825046539307,-5.51901912689209,7.68294239044189,-0.0552655756473541,-0.0349295623600483,0.0835070684552193,0.888274669647217,-9.63311576843262,-1.55423808097839,0.118330672383308,0.193453922867775,-0.0504284650087357,-0.644457995891571,-9.88637447357178,2.25874400138855,0.184448018670082,0.258106768131256,-0.00321170664392412,17.313030428,5.56599727,-1.9633019345,-0.764654289713582,-0.836562389640104,2.07715325405253
-46.2722778320313,7.36236572265625,-383.148193359375,-46.1578369140625,-3.814697265625,-379.33349609375,1.30820417404175,-10.2886190414429,-0.561554789543152,0.100629463791847,0.176939129829407,-0.115967944264412,-1.01733124256134,-5.5197286605835,7.68138122558594,-0.0554548874497414,-0.0356794223189354,0.0822277441620827,0.878111064434052,-9.63152408599854,-1.56286263465881,0.117981232702732,0.197931289672852,-0.0479598194360733,-0.660997748374939,-9.8845682144165,2.24036598205566,0.182711228728294,0.258300989866257,-0.00208075996488333,17.313030002,5.56599742,-1.963302183,-0.76505880655394,-0.836718484547076,2.07185889281671
-46.3104248046875,7.5531005859375,-383.60595703125,-46.08154296875,-3.814697265625,-379.33349609375,1.3569051027298,-10.282374382019,-0.554022490978241,0.101793952286243,0.178438082337379,-0.115807816386223,-1.01641201972961,-5.5204381942749,7.67982006072998,-0.0556441992521286,-0.0364292860031128,0.0809484124183655,0.867947459220886,-9.62993144989014,-1.57148718833923,0.117631793022156,0.202408656477928,-0.0454911775887012,-0.677537441253662,-9.88276100158691,2.2219877243042,0.180974453687668,0.25849524140358,-0.000949813344050199,17.313029576,5.56599757,-1.9633024315,-0.765463323394297,-0.836874579454047,2.0665645315809
-46.4630126953125,7.5531005859375,-383.834838867188,-46.0052490234375,-3.7384033203125,-379.33349609375,1.40560591220856,-10.2761297225952,-0.54649019241333,0.10295844823122,0.179937034845352,-0.115647688508034,-1.01549291610718,-5.52114772796631,7.67825889587402,-0.0558335110545158,-0.0371791459619999,0.0796690806746483,0.857783854007721,-9.62833976745605,-1.58011174201965,0.117282353341579,0.206886038184166,-0.0430225320160389,-0.694077134132385,-9.88095474243164,2.20360970497131,0.17923766374588,0.25868946313858,0.00018113330588676,17.31302915,5.56599772,-1.96330268,-0.765867840234654,-0.837030674361019,2.06127017034508
-46.6156005859375,7.5531005859375,-384.063720703125,-45.928955078125,-3.662109375,-379.33349609375,1.45430684089661,-10.2698841094971,-0.538957893848419,0.104122936725616,0.181435987353325,-0.115487560629845,-1.01457369327545,-5.52185726165771,7.67669773101807,-0.0560228228569031,-0.037929005920887,0.0783897563815117,0.847620248794556,-9.62674808502197,-1.58873629570007,0.116932913661003,0.211363404989243,-0.0405538864433765,-0.710616886615753,-9.87914752960205,2.18523168563843,0.177500873804092,0.258883684873581,0.00131207995582372,17.2193330215,5.5503562635,-1.954376851,-0.766430059074169,-0.837063588283436,2.05211812340385
-46.38671875,7.7056884765625,-383.987426757813,-46.0433959960938,-3.77655029296875,-379.0283203125,1.50300776958466,-10.2636394500732,-0.531425595283508,0.105287425220013,0.182934939861298,-0.115327432751656,-1.01365447044373,-5.52256631851196,7.67513656616211,-0.0562121346592903,-0.0386788696050644,0.0771104246377945,0.83745664358139,-9.62515640258789,-1.59736084938049,0.116583473980427,0.215840771794319,-0.0380852445960045,-0.727156579494476,-9.87734127044678,2.16685366630554,0.175764098763466,0.259077936410904,0.00244302675127983,17.125636893,5.534714807,-1.945451022,-0.766992277913683,-0.837096502205854,2.04296607646263
-46.1578369140625,7.8582763671875,-383.9111328125,-46.1578369140625,-3.8909912109375,-378.72314453125,1.55170869827271,-10.2573947906494,-0.523893296718597,0.106451913714409,0.18443389236927,-0.115167304873466,-1.012735247612,-5.52327585220337,7.67357540130615,-0.0564014464616776,-0.0394287295639515,0.0758310928940773,0.827293038368225,-9.62356472015381,-1.60598540306091,0.11623403429985,0.220318138599396,-0.0356165990233421,-0.743696331977844,-9.87553405761719,2.14847564697266,0.174027308821678,0.259272158145905,0.00357397343032062,17.0319407645,5.5190733505,-1.936525193,-0.767554496753198,-0.837129416128271,2.0338140295214
-46.1959838867188,7.781982421875,-383.9111328125,-46.08154296875,-4.00543212890625,-378.72314453125,1.5835999250412,-10.2475528717041,-0.510057687759399,0.107442900538445,0.187262415885925,-0.114616438746452,-1.01050651073456,-5.52302742004395,7.67227792739868,-0.0565016902983189,-0.0401099808514118,0.074743278324604,0.817777574062347,-9.62097930908203,-1.61623656749725,0.115005053579807,0.223967716097832,-0.0331514105200768,-0.761162936687469,-9.86722183227539,2.1399621963501,0.172295197844505,0.25970259308815,0.0045143598690629,16.938244636,5.503431894,-1.927599364,-0.768116715592713,-0.837162330050688,2.02466198258018
-46.234130859375,7.7056884765625,-383.9111328125,-46.0052490234375,-4.119873046875,-378.72314453125,1.59868168830872,-10.2341136932373,-0.489918738603592,0.108260378241539,0.191420525312424,-0.113674834370613,-1.00696802139282,-5.52182102203369,7.67124462127686,-0.0565128698945045,-0.0407226197421551,0.0738469660282135,0.808910369873047,-9.61740207672119,-1.6281144618988,0.112896531820297,0.226789474487305,-0.0306896809488535,-0.779556512832642,-9.85240268707275,2.14131379127502,0.170567765831947,0.26036924123764,0.00526418583467603,16.8445485075,5.4877904375,-1.918673535,-0.768678934432228,-0.837195243973105,2.01550993563895
-46.2722778320313,7.82012939453125,-383.834838867188,-46.08154296875,-4.08172607421875,-378.799438476563,1.61376345157623,-10.2206745147705,-0.469779789447784,0.109077855944633,0.195578619837761,-0.112733222544193,-1.00342965126038,-5.52061462402344,7.67021131515503,-0.0565240457653999,-0.041335254907608,0.0729506611824036,0.800043106079102,-9.61382389068604,-1.63999235630035,0.110788002610207,0.229611232876778,-0.0282279513776302,-0.797950088977814,-9.83758449554443,2.14266538619995,0.168840318918228,0.261035889387131,0.00601401180028915,16.750852379,5.472148981,-1.909747706,-0.769241153271743,-0.837228157895523,2.00635788869772
-46.3104248046875,7.9345703125,-383.758544921875,-46.1578369140625,-4.0435791015625,-378.875732421875,1.62884509563446,-10.207236289978,-0.449640840291977,0.109895341098309,0.199736729264259,-0.111791618168354,-0.999891221523285,-5.51940774917603,7.6691780090332,-0.0565352253615856,-0.0419478937983513,0.072054348886013,0.791175901889801,-9.6102466583252,-1.6518702507019,0.108679480850697,0.232432991266251,-0.0257662199437618,-0.816343665122986,-9.8227653503418,2.1440167427063,0.16711288690567,0.261702537536621,0.00676383776590228,16.6571562505,5.4565075245,-1.900821877,-0.769803372111257,-0.83726107181794,1.9972058417565
-46.0052490234375,7.97271728515625,-383.758544921875,-46.2722778320313,-4.00543212890625,-378.646850585938,1.64392685890198,-10.1937971115112,-0.429501891136169,0.110712818801403,0.203894838690758,-0.110850013792515,-0.996352791786194,-5.51820135116577,7.66814470291138,-0.056546401232481,-0.0425605326890945,0.0711580440402031,0.782308638095856,-9.60666942596436,-1.66374802589417,0.106570951640606,0.235254749655724,-0.0233044903725386,-0.834737241268158,-9.80794715881348,2.14536833763123,0.165385454893112,0.262369185686111,0.00751366373151541,16.563460122,5.440866068,-1.891896048,-0.770365590950772,-0.837293985740357,1.98805379481527
-45.7000732421875,8.0108642578125,-383.758544921875,-46.38671875,-3.96728515625,-378.41796875,1.65900862216949,-10.1803579330444,-0.409362941980362,0.111530296504498,0.208052933216095,-0.109908409416676,-0.992814421653748,-5.51699495315552,7.66711139678955,-0.0565575771033764,-0.0431731715798378,0.0702617391943932,0.77344137430191,-9.6030912399292,-1.67562592029572,0.104462429881096,0.238076522946358,-0.0208427608013153,-0.853130757808685,-9.79312896728516,2.14671993255615,0.163658022880554,0.263035833835602,0.00826349016278982,16.4697639935,5.4252246115,-1.882970219,-0.770927809790287,-0.837326899662775,1.97890174787405
-45.7763671875,8.087158203125,-383.834838867188,-46.4630126953125,-4.119873046875,-378.646850585938,1.67409026622772,-10.1669187545776,-0.389223992824554,0.112347774207592,0.212211042642593,-0.108966805040836,-0.989275991916656,-5.51578855514526,7.66607809066772,-0.0565687566995621,-0.0437858104705811,0.0693654268980026,0.76457417011261,-9.59951400756836,-1.68750381469727,0.102353900671005,0.240898281335831,-0.0183810293674469,-0.871524333953857,-9.77830982208252,2.1480712890625,0.161930590867996,0.263702481985092,0.00901331566274166,16.376067865,5.409583155,-1.87404439,-0.771490028629802,-0.837359813585192,1.96974970093282
-45.8526611328125,8.1634521484375,-383.9111328125,-46.539306640625,-4.2724609375,-378.875732421875,1.68917202949524,-10.1534795761108,-0.369085043668747,0.113165251910686,0.216369152069092,-0.108025193214417,-0.985737562179565,-5.51458215713501,7.6650447845459,-0.0565799325704575,-0.044398445636034,0.0684691220521927,0.755706906318665,-9.5959358215332,-1.69938170909882,0.100245378911495,0.243720039725304,-0.0159192997962236,-0.88991791009903,-9.7634916305542,2.14942288398743,0.160203143954277,0.264369130134583,0.00976314209401608,16.2823717365,5.3939416985,-1.865118561,-0.772052247469317,-0.837392727507609,1.96059765399159
-45.8145141601563,8.087158203125,-383.987426757813,-46.4248657226563,-4.1961669921875,-378.41796875,1.70425379276276,-10.140040397644,-0.348946094512939,0.113982729613781,0.220527246594429,-0.107083588838577,-0.982199132442474,-5.51337575912476,7.66401147842407,-0.0565911121666431,-0.0450110845267773,0.0675728097558022,0.746839702129364,-9.59235858917236,-1.71125948429108,0.0981368497014046,0.246541798114777,-0.0134575692936778,-0.908311486244202,-9.74867248535156,2.15077447891235,0.158475711941719,0.265035778284073,0.0105129675939679,16.188675608,5.378300242,-1.856192732,-0.772614466308831,-0.837425641430027,1.95144560705037
-45.7763671875,8.0108642578125,-384.063720703125,-46.3104248046875,-4.119873046875,-377.960205078125,1.71933543682098,-10.1266012191772,-0.328807145357132,0.114800207316875,0.224685356020927,-0.106141984462738,-0.978660702705383,-5.5121693611145,7.66297769546509,-0.0566022880375385,-0.0456237234175205,0.0666765049099922,0.737972438335419,-9.58878135681152,-1.72313737869263,0.0960283279418945,0.24936355650425,-0.0109958397224545,-0.926705062389374,-9.73385429382324,2.1521258354187,0.156748279929161,0.265702396631241,0.0112627940252423,16.0949794795,5.3626587855,-1.847266903,-0.773176685148346,-0.837458555352444,1.94229356010914
-45.7000732421875,7.9345703125,-383.9111328125,-46.3104248046875,-4.1961669921875,-377.883911132813,1.7344172000885,-10.1131629943848,-0.308668196201324,0.115617692470551,0.228843465447426,-0.105200380086899,-0.975122272968292,-5.51096248626709,7.66194438934326,-0.0566134676337242,-0.0462363623082638,0.0657801926136017,0.729105234146118,-9.58520317077637,-1.73501527309418,0.0939197987318039,0.252185314893723,-0.00853410921990871,-0.945098638534546,-9.71903514862061,2.15347743034363,0.155020847916603,0.266369044780731,0.0120126195251942,16.001283351,5.347017329,-1.838341074,-0.773738903987861,-0.837491469274861,1.93314151316792
-45.623779296875,7.8582763671875,-383.758544921875,-46.3104248046875,-4.2724609375,-377.8076171875,1.74949896335602,-10.099723815918,-0.288529247045517,0.116435170173645,0.233001574873924,-0.104258768260479,-0.971583902835846,-5.50975608825684,7.66091108322144,-0.0566246435046196,-0.0468489974737167,0.0648838877677917,0.720237970352173,-9.58162593841553,-1.74689316749573,0.0918112769722939,0.255007088184357,-0.00607237918302417,-0.963492155075073,-9.70421695709229,2.15482902526855,0.153293401002884,0.267035692930222,0.0127624459564686,15.9075872225,5.3313758725,-1.829415245,-0.774301122827376,-0.837524383197278,1.92398946622669
-45.5093383789063,7.9345703125,-383.682250976563,-46.3104248046875,-4.31060791015625,-377.960205078125,1.76458060741425,-10.0862846374512,-0.268390297889709,0.11725264787674,0.237159669399261,-0.10331716388464,-0.968045473098755,-5.50854969024658,7.65987777709961,-0.0566358231008053,-0.04746163636446,0.0639875754714012,0.711370766162872,-9.57804775238037,-1.75877094268799,0.0897027477622032,0.257828831672668,-0.00361064891330898,-0.981885731220245,-9.68939781188965,2.1561803817749,0.151565968990326,0.267702341079712,0.0135122714564204,15.813891094,5.315734416,-1.820489416,-0.774863341666891,-0.837557297119696,1.91483741928546
-45.3948974609375,8.0108642578125,-383.60595703125,-46.3104248046875,-4.3487548828125,-378.11279296875,1.77966237068176,-10.0728454589844,-0.248251348733902,0.118070125579834,0.24131777882576,-0.102375559508801,-0.964507043361664,-5.50734329223633,7.65884447097778,-0.0566469989717007,-0.0480742752552032,0.0630912706255913,0.702503502368927,-9.57447052001953,-1.77064883708954,0.0875942260026932,0.260650604963303,-0.00114891864359379,-1.00027930736542,-9.67457962036133,2.15753197669983,0.149838536977768,0.268368989229202,0.0142620978876948,15.7201949655,5.3000929595,-1.811563587,-0.775425560506405,-0.837590211042113,1.90568537234424
-45.4330444335938,8.0108642578125,-383.834838867188,-46.3104248046875,-4.38690185546875,-378.036499023438,1.76642203330994,-10.0620536804199,-0.223280280828476,0.118536293506622,0.244673430919647,-0.101150266826153,-0.952891707420349,-5.50447511672974,7.6589560508728,-0.0566898249089718,-0.0479141585528851,0.0627895817160606,0.693636119365692,-9.56892681121826,-1.7927234172821,0.0829426348209381,0.26163449883461,0.00123402522876859,-1.01059365272522,-9.66012954711914,2.17297911643982,0.147148996591568,0.268938809633255,0.0151788871735334,15.626498837,5.284451503,-1.802637758,-0.77598777934592,-0.83762312496453,1.89653332540301
-45.47119140625,8.0108642578125,-384.063720703125,-46.3104248046875,-4.425048828125,-377.960205078125,1.75318169593811,-10.0512619018555,-0.198309198021889,0.119002461433411,0.248029083013535,-0.0999249666929245,-0.94127631187439,-5.50160694122314,7.65906763076782,-0.0567326508462429,-0.0477540418505669,0.0624878965318203,0.684768736362457,-9.56338310241699,-1.81479799747467,0.0782910361886024,0.262618392705917,0.00361696910113096,-1.02090811729431,-9.64567852020264,2.18842601776123,0.144459456205368,0.269508630037308,0.0160956773906946,15.5328027085,5.2688100465,-1.793711929,-0.776549998185435,-0.837656038886947,1.88738127846179
-45.47119140625,8.1634521484375,-384.140014648438,-46.3485717773438,-4.425048828125,-377.731323242188,1.73994135856628,-10.040470123291,-0.173338130116463,0.119468629360199,0.251384735107422,-0.0986996740102768,-0.929660975933075,-5.49873828887939,7.6591796875,-0.056775476783514,-0.0475939214229584,0.06218621134758,0.675901293754578,-9.55783939361572,-1.83687269687653,0.0736394450068474,0.263602286577225,0.00599991297349334,-1.03122246265411,-9.63122844696045,2.20387315750122,0.141769915819168,0.27007845044136,0.0170124657452106,15.43910658,5.25316859,-1.7847861,-0.77711221702495,-0.837688952809365,1.87822923152056
-45.47119140625,8.3160400390625,-384.21630859375,-46.38671875,-4.425048828125,-377.50244140625,1.72670102119446,-10.0296783447266,-0.148367047309875,0.119934804737568,0.254740387201309,-0.0974743813276291,-0.918045580387115,-5.4958701133728,7.65929126739502,-0.0568182989954948,-0.0474338047206402,0.0618845224380493,0.667033910751343,-9.55229568481445,-1.85894727706909,0.0689878538250923,0.264586180448532,0.00838285684585571,-1.04153692722321,-9.61677837371826,2.21932029724121,0.139080375432968,0.270648270845413,0.0179292559623718,15.4391067445,5.253169031,-1.784786056,-0.777660908514566,-0.837580793711599,1.86669457038869
-45.0897216796875,8.43048095703125,-384.063720703125,-46.38671875,-4.3487548828125,-377.578735351563,1.71346068382263,-10.0188865661621,-0.123395979404449,0.120400972664356,0.258096039295197,-0.0962490811944008,-0.906430244445801,-5.49300193786621,7.65940284729004,-0.056861124932766,-0.047273688018322,0.061582837253809,0.658166527748108,-9.54675102233887,-1.88102185726166,0.0643362551927567,0.265570074319839,0.0107658011838794,-1.05185127258301,-9.60232734680176,2.23476719856262,0.136390835046768,0.271218091249466,0.0188460443168879,15.439106909,5.253169472,-1.784786012,-0.778209600004182,-0.837472634613834,1.85515990925682
-44.708251953125,8.544921875,-383.9111328125,-46.38671875,-4.2724609375,-377.655029296875,1.70022034645081,-10.0080947875977,-0.0984249040484428,0.120867140591145,0.261451691389084,-0.0950237885117531,-0.894814848899841,-5.49013376235962,7.65951442718506,-0.0569039508700371,-0.0471135713160038,0.0612811483442783,0.649299144744873,-9.5412073135376,-1.90309643745422,0.0596846640110016,0.266553968191147,0.0131487445905805,-1.0621657371521,-9.58787727355957,2.25021433830261,0.133701294660568,0.271787911653519,0.019762834534049,15.4391070735,5.253169913,-1.784785968,-0.778758291493798,-0.837364475516068,1.84362524812495
-44.86083984375,8.58306884765625,-383.834838867188,-46.3104248046875,-4.31060791015625,-377.197265625,1.68698012828827,-9.99730205535889,-0.0734538286924362,0.121333308517933,0.264807343482971,-0.0937984883785248,-0.883199512958527,-5.48726558685303,7.65962648391724,-0.0569467768073082,-0.0469534546136856,0.060979463160038,0.640431702136993,-9.53566360473633,-1.92517101764679,0.0550330691039562,0.267537832260132,0.0155316889286041,-1.0724800825119,-9.57342624664307,2.26566123962402,0.131011769175529,0.272357761859894,0.0206796228885651,15.439107238,5.253170354,-1.784785924,-0.779306982983413,-0.837256316418303,1.83209058699308
-45.013427734375,8.6212158203125,-383.758544921875,-46.234130859375,-4.3487548828125,-376.739501953125,1.67373979091644,-9.98651027679443,-0.0484827533364296,0.121799476444721,0.268162995576859,-0.0925731956958771,-0.871584117412567,-5.48439741134644,7.65973806381226,-0.0569896027445793,-0.0467933379113674,0.0606777742505074,0.631564319133759,-9.53011989593506,-1.94724559783936,0.0503814741969109,0.268521726131439,0.0179146323353052,-1.08279454708099,-9.55897617340088,2.28110837936401,0.12832222878933,0.272927582263947,0.0215964131057262,15.4391074025,5.253170795,-1.78478588,-0.779855674473029,-0.837148157320537,1.82055592586121
-44.7463989257813,8.544921875,-383.987426757813,-46.3485717773438,-4.425048828125,-376.815795898438,1.66049945354462,-9.97571849822998,-0.023511677980423,0.12226564437151,0.271518647670746,-0.0913479030132294,-0.859968781471252,-5.48152875900269,7.65984964370728,-0.0570324286818504,-0.0466332174837589,0.060376089066267,0.622696936130524,-9.52457618713379,-1.96932029724121,0.0457298792898655,0.269505620002747,0.0202975757420063,-1.0931088924408,-9.54452610015869,2.296555519104,0.12563268840313,0.273497402667999,0.0225132014602423,15.439107567,5.253171236,-1.784785836,-0.780404365962645,-0.837039998222772,1.80902126472934
-44.4793701171875,8.4686279296875,-384.21630859375,-46.4630126953125,-4.5013427734375,-376.89208984375,1.64725911617279,-9.96492671966553,0.0014593965606764,0.122731812298298,0.274874299764633,-0.0901226028800011,-0.848353385925293,-5.47866058349609,7.65996122360229,-0.0570752546191216,-0.0464731007814407,0.0600744001567364,0.613829553127289,-9.51903247833252,-1.99139487743378,0.0410782881081104,0.270489513874054,0.0226805210113525,-1.10342335700989,-9.53007507324219,2.31200242042542,0.122943140566349,0.274067223072052,0.0234299916774035,15.4391077315,5.253171677,-1.784785792,-0.780953057452261,-0.836931839125006,1.79748660359747
-44.5556640625,8.58306884765625,-383.9111328125,-46.5011596679688,-4.3487548828125,-376.89208984375,1.63401877880096,-9.95413494110107,0.0264304708689451,0.123197987675667,0.278229951858521,-0.0888973101973534,-0.836738049983978,-5.4757924079895,7.66007280349731,-0.0571180768311024,-0.0463129840791225,0.059772714972496,0.604962170124054,-9.51348876953125,-2.01346945762634,0.0364266932010651,0.271473407745361,0.0250634644180536,-1.11373770236969,-9.515625,2.32744956016541,0.12025360763073,0.274637043476105,0.0243467800319195,15.439107896,5.253172118,-1.784785748,-0.781501748941877,-0.836823680027241,1.7859519424656
-44.6319580078125,8.697509765625,-383.60595703125,-46.539306640625,-4.1961669921875,-376.89208984375,1.62077844142914,-9.94334316253662,0.0514015443623066,0.123664155602455,0.281585603952408,-0.0876720175147057,-0.825122654438019,-5.47292423248291,7.66018486022949,-0.0571609027683735,-0.0461528673768044,0.0594710260629654,0.596094727516174,-9.50794506072998,-2.0355441570282,0.0317750982940197,0.272457301616669,0.0274464078247547,-1.12405216693878,-9.50117492675781,2.3428966999054,0.11756406724453,0.275206863880157,0.0252635702490807,15.4391080605,5.253172559,-1.784785704,-0.782050440431493,-0.836715520929475,1.77441728133373
-44.4412231445313,8.73565673828125,-383.453369140625,-46.1578369140625,-4.2724609375,-376.739501953125,1.60753810405731,-9.93255138397217,0.0763726234436035,0.124130323529243,0.284941256046295,-0.0864467173814774,-0.813507318496704,-5.47005605697632,7.66029644012451,-0.0572037287056446,-0.0459927506744862,0.0591693408787251,0.587227344512939,-9.50240135192871,-2.05761861801147,0.0271235052496195,0.273441195487976,0.0298293512314558,-1.13436651229858,-9.48672389984131,2.35834360122681,0.11487452685833,0.27577668428421,0.0261803586035967,15.439108225,5.253173,-1.78478566,-0.782599131921109,-0.83660736183171,1.76288262020186
-44.25048828125,8.7738037109375,-383.30078125,-45.7763671875,-4.3487548828125,-376.5869140625,1.59216237068176,-9.92811489105225,0.100258491933346,0.12443882972002,0.287204444408417,-0.0855988040566444,-0.804381608963013,-5.46442556381226,7.65888738632202,-0.0573557950556278,-0.0457460284233093,0.0590309053659439,0.578496873378754,-9.49565601348877,-2.08161735534668,0.0214270036667585,0.273752838373184,0.0322032682597637,-1.13685691356659,-9.47590732574463,2.39376258850098,0.112913973629475,0.276672035455704,0.0273640379309654,15.4391083895,5.253173441,-1.784785616,-0.783147823410725,-0.836499202733944,1.75134795906998
-44.1741943359375,8.73565673828125,-383.30078125,-45.9671020507813,-4.31060791015625,-376.205444335938,1.57465136051178,-9.93003273010254,0.123059153556824,0.124589674174786,0.288375169038773,-0.0851282775402069,-0.797745585441589,-5.45603370666504,7.65595817565918,-0.0576171055436134,-0.0454127080738544,0.0590557269752026,0.569903373718262,-9.48771095275879,-2.10754013061523,0.0146855963394046,0.273392260074615,0.034568153321743,-1.13152325153351,-9.46872329711914,2.44915366172791,0.111682415008545,0.27789294719696,0.0288146063685417,15.439108554,5.253173882,-1.784785572,-0.783696514900341,-0.836391043636179,1.73981329793812
-44.097900390625,8.697509765625,-383.30078125,-46.1578369140625,-4.2724609375,-375.823974609375,1.5571403503418,-9.93195056915283,0.145859822630882,0.12474051117897,0.289545893669128,-0.0846577435731888,-0.791109502315521,-5.44764137268066,7.65302848815918,-0.0578784123063087,-0.0450793877243996,0.0590805448591709,0.56130987405777,-9.47976493835449,-2.13346314430237,0.00794418808072805,0.273031681776047,0.0369330383837223,-1.12618958950043,-9.46154022216797,2.50454473495483,0.110450856387615,0.279113829135895,0.0302651729434729,15.4391087185,5.253174323,-1.784785528,-0.784245206389957,-0.836282884538413,1.72827863680624
-44.25048828125,8.544921875,-382.99560546875,-46.1959838867188,-4.38690185546875,-376.052856445313,1.53962934017181,-9.93386936187744,0.16866047680378,0.124891355633736,0.290716618299484,-0.0841872170567513,-0.784473478794098,-5.43924903869629,7.65009880065918,-0.0581397190690041,-0.0447460673749447,0.0591053664684296,0.552716374397278,-9.47181987762451,-2.15938591957092,0.00120278028771281,0.272671073675156,0.0392979234457016,-1.12085580825806,-9.4543571472168,2.55993580818176,0.109219297766685,0.280334740877151,0.031715739518404,15.439108883,5.253174764,-1.784785484,-0.784793897879573,-0.836174725440648,1.71674397567438
-44.403076171875,8.392333984375,-382.6904296875,-46.234130859375,-4.5013427734375,-376.28173828125,1.52211833000183,-9.93578720092773,0.191461145877838,0.125042200088501,0.291887372732162,-0.0837166830897331,-0.777837455272675,-5.43085718154907,7.64716958999634,-0.0584010295569897,-0.0444127433001995,0.0591301843523979,0.544122874736786,-9.46387481689453,-2.18530869483948,-0.00553862750530243,0.272310495376587,0.0416628085076809,-1.11552214622498,-9.44717311859131,2.61532664299011,0.107987739145756,0.281555622816086,0.0331663079559803,15.4391090475,5.253175205,-1.78478544,-0.785342589369189,-0.836066566342882,1.70520931454251
-44.2886352539063,8.43048095703125,-382.766723632813,-46.234130859375,-4.5013427734375,-375.9765625,1.50460731983185,-9.93770503997803,0.214261814951897,0.125193044543266,0.293058097362518,-0.083246149122715,-0.771201372146606,-5.4224648475647,7.64423990249634,-0.058662336319685,-0.0440794229507446,0.0591550059616566,0.535529375076294,-9.45592880249023,-2.21123170852661,-0.012280035763979,0.271949917078018,0.0440276935696602,-1.11018848419189,-9.43999004364014,2.67071771621704,0.106756180524826,0.28277650475502,0.0346168763935566,15.439109212,5.253175646,-1.784785396,-0.785891280858805,-0.835958407245117,1.69367465341063
-44.1741943359375,8.4686279296875,-382.843017578125,-46.234130859375,-4.5013427734375,-375.67138671875,1.48709630966187,-9.93962383270264,0.237062469124794,0.125343888998032,0.294228821992874,-0.0827756226062775,-0.764565348625183,-5.41407251358032,7.64131021499634,-0.0589236430823803,-0.0437461026012897,0.0591798238456249,0.526935875415802,-9.44798374176025,-2.23715448379517,-0.0190214440226555,0.271589308977127,0.0463925786316395,-1.10485482215881,-9.43280696868896,2.72610878944397,0.105524621903896,0.283997416496277,0.0360674448311329,15.4391093765,5.253176087,-1.784785352,-0.78643997234842,-0.835850248147352,1.68213999227877
-43.9453125,8.392333984375,-382.537841796875,-46.3485717773438,-4.5013427734375,-375.823974609375,1.46958529949188,-9.94154167175293,0.259863138198853,0.125494733452797,0.29539954662323,-0.0823050886392593,-0.75792932510376,-5.40568065643311,7.6383810043335,-0.0591849535703659,-0.0434127822518349,0.0592046454548836,0.51834237575531,-9.44003772735596,-2.26307725906372,-0.0257628504186869,0.271228730678558,0.0487574636936188,-1.09952116012573,-9.42562294006348,2.7814998626709,0.104293063282967,0.285218298435211,0.0375180132687092,15.439109541,5.253176528,-1.784785308,-0.786988663838036,-0.835742089049586,1.67060533114689
-43.7164306640625,8.3160400390625,-382.232666015625,-46.4630126953125,-4.5013427734375,-375.9765625,1.4520742893219,-9.94345951080322,0.28266379237175,0.125645577907562,0.296570301055908,-0.0818345621228218,-0.751293241977692,-5.39728832244873,7.6354513168335,-0.0594462603330612,-0.0430794581770897,0.0592294633388519,0.509748876094818,-9.43209266662598,-2.28900027275085,-0.0325042605400085,0.27086815237999,0.0511223487555981,-1.09418749809265,-9.4184398651123,2.83689069747925,0.103061504662037,0.286439210176468,0.0389685817062855,15.4391097055,5.253176969,-1.784785264,-0.787537355327652,-0.835633929951821,1.65907067001503
-43.6782836914063,8.27789306640625,-382.156372070313,-46.5011596679688,-4.46319580078125,-375.442504882813,1.43456315994263,-9.94537830352783,0.30546447634697,0.125796407461166,0.297741025686264,-0.0813640281558037,-0.744657218456268,-5.38889646530151,7.63252210617065,-0.0597075708210468,-0.0427461378276348,0.0592542849481106,0.501155376434326,-9.424147605896,-2.31492304801941,-0.0392456650733948,0.270507544279099,0.0534872338175774,-1.08885383605957,-9.41125583648682,2.89228177070618,0.101829946041107,0.287660092115402,0.0404191501438618,15.43910987,5.25317741,-1.78478522,-0.788086046817268,-0.835525770854055,1.64753600888315
-43.64013671875,8.23974609375,-382.080078125,-46.539306640625,-4.425048828125,-374.908447265625,1.41705214977264,-9.94729614257813,0.328265130519867,0.125947251915932,0.29891175031662,-0.0808935016393661,-0.738021194934845,-5.38050413131714,7.62959241867065,-0.0599688775837421,-0.0424128174781799,0.0592791028320789,0.492561876773834,-9.4162015914917,-2.34084582328796,-0.0459870733320713,0.27014696598053,0.0558521188795567,-1.0835200548172,-9.40407276153564,2.94767284393311,0.100598387420177,0.288881003856659,0.0418697148561478,15.4391177715,5.2532189,-1.7848023065,-0.78883162092171,-0.835568140011231,1.63581031812384
-43.7164306640625,8.23974609375,-382.003784179688,-46.4248657226563,-4.5013427734375,-374.832153320313,1.39954113960266,-9.94921398162842,0.351065784692764,0.126098096370697,0.300082474946976,-0.080422967672348,-0.731385171413422,-5.37211179733276,7.62666273117065,-0.0602301843464375,-0.0420794971287251,0.0593039244413376,0.483968377113342,-9.40825653076172,-2.36676859855652,-0.0527284815907478,0.269786387681961,0.0582170039415359,-1.07818639278412,-9.39688968658447,3.00306391716003,0.0993668287992477,0.290101885795593,0.0433202832937241,15.439125673,5.25326039,-1.784819393,-0.789577195026151,-0.835610509168406,1.62408462736454
-43.792724609375,8.23974609375,-381.927490234375,-46.3104248046875,-4.57763671875,-374.755859375,1.38203012943268,-9.95113277435303,0.373866468667984,0.126248940825462,0.301253229379654,-0.0799524411559105,-0.724749088287354,-5.36371994018555,7.62373352050781,-0.0604914948344231,-0.0417461730539799,0.0593287423253059,0.47537487745285,-9.40031051635742,-2.39269161224365,-0.0594698898494244,0.26942577958107,0.0605818890035152,-1.07285273075104,-9.38970565795898,3.05845475196838,0.098135270178318,0.29132279753685,0.0447708517313004,15.4391335745,5.25330188,-1.7848364795,-0.790322769130592,-0.835652878325582,1.61235893660522
-43.8308715820313,8.20159912109375,-381.622314453125,-46.0433959960938,-4.46319580078125,-374.298095703125,1.3645191192627,-9.95305061340332,0.396667122840881,0.126399785280228,0.30242395401001,-0.0794819071888924,-0.71811306476593,-5.35532760620117,7.62080383300781,-0.0607528015971184,-0.041412852704525,0.0593535639345646,0.466781377792358,-9.39236545562744,-2.41861438751221,-0.0662112981081009,0.269065201282501,0.0629467740654945,-1.06751906871796,-9.38252258300781,3.11384582519531,0.0969037115573883,0.292543679475784,0.0462214201688766,15.439141476,5.25334337,-1.784853566,-0.791068343235033,-0.835695247482758,1.60063324584592
-43.8690185546875,8.1634521484375,-381.317138671875,-45.7763671875,-4.3487548828125,-373.84033203125,1.34858846664429,-9.95289707183838,0.410721480846405,0.126539438962936,0.302750468254089,-0.0796103700995445,-0.718702018260956,-5.36756420135498,7.63195466995239,-0.0610681287944317,-0.0408542230725288,0.0595540478825569,0.456079214811325,-9.3906946182251,-2.4448618888855,-0.0735674425959587,0.268252074718475,0.065129242837429,-1.05829691886902,-9.38240242004395,3.12899518013,0.100512892007828,0.294935882091522,0.0467640049755573,15.4391493775,5.25338486,-1.7848706525,-0.791813917339474,-0.835737616639934,1.58890755508661
-43.6782836914063,8.23974609375,-381.011962890625,-45.7000732421875,-4.3487548828125,-373.382568359375,1.33265769481659,-9.95274448394775,0.424775838851929,0.126679092645645,0.303077012300491,-0.0797388330101967,-0.719290912151337,-5.37980127334595,7.64310550689697,-0.0613834522664547,-0.0402955934405327,0.0597545318305492,0.445377022027969,-9.38902378082275,-2.47110939025879,-0.0809235796332359,0.267438948154449,0.067311704158783,-1.04907488822937,-9.38228130340576,3.14414477348328,0.104122072458267,0.297328054904938,0.0473065860569477,15.439157279,5.25342635,-1.784887739,-0.792559491443916,-0.835779985797109,1.57718186432729
-43.487548828125,8.3160400390625,-380.706787109375,-45.623779296875,-4.3487548828125,-372.9248046875,1.31672704219818,-9.95259094238281,0.438830196857452,0.126818761229515,0.303403526544571,-0.0798672959208488,-0.719879865646362,-5.39203786849976,7.65425634384155,-0.061698779463768,-0.0397369600832462,0.0599550157785416,0.434674859046936,-9.38735389709473,-2.49735689163208,-0.0882797241210938,0.266625821590424,0.0694941729307175,-1.03985273838043,-9.38216114044189,3.15929412841797,0.107731252908707,0.299720257520676,0.0478491708636284,15.4391651805,5.25346784,-1.7849048255,-0.793305065548357,-0.835822354954285,1.56545617356799
-43.487548828125,8.27789306640625,-380.477905273438,-45.623779296875,-4.2724609375,-372.61962890625,1.30079638957977,-9.95243740081787,0.452884554862976,0.126958414912224,0.303730040788651,-0.079995758831501,-0.720468759536743,-5.40427494049072,7.66540718078613,-0.062014102935791,-0.0391783304512501,0.0601554997265339,0.42397266626358,-9.38568305969238,-2.52360439300537,-0.0956358686089516,0.265812665224075,0.0716766342520714,-1.03063070774078,-9.38204097747803,3.17444372177124,0.111340433359146,0.302112430334091,0.0483917519450188,15.439173082,5.25350933,-1.784921912,-0.794050639652798,-0.83586472411146,1.55373048280868
-43.487548828125,8.23974609375,-380.2490234375,-45.623779296875,-4.1961669921875,-372.314453125,1.28486573696136,-9.95228481292725,0.4669389128685,0.127098068594933,0.30405655503273,-0.0801242217421532,-0.721057713031769,-5.41651153564453,7.67655849456787,-0.0623294301331043,-0.0386197008192539,0.0603559836745262,0.413270503282547,-9.38401222229004,-2.54985189437866,-0.102992013096809,0.264999538660049,0.0738591030240059,-1.02140855789185,-9.38192081451416,3.18959307670593,0.114949613809586,0.304504632949829,0.0489343367516994,15.4391809835,5.25355082,-1.7849389985,-0.794796213757239,-0.835907093268636,1.54200479204937
-43.487548828125,8.27789306640625,-379.638671875,-45.7000732421875,-4.119873046875,-371.627807617188,1.26893496513367,-9.9521312713623,0.480993270874023,0.127237722277641,0.304383099079132,-0.0802526846528053,-0.721646666526794,-5.4287486076355,7.68770933151245,-0.0626447573304176,-0.0380610711872578,0.0605564676225185,0.402568340301514,-9.3823413848877,-2.57609939575195,-0.110348150134087,0.264186412096024,0.0760415643453598,-1.0121865272522,-9.38179969787598,3.2047426700592,0.118558794260025,0.306896805763245,0.0494769215583801,15.439188885,5.25359231,-1.784956085,-0.795541787861681,-0.835949462425812,1.53027910129006
-43.487548828125,8.3160400390625,-379.0283203125,-45.7763671875,-4.0435791015625,-370.941162109375,1.25300431251526,-9.95197772979736,0.495047599077225,0.127377390861511,0.304709613323212,-0.0803811475634575,-0.722235560417175,-5.44098520278931,7.69886016845703,-0.0629600808024406,-0.0375024378299713,0.0607569515705109,0.391866147518158,-9.38067150115967,-2.60234713554382,-0.117704294621944,0.263373285531998,0.0782240331172943,-1.00296437740326,-9.38167953491211,3.2198920249939,0.122167974710464,0.309289008378983,0.0500195026397705,15.4391967865,5.2536338,-1.7849731715,-0.796287361966122,-0.835991831582988,1.51855341053075
-43.487548828125,8.23974609375,-379.180908203125,-45.8526611328125,-4.0435791015625,-370.864868164063,1.23707365989685,-9.95182514190674,0.509101986885071,0.12751704454422,0.305036127567291,-0.0805096104741096,-0.722824513912201,-5.45322227478027,7.71001100540161,-0.0632754042744637,-0.0369438081979752,0.0609574355185032,0.381163984537125,-9.37900066375732,-2.62859463691711,-0.125060439109802,0.262560158967972,0.0804064944386482,-0.993742287158966,-9.38155937194824,3.23504161834717,0.125777155160904,0.311681181192398,0.0505620874464512,15.439204688,5.25367529,-1.784990258,-0.797032936070563,-0.836034200740163,1.50682771977144
-43.487548828125,8.1634521484375,-379.33349609375,-45.928955078125,-4.0435791015625,-370.78857421875,1.22114288806915,-9.9516716003418,0.523156344890594,0.127656698226929,0.305362671613693,-0.0806380733847618,-0.723413407802582,-5.46545886993408,7.72116184234619,-0.0635907351970673,-0.036385178565979,0.0611579194664955,0.370461791753769,-9.37732982635498,-2.65484213829041,-0.132416576147079,0.261747032403946,0.0825889632105827,-0.984520196914673,-9.38143825531006,3.25019097328186,0.129386335611343,0.314073383808136,0.0511046685278416,15.4392125895,5.25371678,-1.7850073445,-0.797778510175005,-0.836076569897339,1.49510202901213
-43.3731079101563,8.0108642578125,-379.409790039063,-45.928955078125,-4.119873046875,-371.322631835938,1.20521223545074,-9.95151805877686,0.537210702896118,0.127796351909637,0.305689185857773,-0.080766536295414,-0.724002361297607,-5.47769546508789,7.73231267929077,-0.0639060586690903,-0.0358265489339828,0.0613584034144878,0.359759628772736,-9.37565898895264,-2.6810896396637,-0.139772728085518,0.26093390583992,0.0847714319825172,-0.97529810667038,-9.38131809234619,3.26534056663513,0.132995516061783,0.316465556621552,0.0516472533345222,15.439220491,5.25375827,-1.785024431,-0.798524084279446,-0.836118939054515,1.48337633825282
-43.2586669921875,7.8582763671875,-379.486083984375,-45.928955078125,-4.1961669921875,-371.856689453125,1.18928158283234,-9.95136547088623,0.551265060901642,0.127936005592346,0.306015700101852,-0.0808949992060661,-0.724591314792633,-5.48993253707886,7.74346351623535,-0.0642213821411133,-0.0352679193019867,0.0615588873624802,0.349057465791702,-9.37398815155029,-2.70733714103699,-0.147128865122795,0.260120749473572,0.0869538933038712,-0.966076016426086,-9.38119792938232,3.28048992156982,0.136604696512222,0.318857759237289,0.0521898381412029,15.4392283925,5.25379976,-1.7850415175,-0.799269658383887,-0.83616130821169,1.47165064749351
-43.1442260742188,7.781982421875,-379.562377929688,-45.8145141601563,-4.15802001953125,-372.00927734375,1.17335081100464,-9.95121192932129,0.565319418907166,0.128075674176216,0.306342244148254,-0.0810234621167183,-0.725180208683014,-5.50216913223267,7.75461435317993,-0.0645367130637169,-0.0347092859447002,0.0617593713104725,0.338355273008347,-9.37231826782227,-2.73358464241028,-0.154485002160072,0.259307622909546,0.0891363620758057,-0.956853926181793,-9.38107681274414,3.2956395149231,0.140213876962662,0.321249932050705,0.0527324192225933,15.439236294,5.25384125,-1.785058604,-0.800015232488329,-0.836203677368866,1.4599249567342
-43.02978515625,7.7056884765625,-379.638671875,-45.7000732421875,-4.119873046875,-372.161865234375,1.15742015838623,-9.95105838775635,0.579373776912689,0.128215327858925,0.306668758392334,-0.0811519250273705,-0.72576916217804,-5.51440620422363,7.76576519012451,-0.0648520365357399,-0.0341506563127041,0.0619598552584648,0.327653110027313,-9.37064743041992,-2.75983214378357,-0.161841154098511,0.25849449634552,0.0913188233971596,-0.9476318359375,-9.38095664978027,3.31078886985779,0.143823057413101,0.323642134666443,0.053275004029274,15.4392441955,5.25388274,-1.7850756905,-0.80076080659277,-0.836246046526042,1.44819926597489
-42.8009033203125,7.74383544921875,-379.867553710938,-45.5856323242188,-4.2724609375,-372.467041015625,1.14083063602448,-9.94434833526611,0.590884923934937,0.128333568572998,0.306554913520813,-0.0812431648373604,-0.727675020694733,-5.52527141571045,7.76901817321777,-0.0644678771495819,-0.0337689071893692,0.0622391663491726,0.31676384806633,-9.37313652038574,-2.77978491783142,-0.168494313955307,0.257867246866226,0.093139722943306,-0.943746447563171,-9.37558555603027,3.274165391922,0.14980486035347,0.324444830417633,0.0532387681305408,15.439252097,5.25392423,-1.785092777,-0.801506380697211,-0.836288415683217,1.43647357521558
-42.572021484375,7.781982421875,-380.096435546875,-45.47119140625,-4.425048828125,-372.772216796875,1.12358236312866,-9.93108081817627,0.599852859973907,0.128430411219597,0.306000679731369,-0.0812971815466881,-0.730897843837738,-5.53476476669312,7.7643723487854,-0.0633842423558235,-0.0335640422999859,0.0625973045825958,0.305687516927719,-9.37978553771973,-2.79344272613525,-0.174444511532784,0.257425904273987,0.0945990532636642,-0.945197880268097,-9.36496257781982,3.18576860427856,0.158159270882607,0.323658049106598,0.0526237189769745,15.4392599985,5.25396572,-1.7851098635,-0.802251954801652,-0.836330784840393,1.42474788445628
-42.6483154296875,7.62939453125,-380.477905273438,-45.3567504882813,-4.46319580078125,-373.687744140625,1.10633409023285,-9.91781234741211,0.608820796012878,0.128527238965034,0.305446445941925,-0.0813511982560158,-0.734120666980743,-5.54425859451294,7.75972700119019,-0.0623006001114845,-0.0333591736853123,0.0629554390907288,0.294611185789108,-9.38643550872803,-2.80710053443909,-0.18039470911026,0.256984531879425,0.0960583835840225,-0.946649312973022,-9.35433959960938,3.09737181663513,0.166513681411743,0.322871267795563,0.0520086660981178,15.4392679,5.25400721,-1.78512695,-0.802997528906094,-0.836373153997569,1.41302219369696
-42.724609375,7.476806640625,-380.859375,-45.2423095703125,-4.5013427734375,-374.603271484375,1.08908581733704,-9.90454483032227,0.617788732051849,0.128624081611633,0.304892212152481,-0.0814052149653435,-0.737343490123749,-5.55375194549561,7.75508117675781,-0.0612169615924358,-0.033154308795929,0.0633135810494423,0.283534854650497,-9.39308452606201,-2.82075834274292,-0.186344906687737,0.256543189287186,0.0975177139043808,-0.948100745677948,-9.34371662139893,3.0089750289917,0.17486809194088,0.32208451628685,0.0513936169445515,15.439266941,5.254006723,-1.7851275385,-0.802664745759294,-0.835770605579301,1.40319153088046
-42.6101684570313,7.476806640625,-381.088256835938,-45.013427734375,-4.730224609375,-374.45068359375,1.07183742523193,-9.89127731323242,0.626756727695465,0.128720909357071,0.304337978363037,-0.0814592316746712,-0.740566313266754,-5.56324529647827,7.75043535232544,-0.0601333230733871,-0.0329494401812553,0.0636717155575752,0.272458523511887,-9.399733543396,-2.83441638946533,-0.192295104265213,0.256101846694946,0.0989770442247391,-0.949552118778229,-9.33309364318848,2.92057824134827,0.183222502470016,0.321297734975815,0.0507785640656948,15.439265982,5.254006236,-1.785128127,-0.802331962612496,-0.835168057161035,1.39336086806396
-42.4957275390625,7.476806640625,-381.317138671875,-44.7845458984375,-4.9591064453125,-374.298095703125,1.05458915233612,-9.87800979614258,0.635724663734436,0.12881775200367,0.303783774375916,-0.0815132483839989,-0.74378913640976,-5.5727391242981,7.74579000473022,-0.0590496845543385,-0.032744575291872,0.0640298500657082,0.261382192373276,-9.40638256072998,-2.84807419776917,-0.198245286941528,0.255660474300385,0.100436374545097,-0.951003551483154,-9.32247066497803,2.83218169212341,0.191576912999153,0.32051095366478,0.0501635149121284,15.439265023,5.254005749,-1.7851287155,-0.801999179465696,-0.834565508742768,1.38353020524745
-42.5338745117188,7.59124755859375,-381.240844726563,-44.708251953125,-4.8065185546875,-374.45068359375,1.03734087944031,-9.86474227905273,0.644692599773407,0.128914579749107,0.303229540586472,-0.0815672650933266,-0.747011959552765,-5.58223247528076,7.74114418029785,-0.0579660460352898,-0.0325397066771984,0.0643879920244217,0.250305861234665,-9.41303157806396,-2.861732006073,-0.204195484519005,0.255219131708145,0.101895704865456,-0.95245498418808,-9.31184768676758,2.74378490447998,0.19993132352829,0.319724172353745,0.0495484620332718,15.439264064,5.254005262,-1.785129304,-0.801666396318898,-0.833962960324501,1.37369954243095
-42.572021484375,7.7056884765625,-381.16455078125,-44.6319580078125,-4.6539306640625,-374.603271484375,1.02009260654449,-9.85147380828857,0.653660535812378,0.129011422395706,0.302675306797028,-0.0816212743520737,-0.75023478269577,-5.59172630310059,7.73649883270264,-0.0568824075162411,-0.0323348417878151,0.0647461265325546,0.239229544997215,-9.41968154907227,-2.87538981437683,-0.210145682096481,0.254777759313583,0.103355035185814,-0.953906416893005,-9.30122470855713,2.65538811683655,0.208285734057426,0.318937391042709,0.0489334128797054,15.439263105,5.254004775,-1.7851298925,-0.801333613172098,-0.833360411906234,1.36386887961445
-42.5338745117188,7.36236572265625,-380.706787109375,-44.5938110351563,-4.61578369140625,-374.45068359375,1.00284421443939,-9.83820629119873,0.662628531455994,0.129108250141144,0.302121073007584,-0.0816752910614014,-0.753457605838776,-5.60121965408325,7.73185300827026,-0.0557987689971924,-0.0321299731731415,0.0651042610406876,0.228153213858604,-9.42633056640625,-2.88904786109924,-0.216095879673958,0.254336416721344,0.104814365506172,-0.955357789993286,-9.29060173034668,2.56699132919312,0.216640144586563,0.318150609731674,0.0483183600008488,15.439262146,5.254004288,-1.785130481,-0.801000830025299,-0.832757863487967,1.35403821679794
-42.4957275390625,7.01904296875,-380.2490234375,-44.5556640625,-4.57763671875,-374.298095703125,0.985595941543579,-9.82493877410889,0.671596467494965,0.129205092787743,0.30156683921814,-0.0817293077707291,-0.756680428981781,-5.61071300506592,7.72720718383789,-0.0547151267528534,-0.0319251082837582,0.0654624029994011,0.217076882719994,-9.43297958374023,-2.90270566940308,-0.222046077251434,0.253895074129105,0.10627369582653,-0.956809222698212,-9.27997875213623,2.47859454154968,0.224994570016861,0.317363828420639,0.0477033108472824,15.439261187,5.254003801,-1.7851310695,-0.8006680468785,-0.8321553150697,1.34420755398144
-42.8390502929688,7.171630859375,-380.172729492188,-44.6319580078125,-4.57763671875,-374.298095703125,0.968347668647766,-9.81167125701904,0.680564403533936,0.12930192053318,0.301012605428696,-0.0817833244800568,-0.759903252124786,-5.62020683288574,7.72256183624268,-0.0536314882338047,-0.0317202396690845,0.065820537507534,0.206000566482544,-9.43962860107422,-2.91636347770691,-0.227996274828911,0.253453701734543,0.107733026146889,-0.958260655403137,-9.26935577392578,2.39019775390625,0.233348980545998,0.316577076911926,0.0470882579684258,15.439260228,5.254003314,-1.785131658,-0.800335263731701,-0.831552766651433,1.33437689116493
-43.182373046875,7.32421875,-380.096435546875,-44.708251953125,-4.57763671875,-374.298095703125,0.951099336147308,-9.79840278625488,0.689532339572906,0.129398763179779,0.300458401441574,-0.0818373411893845,-0.763126075267792,-5.62970018386841,7.7179160118103,-0.052547849714756,-0.0315153747797012,0.066178672015667,0.194924235343933,-9.44627857208252,-2.93002128601074,-0.233946457505226,0.253012359142303,0.109192356467247,-0.959712088108063,-9.25873279571533,2.3018012046814,0.241703391075134,0.315790295600891,0.0464732088148594,15.439259269,5.254002827,-1.7851322465,-0.800002480584902,-0.830950218233166,1.32454622834843
-42.9534912109375,7.4005126953125,-379.714965820313,-45.1278686523438,-4.31060791015625,-374.221801757813,0.933851063251495,-9.78513526916504,0.698500335216522,0.129495590925217,0.29990416765213,-0.0818913578987122,-0.766348898410797,-5.63919401168823,7.71327066421509,-0.0514642111957073,-0.0313105061650276,0.0665368139743805,0.183847904205322,-9.4529275894165,-2.94367933273315,-0.239896655082703,0.252570986747742,0.110651686787605,-0.961163461208344,-9.24810981750488,2.21340441703796,0.25005778670311,0.315003514289856,0.0458581559360027,15.43925831,5.25400234,-1.785132835,-0.799669697438103,-0.830347669814899,1.31471556553193
-42.724609375,7.476806640625,-379.33349609375,-45.5474853515625,-4.0435791015625,-374.1455078125,0.916602730751038,-9.7718677520752,0.707468271255493,0.129592433571815,0.299349933862686,-0.0819453746080399,-0.769571721553802,-5.6486873626709,7.70862483978271,-0.0503805726766586,-0.0311056412756443,0.0668949484825134,0.172771573066711,-9.45957660675049,-2.95733714103699,-0.245846852660179,0.252129644155502,0.112111017107964,-0.962614893913269,-9.23748683929443,2.12500762939453,0.258412212133408,0.314216732978821,0.0452431067824364,15.439257351,5.254001853,-1.7851334235,-0.799336914291304,-0.829745121396632,1.30488490271542
-42.6483154296875,7.32421875,-379.180908203125,-45.5856323242188,-4.15802001953125,-374.374389648438,0.90160471200943,-9.76669120788574,0.70741605758667,0.128880560398102,0.296371966600418,-0.0818845480680466,-0.764908492565155,-5.63681697845459,7.70263624191284,-0.0494301952421665,-0.0307226907461882,0.0672891065478325,0.165060088038445,-9.47274208068848,-2.95796370506287,-0.248992905020714,0.251388549804688,0.112399131059647,-0.967225909233093,-9.24108791351318,2.06517553329468,0.260737538337708,0.310335606336594,0.0455924421548843,15.439256392,5.254001366,-1.785134012,-0.799004131144505,-0.829142572978366,1.29505423989892
-42.572021484375,7.171630859375,-379.0283203125,-45.623779296875,-4.2724609375,-374.603271484375,0.886606633663177,-9.76151466369629,0.707363903522491,0.128168672323227,0.29339399933815,-0.0818237289786339,-0.760245263576508,-5.62494611740112,7.69664812088013,-0.0484798178076744,-0.0303397383540869,0.0676832646131516,0.157348617911339,-9.48590660095215,-2.95859026908875,-0.252138942480087,0.250647455453873,0.11268725246191,-0.971836984157562,-9.24468898773193,2.0053436756134,0.26306289434433,0.306454449892044,0.0459417775273323,15.439255433,5.254000879,-1.7851346005,-0.798671347997706,-0.828540024560099,1.28522357708242
-42.41943359375,7.2479248046875,-378.72314453125,-45.47119140625,-4.119873046875,-374.45068359375,0.87160861492157,-9.75633811950684,0.707311689853668,0.127456799149513,0.29041600227356,-0.0817629024386406,-0.75558203458786,-5.61307573318481,7.69065952301025,-0.047529436647892,-0.0299567878246307,0.06807741522789,0.149637132883072,-9.49907207489014,-2.95921683311462,-0.255284994840622,0.249906361103058,0.112975366413593,-0.976447999477386,-9.24828910827637,1.94551157951355,0.26538822054863,0.302573323249817,0.0462911128997803,15.439254474,5.254000392,-1.785135189,-0.798338564850907,-0.827937476141832,1.27539291426592
-42.266845703125,7.32421875,-378.41796875,-45.318603515625,-3.96728515625,-374.298095703125,0.856610596179962,-9.7511625289917,0.707259476184845,0.126744911074638,0.287438035011292,-0.0817020758986473,-0.750918805599213,-5.60120534896851,7.68467140197754,-0.0465790592133999,-0.0295738372951746,0.0684715732932091,0.141925662755966,-9.51223659515381,-2.95984363555908,-0.258431047201157,0.249165266752243,0.113263480365276,-0.981059014797211,-9.25189018249512,1.88567960262299,0.267713576555252,0.29869219660759,0.0466404482722282,15.439253515,5.253999905,-1.7851357775,-0.798005781704108,-0.827334927723565,1.26556225144941
-42.3049926757813,7.36236572265625,-378.570556640625,-44.9752807617188,-4.08172607421875,-374.1455078125,0.841612577438354,-9.74598598480225,0.707207262516022,0.126033037900925,0.284460067749023,-0.081641249358654,-0.746255576610565,-5.5893349647522,7.67868280410767,-0.0456286817789078,-0.0291908849030733,0.0688657313585281,0.134214177727699,-9.5254020690918,-2.96047019958496,-0.261577099561691,0.248424172401428,0.11355160176754,-0.985670030117035,-9.25549125671387,1.82584762573242,0.270038902759552,0.29481104016304,0.0469897836446762,15.439252556,5.253999418,-1.785136366,-0.797672998557309,-0.826732379305298,1.25573158863291
-42.3431396484375,7.4005126953125,-378.72314453125,-44.6319580078125,-4.1961669921875,-373.992919921875,0.826614499092102,-9.74080944061279,0.707155108451843,0.12532114982605,0.281482100486755,-0.0815804302692413,-0.741592347621918,-5.57746410369873,7.67269420623779,-0.0446783043444157,-0.0288079343736172,0.0692598894238472,0.126502707600594,-9.53856754302979,-2.96109676361084,-0.264723151922226,0.247683078050613,0.113839715719223,-0.990281105041504,-9.25909233093262,1.76601552963257,0.272364228963852,0.290929913520813,0.0473391190171242,15.439251597,5.253998931,-1.7851369545,-0.79734021541051,-0.826129830887031,1.24590092581641
-42.266845703125,7.36236572265625,-378.41796875,-44.5175170898438,-4.3487548828125,-373.306274414063,0.811616480350494,-9.73563289642334,0.70710289478302,0.124609269201756,0.278504103422165,-0.081519603729248,-0.736929059028625,-5.56559371948242,7.66670608520508,-0.0437279269099236,-0.028424983844161,0.0696540474891663,0.118791222572327,-9.55173206329346,-2.96172332763672,-0.267869204282761,0.24694199860096,0.114127837121487,-0.994892120361328,-9.26269245147705,1.706183552742,0.274689584970474,0.287048786878586,0.0476884543895721,15.439250638,5.253998444,-1.785137543,-0.797007432263711,-0.825527282468764,1.2360702629999
-42.1905517578125,7.32421875,-378.11279296875,-44.403076171875,-4.5013427734375,-372.61962890625,0.796618461608887,-9.73045635223389,0.707050681114197,0.123897388577461,0.275526136159897,-0.0814587771892548,-0.732265830039978,-5.55372333526611,7.66071748733521,-0.0427775494754314,-0.0280420314520597,0.0700482055544853,0.11107974499464,-9.56489753723145,-2.9623498916626,-0.271015256643295,0.246200904250145,0.11441595107317,-0.999503135681152,-9.2662935256958,1.64635157585144,0.277014911174774,0.283167630434036,0.0480377897620201,15.439249679,5.253997957,-1.7851381315,-0.796674649116912,-0.824924734050497,1.2262396001834
-42.0379638671875,7.32421875,-377.8076171875,-44.5556640625,-4.6539306640625,-372.085571289063,0.781620442867279,-9.72527980804443,0.706998527050018,0.123185507953167,0.272548168897629,-0.0813979580998421,-0.727602601051331,-5.54185247421265,7.65472936630249,-0.041827168315649,-0.0276590809226036,0.0704423561692238,0.103368267416954,-9.57806205749512,-2.96297645568848,-0.27416130900383,0.24545980989933,0.114704065024853,-1.00411415100098,-9.26989459991455,1.58651959896088,0.279340267181396,0.279286503791809,0.0483871251344681,15.43924872,5.25399747,-1.78513872,-0.796341865970113,-0.82432218563223,1.21640893736689
-41.8853759765625,7.32421875,-377.50244140625,-44.708251953125,-4.8065185546875,-371.551513671875,0.766622364521027,-9.72010326385498,0.706946313381195,0.122473627328873,0.269570201635361,-0.0813371315598488,-0.722939372062683,-5.52998208999634,7.64874076843262,-0.0408767908811569,-0.0272761303931475,0.0708365142345428,0.0956567898392677,-9.59122753143311,-2.96360301971436,-0.277307361364365,0.244718715548515,0.114992186427116,-1.0087251663208,-9.2734956741333,1.52668750286102,0.281665593385696,0.275405377149582,0.048736460506916,15.4355487105,5.253510941,-1.7851612635,-0.796750880676303,-0.823989073862499,1.20973486699164
-41.961669921875,7.476806640625,-376.89208984375,-44.8989868164063,-4.9591064453125,-371.246337890625,0.751624345779419,-9.71492767333984,0.706894099712372,0.121761746704578,0.266592234373093,-0.0812763050198555,-0.718276143074036,-5.51811170578003,7.64275217056274,-0.0399264134466648,-0.0268931780010462,0.0712306722998619,0.0879453122615814,-9.60439300537109,-2.96422982215881,-0.280453413724899,0.243977621197701,0.115280300378799,-1.01333630084991,-9.27709674835205,1.46685552597046,0.283990919589996,0.271524220705032,0.049085795879364,15.431848701,5.253024412,-1.785183807,-0.797159895382492,-0.823655962092768,1.2030607966164
-42.0379638671875,7.62939453125,-376.28173828125,-45.0897216796875,-5.1116943359375,-370.941162109375,0.736626327037811,-9.70975112915039,0.706841945648193,0.121049866080284,0.263614237308502,-0.0812154859304428,-0.713612914085388,-5.50624084472656,7.63676404953003,-0.0389760360121727,-0.02651022747159,0.071624830365181,0.0802338346838951,-9.61755752563477,-2.96485638618469,-0.283599466085434,0.243236526846886,0.115568414330482,-1.01794731616974,-9.28069686889648,1.4070235490799,0.286316275596619,0.267643094062805,0.049435131251812,15.4281486915,5.252537883,-1.7852063505,-0.797568910088682,-0.823322850323037,1.19638672624115
-42.266845703125,7.5531005859375,-376.129150390625,-45.0515747070313,-5.30242919921875,-370.864868164063,0.721628308296204,-9.70457458496094,0.70678973197937,0.12033798545599,0.260636270046234,-0.0811546593904495,-0.708949685096741,-5.49437046051025,7.63077545166016,-0.0380256585776806,-0.0261272769421339,0.0720189884305,0.0725223571062088,-9.63072299957275,-2.96548295021057,-0.286745518445969,0.242495432496071,0.115856535732746,-1.02255833148956,-9.28429794311523,1.34719157218933,0.288641601800919,0.263761967420578,0.0497844666242599,15.424448682,5.252051354,-1.785228894,-0.797977924794872,-0.822989738553306,1.1897126558659
-42.4957275390625,7.476806640625,-375.9765625,-45.013427734375,-5.4931640625,-370.78857421875,0.712508797645569,-9.70520496368408,0.706206381320953,0.11941783875227,0.257486253976822,-0.0811456516385078,-0.706355154514313,-5.47906112670898,7.62561273574829,-0.0378253608942032,-0.0256384909152985,0.0725043714046478,0.0647497549653053,-9.64649200439453,-2.95802736282349,-0.28865846991539,0.241569682955742,0.115787714719772,-1.02374851703644,-9.29655265808105,1.32474422454834,0.285969108343124,0.261186540126801,0.0513174273073673,15.4207486725,5.251564825,-1.7852514375,-0.798386939501062,-0.822656626783575,1.18303858549065
-42.3812866210938,7.476806640625,-375.442504882813,-45.013427734375,-5.4168701171875,-370.941162109375,0.709267854690552,-9.71164131164551,0.705091893672943,0.118289418518543,0.254164218902588,-0.0811884701251984,-0.705829322338104,-5.46031332015991,7.62127542495728,-0.0383751504123211,-0.0250438693910837,0.0730809792876244,0.0569160431623459,-9.66486549377441,-2.94248986244202,-0.289338350296021,0.240459263324738,0.115361966192722,-1.02151787281036,-9.31746101379395,1.3396817445755,0.278298735618591,0.259916812181473,0.0540340170264244,15.417048663,5.251078296,-1.785273981,-0.798795954207252,-0.822323515013844,1.1763645151154
-42.266845703125,7.476806640625,-374.908447265625,-45.013427734375,-5.340576171875,-371.09375,0.706026911735535,-9.71807765960693,0.703977406024933,0.117160998284817,0.250842154026031,-0.0812312811613083,-0.705303549766541,-5.44156503677368,7.61693811416626,-0.0389249362051487,-0.0244492497295141,0.0736575946211815,0.0490823313593864,-9.6832389831543,-2.92695212364197,-0.290018230676651,0.239348858594894,0.114936210215092,-1.01928722858429,-9.33836936950684,1.35461914539337,0.270628392696381,0.258647084236145,0.0567506030201912,15.4133486535,5.250591767,-1.7852965245,-0.799204968913441,-0.821990403244114,1.16969044474015
-42.3812866210938,7.4005126953125,-374.374389648438,-44.8226928710938,-5.37872314453125,-371.017456054688,0.702785968780518,-9.72451400756836,0.702862918376923,0.11603257805109,0.247520118951797,-0.0812740996479988,-0.704777717590332,-5.42281723022461,7.61260080337524,-0.0394747219979763,-0.0238546282052994,0.0742342099547386,0.041248619556427,-9.70161247253418,-2.9114146232605,-0.290698111057281,0.23823843896389,0.114510454237461,-1.01705658435822,-9.35927772521973,1.36955666542053,0.262958019971848,0.25737738609314,0.0594671927392483,15.409648644,5.250105238,-1.785319068,-0.799613983619631,-0.821657291474382,1.1630163743649
-42.4957275390625,7.32421875,-373.84033203125,-44.6319580078125,-5.4168701171875,-370.941162109375,0.6995450258255,-9.73095035552979,0.701748430728912,0.114904157817364,0.244198068976402,-0.0813169106841087,-0.704251885414124,-5.40406942367554,7.60826349258423,-0.0400245115160942,-0.0232600085437298,0.0748108178377151,0.0334149040281773,-9.71998596191406,-2.89587688446045,-0.291377991437912,0.237128034234047,0.114084705710411,-1.01482594013214,-9.38018608093262,1.38449418544769,0.255287677049637,0.256107658147812,0.0621837787330151,15.4059486345,5.249618709,-1.7853416115,-0.800022998325821,-0.821324179704652,1.15634230398965
-42.41943359375,7.0953369140625,-373.992919921875,-44.5556640625,-5.2642822265625,-370.864868164063,0.696304082870483,-9.73738670349121,0.700633943080902,0.113775737583637,0.240876033902168,-0.0813597217202187,-0.703726053237915,-5.38532114028931,7.60392618179321,-0.0405742973089218,-0.0226653888821602,0.0753874331712723,0.0255811922252178,-9.73835945129395,-2.8803391456604,-0.292057871818542,0.236017629504204,0.11365894973278,-1.01259529590607,-9.40109443664551,1.39943158626556,0.247617304325104,0.254837930202484,0.0649003684520721,15.402248625,5.24913218,-1.785364155,-0.800432013032011,-0.820991067934921,1.1496682336144
-42.3431396484375,6.866455078125,-374.1455078125,-44.4793701171875,-5.1116943359375,-370.78857421875,0.693063139915466,-9.74382305145264,0.699519455432892,0.112647317349911,0.237553983926773,-0.0814025402069092,-0.703200221061707,-5.36657333374023,7.5995888710022,-0.0411240831017494,-0.0220707673579454,0.0759640485048294,0.0177474785596132,-9.75673294067383,-2.86480164527893,-0.292737752199173,0.234907209873199,0.11323319375515,-1.01036465167999,-9.4220027923584,1.41436910629272,0.239946946501732,0.253568232059479,0.0676169544458389,15.3985486155,5.248645651,-1.7853866985,-0.800841027738201,-0.82065795616519,1.14299416323915
-42.41943359375,6.67572021484375,-374.221801757813,-44.25048828125,-4.99725341796875,-370.025634765625,0.689822137355804,-9.75025939941406,0.698404908180237,0.111518904566765,0.234231933951378,-0.0814453512430191,-0.702674448490143,-5.347825050354,7.59525156021118,-0.0416738726198673,-0.0214761476963758,0.0765406563878059,0.00991376582533121,-9.77510547637939,-2.84926390647888,-0.293417632579803,0.233796805143356,0.1128074452281,-1.00813388824463,-9.44291210174561,1.4293065071106,0.23227658867836,0.252298504114151,0.0703335404396057,15.394848606,5.248159122,-1.785409242,-0.801250042444391,-0.820324844395459,1.13632009286391
-42.4957275390625,6.4849853515625,-374.298095703125,-44.0216064453125,-4.8828125,-369.2626953125,0.686581194400787,-9.75669574737549,0.697290420532227,0.110390484333038,0.230909883975983,-0.0814881697297096,-0.702148616313934,-5.32907724380493,7.59091424942017,-0.0422236584126949,-0.0208815261721611,0.0771172717213631,0.00208005262538791,-9.79347896575928,-2.83372640609741,-0.294097512960434,0.232686385512352,0.112381689250469,-1.00590324401855,-9.4638204574585,1.44424402713776,0.224606230854988,0.251028776168823,0.0730501338839531,15.3911485965,5.247672593,-1.7854317855,-0.80165905715058,-0.819991732625728,1.12964602248866
-42.41943359375,6.256103515625,-374.298095703125,-43.9834594726563,-4.6539306640625,-368.728637695313,0.68334025144577,-9.76313304901123,0.696175932884216,0.109262064099312,0.227587834000587,-0.0815309807658195,-0.701622784137726,-5.31032943725586,7.58657693862915,-0.0427734479308128,-0.0202869065105915,0.0776938796043396,-0.0057536605745554,-9.81185245513916,-2.81818866729736,-0.294777393341064,0.231575980782509,0.111955940723419,-1.00367259979248,-9.48472881317139,1.45918154716492,0.216935873031616,0.249759063124657,0.0757667198777199,15.387448587,5.247186064,-1.785454329,-0.80206807185677,-0.819658620855997,1.12297195211341
-42.3431396484375,6.0272216796875,-374.298095703125,-43.9453125,-4.425048828125,-368.194580078125,0.680099308490753,-9.76956939697266,0.695061445236206,0.108133643865585,0.224265784025192,-0.0815737992525101,-0.701096951961517,-5.29158115386963,7.58223962783813,-0.0433232337236404,-0.0196922849863768,0.0782704949378967,-0.01358737424016,-9.83022594451904,-2.80265116691589,-0.295457273721695,0.230465561151505,0.111530184745789,-1.00144195556641,-9.50563716888428,1.47411894798279,0.209265515208244,0.24848935008049,0.0784833058714867,15.3837485775,5.246699535,-1.7854768725,-0.80247708656296,-0.819325509086266,1.11629788173816
-42.1905517578125,5.68389892578125,-373.687744140625,-44.1741943359375,-4.3487548828125,-368.728637695313,0.676858365535736,-9.77600574493408,0.693946957588196,0.107005223631859,0.220943748950958,-0.08161661028862,-0.700571179389954,-5.27283334732056,7.57790231704712,-0.043873019516468,-0.0190976653248072,0.0788471102714539,-0.0214210879057646,-9.84859943389893,-2.78711342811584,-0.296137154102325,0.229355156421661,0.111104428768158,-0.999211311340332,-9.52654552459717,1.48905646800995,0.201595157384872,0.247219637036324,0.0811998918652534,15.380048568,5.246213006,-1.785499416,-0.80288610126915,-0.818992397316535,1.10962381136291
-42.0379638671875,5.340576171875,-373.077392578125,-44.403076171875,-4.2724609375,-369.2626953125,0.673617422580719,-9.78244209289551,0.692832469940186,0.105876803398132,0.217621698975563,-0.0816594287753105,-0.700045347213745,-5.25408506393433,7.5735650062561,-0.044422809034586,-0.0185030438005924,0.0794237181544304,-0.029254799708724,-9.86697292327881,-2.77157592773438,-0.296817034482956,0.228244736790657,0.110678680241108,-0.996980667114258,-9.54745388031006,1.50399386882782,0.193924799561501,0.245949909090996,0.0839164853096008,15.3763485585,5.245726477,-1.7855219595,-0.80329511597534,-0.818659285546804,1.10294974098766
-41.80908203125,5.22613525390625,-373.077392578125,-44.7463989257813,-4.15802001953125,-369.720458984375,0.670376479625702,-9.78887844085693,0.691717982292175,0.104748383164406,0.214299649000168,-0.0817022398114204,-0.699519515037537,-5.23533725738525,7.56922769546509,-0.0449725948274136,-0.0179084241390228,0.0800003334879875,-0.0370885133743286,-9.88534641265869,-2.75603818893433,-0.297496914863586,0.227134332060814,0.110252924263477,-0.994750022888184,-9.56836223602295,1.51893138885498,0.186254441738129,0.244680196046829,0.0866330713033676,15.372648549,5.245239948,-1.785544503,-0.80370413068153,-0.818326173777073,1.09627567061241
-41.5802001953125,5.1116943359375,-373.077392578125,-45.0897216796875,-4.0435791015625,-370.17822265625,0.682691693305969,-9.80814552307129,0.699766039848328,0.104295767843723,0.212223142385483,-0.082267664372921,-0.702580332756042,-5.25860214233398,7.58549642562866,-0.0442763566970825,-0.0168519951403141,0.0806309953331947,-0.0452467016875744,-9.90512847900391,-2.72558259963989,-0.295647412538528,0.223579719662666,0.108545444905758,-0.984472811222076,-9.62348747253418,1.57064008712769,0.182446628808975,0.246372044086456,0.089822418987751,15.3689485395,5.244753419,-1.7855670465,-0.804113145387719,-0.817993062007342,1.08960160023716
-41.656494140625,4.99725341796875,-371.856689453125,-45.2804565429688,-4.0435791015625,-370.635986328125,0.695006847381592,-9.82741260528564,0.70781409740448,0.103843152523041,0.210146620869637,-0.0828330814838409,-0.705641210079193,-5.28186702728271,7.60176563262939,-0.0435801222920418,-0.0157955642789602,0.0812616646289825,-0.0534048862755299,-9.92491149902344,-2.69512701034546,-0.293797880411148,0.220025107264519,0.106837965548038,-0.974195599555969,-9.67861366271973,1.62234878540039,0.178638815879822,0.248063877224922,0.0930117592215538,15.36524853,5.24426689,-1.78558959,-0.804522160093909,-0.817659950237611,1.08292752986191
-41.7327880859375,4.8828125,-370.635986328125,-45.47119140625,-4.0435791015625,-371.09375,0.707322061061859,-9.8466796875,0.715862154960632,0.103390537202358,0.208070114254951,-0.0833985060453415,-0.708702027797699,-5.3051323890686,7.61803436279297,-0.0428838841617107,-0.0147391352802515,0.0818923264741898,-0.0615630745887756,-9.94469356536865,-2.66467142105103,-0.29194837808609,0.216470494866371,0.105130486190319,-0.963918387889862,-9.73373889923096,1.6740574836731,0.17483101785183,0.249755725264549,0.0962011069059372,15.3652493405,5.244267157,-1.7855905075,-0.804442202545767,-0.817367650803038,1.07964680163893
-41.80908203125,4.84466552734375,-370.4833984375,-45.166015625,-4.0435791015625,-371.39892578125,0.719637215137482,-9.86594676971436,0.723910212516785,0.102937921881676,0.205993607640266,-0.083963930606842,-0.711762845516205,-5.32839727401733,7.63430309295654,-0.0421876460313797,-0.0136827053502202,0.0825229957699776,-0.0697212591767311,-9.96447563171387,-2.63421607017517,-0.290098875761032,0.212915867567062,0.1034230068326,-0.953641176223755,-9.7888650894165,1.72576606273651,0.171023204922676,0.251447558403015,0.0993904545903206,15.365250151,5.244267424,-1.785591425,-0.804362244997625,-0.817075351368466,1.07636607341595
-41.8853759765625,4.8065185546875,-370.330810546875,-44.86083984375,-4.0435791015625,-371.7041015625,0.731952428817749,-9.88521385192871,0.731958270072937,0.102485306560993,0.203917101025581,-0.084529347717762,-0.714823722839355,-5.35166215896606,7.65057182312012,-0.0414914079010487,-0.0126262754201889,0.0831536576151848,-0.0778794512152672,-9.9842586517334,-2.60376048088074,-0.288249373435974,0.209361255168915,0.10171552747488,-0.943364024162292,-9.84399032592773,1.77747476100922,0.167215391993523,0.253139406442642,0.102579794824123,15.3652509615,5.244267691,-1.7855923425,-0.804282287449483,-0.816783051933893,1.07308534519297
-41.9235229492188,4.76837158203125,-370.025634765625,-44.3267822265625,-4.23431396484375,-371.7041015625,0.744267642498016,-9.90448093414307,0.740006327629089,0.102032691240311,0.201840579509735,-0.0850947722792625,-0.717884540557861,-5.37492704391479,7.66684103012085,-0.0407951734960079,-0.0115698454901576,0.0837843269109726,-0.0860376358032227,-10.0040407180786,-2.5733048915863,-0.286399841308594,0.205806642770767,0.100008048117161,-0.933086812496185,-9.89911651611328,1.82918345928192,0.163407579064369,0.254831254482269,0.105769142508507,15.365251772,5.244267958,-1.78559326,-0.804202329901341,-0.816490752499321,1.06980461696999
-41.961669921875,4.730224609375,-369.720458984375,-43.792724609375,-4.425048828125,-371.7041015625,0.756582796573639,-9.92374801635742,0.748054444789886,0.101580075919628,0.19976407289505,-0.0856601893901825,-0.720945417881012,-5.39819240570068,7.68310976028442,-0.0400989353656769,-0.0105134155601263,0.0844149887561798,-0.0941958203911781,-10.0238227844238,-2.54284930229187,-0.284550338983536,0.20225203037262,0.0983005687594414,-0.922809600830078,-9.95424175262451,1.88089215755463,0.159599781036377,0.256523102521896,0.10895849019289,15.3652525825,5.244268225,-1.7855941775,-0.804122372353199,-0.816198453064748,1.06652388874701
-41.9235229492188,4.8065185546875,-370.101928710938,-43.7164306640625,-4.5013427734375,-371.39892578125,0.768898010253906,-9.94301509857178,0.756102502346039,0.101127460598946,0.197687566280365,-0.086225613951683,-0.724006235599518,-5.42145729064941,7.699378490448,-0.0394026972353458,-0.00945698563009501,0.0850456580519676,-0.102354012429714,-10.0436058044434,-2.51239371299744,-0.282700836658478,0.198697417974472,0.096593089401722,-0.912532389163971,-10.0093679428101,1.93260085582733,0.155791968107224,0.258214950561523,0.112147830426693,15.365253393,5.244268492,-1.785595095,-0.804042414805057,-0.815906153630175,1.06324316052403
-41.8853759765625,4.8828125,-370.4833984375,-43.64013671875,-4.57763671875,-371.09375,0.781213164329529,-9.96228218078613,0.764150559902191,0.100674845278263,0.195611044764519,-0.0867910385131836,-0.727067053318024,-5.44472217559814,7.71564769744873,-0.0387064591050148,-0.00840055663138628,0.0856763198971748,-0.11051219701767,-10.0633878707886,-2.481938123703,-0.28085133433342,0.195142805576324,0.0948856100440025,-0.902255177497864,-10.0644931793213,1.98430955410004,0.15198415517807,0.259906768798828,0.115337178111076,15.3652542035,5.244268759,-1.7855960125,-0.803962457256915,-0.815613854195603,1.05996243230105
-41.6183471679688,4.8828125,-370.941162109375,-43.9453125,-4.6539306640625,-371.246337890625,0.793528378009796,-9.98154926300049,0.772198617458344,0.100222229957581,0.193534538149834,-0.0873564556241035,-0.730127930641174,-5.46798706054688,7.7319164276123,-0.0380102246999741,-0.00734412670135498,0.086306981742382,-0.118670381605625,-10.0831699371338,-2.45148253440857,-0.279001802206039,0.191588193178177,0.0931781306862831,-0.891977965831757,-10.1196193695068,2.03601813316345,0.148176342248917,0.261598616838455,0.11852652579546,15.365255014,5.244269026,-1.78559693,-0.803882499708773,-0.81532155476103,1.05668170407807
-41.351318359375,4.8828125,-371.39892578125,-44.25048828125,-4.730224609375,-371.39892578125,0.805843591690063,-10.0008163452148,0.780246675014496,0.099769614636898,0.191458031535149,-0.0879218801856041,-0.73318874835968,-5.49125194549561,7.74818515777588,-0.037313986569643,-0.00628769677132368,0.0869376510381699,-0.126828566193581,-10.1029529571533,-2.42102718353271,-0.277152299880981,0.188033565878868,0.0914706513285637,-0.881700754165649,-10.1747446060181,2.08772683143616,0.144368529319763,0.263290464878082,0.121715866029263,15.3652558245,5.244269293,-1.7855978475,-0.803802542160631,-0.815029255326457,1.05340097585509
-41.3131713867188,4.84466552734375,-371.7041015625,-44.6701049804688,-4.99725341796875,-372.238159179688,0.818158745765686,-10.0200834274292,0.788294732570648,0.0993169993162155,0.189381510019302,-0.0884873047471046,-0.736249566078186,-5.51451730728149,7.76445436477661,-0.036617748439312,-0.00523126684129238,0.0875683128833771,-0.134986758232117,-10.1227350234985,-2.39057159423828,-0.275302797555923,0.184478953480721,0.0897631719708443,-0.871423542499542,-10.2298707962036,2.13943552970886,0.140560731291771,0.264982312917709,0.124905213713646,15.365256635,5.24426956,-1.785598765,-0.80372258461249,-0.814736955891885,1.0501202476321
-41.2750244140625,4.8065185546875,-372.00927734375,-45.0897216796875,-5.2642822265625,-373.077392578125,0.830473959445953,-10.0393505096436,0.796342790126801,0.098864383995533,0.187305003404617,-0.0890527218580246,-0.739310443401337,-5.53778219223022,7.78072309494019,-0.0359215103089809,-0.00417483737692237,0.0881989821791649,-0.143144950270653,-10.1425170898438,-2.36011600494385,-0.273453295230865,0.180924341082573,0.0880556926131248,-0.861146330833435,-10.2849960327148,2.19114422798157,0.136752918362617,0.266674160957336,0.128094553947449,15.3652574455,5.244269827,-1.7855996825,-0.803642627064348,-0.814444656457312,1.04683951940912
-41.2368774414063,4.69207763671875,-372.61962890625,-45.0515747070313,-5.340576171875,-374.1455078125,0.840370237827301,-10.0486621856689,0.802950501441956,0.0986414775252342,0.185399621725082,-0.089538112282753,-0.739330351352692,-5.54734897613525,7.77868461608887,-0.0352558679878712,-0.00338991824537516,0.0888296365737915,-0.149660989642143,-10.1587820053101,-2.33460831642151,-0.270090222358704,0.175984650850296,0.08584263920784,-0.848472893238068,-10.3285121917725,2.21548867225647,0.137665018439293,0.267841994762421,0.130018979310989,15.365258256,5.244270094,-1.7856006,-0.803562669516206,-0.81415235702274,1.04355879118614
-41.19873046875,4.57763671875,-373.22998046875,-45.013427734375,-5.4168701171875,-375.213623046875,0.847847700119019,-10.048020362854,0.808117926120758,0.0986482799053192,0.183665364980698,-0.0899434760212898,-0.736309289932251,-5.54321765899658,7.7583384513855,-0.0346208140254021,-0.00287650991231203,0.0894602760672569,-0.154534891247749,-10.1715297698975,-2.31404876708984,-0.26521360874176,0.16965988278389,0.0831240192055702,-0.83340311050415,-10.3604192733765,2.21246862411499,0.143297016620636,0.268485873937607,0.130678474903107,15.3652590665,5.244270361,-1.7856015175,-0.803482711968064,-0.813860057588167,1.04027806296316
-40.8554077148438,4.38690185546875,-373.153686523438,-44.86083984375,-5.2642822265625,-376.052856445313,0.855325162410736,-10.0473775863647,0.813285350799561,0.0986550748348236,0.181931093335152,-0.0903488323092461,-0.73328822851181,-5.53908634185791,7.73799228668213,-0.0339857637882233,-0.00236310181207955,0.0900909155607224,-0.159408777952194,-10.1842775344849,-2.2934889793396,-0.260336995124817,0.163335114717484,0.0804053992033005,-0.818333387374878,-10.3923254013062,2.20944857597351,0.148929014801979,0.269129753112793,0.131337970495224,15.365259877,5.244270628,-1.785602435,-0.803402754419922,-0.813567758153594,1.03699733474018
-40.5120849609375,4.1961669921875,-373.077392578125,-44.708251953125,-5.1116943359375,-376.89208984375,0.862802624702454,-10.0467357635498,0.818452775478363,0.0986618772149086,0.180196836590767,-0.0907541960477829,-0.730267226696014,-5.53495502471924,7.71764612197876,-0.0333507098257542,-0.00184969347901642,0.0907215550541878,-0.1642826795578,-10.1970243453979,-2.27292943000793,-0.255460381507874,0.157010331749916,0.0776867717504501,-0.803263604640961,-10.4242315292358,2.20642852783203,0.154561012983322,0.269773632287979,0.131997480988503,15.3652606875,5.244270895,-1.7856033525,-0.80332279687178,-0.813275458719022,1.0337166065172
-40.4739379882813,4.0435791015625,-372.390747070313,-44.1741943359375,-4.92095947265625,-377.044677734375,0.870280086994171,-10.0460929870605,0.823620140552521,0.098668672144413,0.178462579846382,-0.0911595523357391,-0.727246165275574,-5.53082370758057,7.69729995727539,-0.0327156558632851,-0.0013362851459533,0.0913521945476532,-0.169156581163406,-10.2097721099854,-2.25236964225769,-0.25058376789093,0.15068556368351,0.0749681517481804,-0.788193821907043,-10.4561386108398,2.20340847969055,0.160193011164665,0.270417511463165,0.13265697658062,15.365261498,5.244271162,-1.78560427,-0.803242839323638,-0.812983159284449,1.03043587829422
-40.435791015625,3.8909912109375,-371.7041015625,-43.64013671875,-4.730224609375,-377.197265625,0.877757549285889,-10.0454511642456,0.828787565231323,0.0986754670739174,0.176728308200836,-0.091564916074276,-0.724225103855133,-5.52669239044189,7.67695379257202,-0.0320806056261063,-0.000822876871097833,0.0919828340411186,-0.174030467867851,-10.2225198745728,-2.23181009292603,-0.245707169175148,0.144360795617104,0.07224952429533,-0.773124098777771,-10.4880447387695,2.20038843154907,0.165825024247169,0.271061390638351,0.133316472172737,15.3652623085,5.244271429,-1.7856051875,-0.803162881775496,-0.812690859849876,1.02715515007124
-40.8935546875,3.70025634765625,-370.330810546875,-43.4494018554688,-4.425048828125,-376.129150390625,0.885235011577606,-10.0448083877563,0.833954989910126,0.0986822694540024,0.174994051456451,-0.0919702723622322,-0.721204102039337,-5.52256107330322,7.65660762786865,-0.0314455516636372,-0.000309468596242368,0.092613473534584,-0.178904369473457,-10.2352666854858,-2.21125030517578,-0.240830555558205,0.138036027550697,0.0695309042930603,-0.758054316043854,-10.5199508666992,2.19736838340759,0.171457022428513,0.271705269813538,0.133975967764854,15.365263119,5.244271696,-1.785606105,-0.803082924227354,-0.812398560415304,1.02387442184826
-41.351318359375,3.509521484375,-368.95751953125,-43.2586669921875,-4.119873046875,-375.06103515625,0.892712473869324,-10.0441665649414,0.839122414588928,0.0986890643835068,0.173259794712067,-0.092375636100769,-0.718183040618896,-5.51842975616455,7.63626146316528,-0.0308104995638132,0.000203939693165012,0.0932441130280495,-0.183778271079063,-10.2480144500732,-2.19069075584412,-0.235953941941261,0.131711259484291,0.0668122842907906,-0.742984592914581,-10.5518579483032,2.19434833526611,0.177089020609856,0.272349148988724,0.134635463356972,15.3652639295,5.244271963,-1.7856070225,-0.803002966679212,-0.812106260980731,1.02059369362528
-41.5420532226563,3.4332275390625,-368.118286132813,-43.3731079101563,-4.119873046875,-374.1455078125,0.900189936161041,-10.0435237884521,0.844289779663086,0.0986958667635918,0.171525523066521,-0.0927809923887253,-0.715161979198456,-5.51429843902588,7.61591529846191,-0.0301754474639893,0.000717347953468561,0.0938747525215149,-0.188652157783508,-10.2607622146606,-2.17013096809387,-0.231077328324318,0.125386491417885,0.0640936568379402,-0.727914810180664,-10.5837640762329,2.19132828712463,0.182721018791199,0.27299302816391,0.135294958949089,15.36526474,5.24427223,-1.78560794,-0.80292300913107,-0.811813961546159,1.0173129654023
-41.7327880859375,3.35693359375,-367.279052734375,-43.487548828125,-4.119873046875,-373.22998046875,0.907667338848114,-10.0428819656372,0.849457204341888,0.0987026616930962,0.169791266322136,-0.0931863561272621,-0.71214097738266,-5.51016712188721,7.59556913375854,-0.0295403953641653,0.00123075628653169,0.0945053994655609,-0.193526059389114,-10.2735090255737,-2.14957141876221,-0.226200714707375,0.119061715900898,0.0613750368356705,-0.712845027446747,-10.6156711578369,2.18830847740173,0.188353016972542,0.273636877536774,0.135954454541206,15.3652649085,5.244272285,-1.785607531,-0.802720876390046,-0.811420074053663,1.01691010955342
-41.656494140625,3.2806396484375,-367.279052734375,-44.4793701171875,-4.0435791015625,-372.543334960938,0.915144801139832,-10.0422391891479,0.854624629020691,0.0987094640731812,0.168057009577751,-0.0935917124152184,-0.709119915962219,-5.50603580474854,7.57522296905518,-0.0289053432643414,0.00174416450317949,0.0951360389590263,-0.19839996099472,-10.2862567901611,-2.12901163101196,-0.221324115991592,0.112736947834492,0.0586564131081104,-0.697775304317474,-10.6475772857666,2.18528842926025,0.193985015153885,0.27428075671196,0.136613965034485,15.365265077,5.24427234,-1.785607122,-0.802518743649023,-0.811026186561168,1.01650725370455
-41.5802001953125,3.204345703125,-367.279052734375,-45.47119140625,-3.96728515625,-371.856689453125,0.922622263431549,-10.041597366333,0.859792053699493,0.0987162590026855,0.166322752833366,-0.0939970761537552,-0.706098854541779,-5.50190448760986,7.55487680435181,-0.0282702893018723,0.00225757271982729,0.0957666784524918,-0.203273862600327,-10.2990045547485,-2.1084520816803,-0.216447502374649,0.106412179768085,0.0559377893805504,-0.682705521583557,-10.6794834136963,2.18226838111877,0.199617028236389,0.274924635887146,0.137273460626602,15.3652652455,5.244272395,-1.785606713,-0.802316610907999,-0.810632299068673,1.01610439785568
-40.8935546875,3.0517578125,-366.8212890625,-46.3104248046875,-4.15802001953125,-371.856689453125,0.930099725723267,-10.0409545898438,0.864959418773651,0.0987230613827705,0.16458848118782,-0.0944024324417114,-0.703077852725983,-5.49777317047119,7.53453063964844,-0.0276352372020483,0.00277098105289042,0.0963973179459572,-0.208147749304771,-10.3117513656616,-2.08789229393005,-0.211570888757706,0.100087404251099,0.0532191693782806,-0.667635798454285,-10.7113904953003,2.17924833297729,0.205249026417732,0.275568515062332,0.137932956218719,15.365265414,5.24427245,-1.785606304,-0.802114478166976,-0.810238411576177,1.0157015420068
-40.2069091796875,2.899169921875,-366.363525390625,-47.149658203125,-4.3487548828125,-371.856689453125,0.937577188014984,-10.0403127670288,0.870126843452454,0.0987298563122749,0.162854224443436,-0.0948077961802483,-0.700056791305542,-5.49364185333252,7.51418447494507,-0.0270001851022243,0.00328438938595355,0.0970279574394226,-0.213021650910378,-10.324499130249,-2.06733274459839,-0.206694275140762,0.0937626361846924,0.0505005456507206,-0.652566015720367,-10.74329662323,2.17622828483582,0.210881024599075,0.276212394237518,0.138592451810837,15.3652655825,5.244272505,-1.785605895,-0.801912345425952,-0.809844524083682,1.01529868615793
-40.1687622070313,3.204345703125,-366.51611328125,-47.0733642578125,-4.425048828125,-371.322631835938,0.932417392730713,-10.0131607055664,0.86546391248703,0.0978963598608971,0.163005411624908,-0.0950014740228653,-0.705490231513977,-5.48479557037354,7.51567935943604,-0.026952950283885,0.00359971448779106,0.09747613966465,-0.218838945031166,-10.3362350463867,-2.0339686870575,-0.199637532234192,0.0872512310743332,0.0480095408856869,-0.636604726314545,-10.7155618667603,2.14134454727173,0.216635391116142,0.273511439561844,0.137358009815216,15.365265751,5.24427256,-1.785605486,-0.801710212684929,-0.809450636591187,1.01489583030906
-40.130615234375,3.509521484375,-366.668701171875,-46.9970703125,-4.5013427734375,-370.78857421875,0.927257597446442,-9.98600769042969,0.860800981521606,0.0970628634095192,0.163156598806381,-0.0951951593160629,-0.710923731327057,-5.47594976425171,7.517174243927,-0.0269057136029005,0.00391503982245922,0.0979243293404579,-0.224656239151955,-10.3479700088501,-2.00060439109802,-0.192580789327621,0.0807398334145546,0.0455185361206532,-0.620643436908722,-10.6878271102905,2.10646057128906,0.222389757633209,0.270810484886169,0.136123567819595,15.3652659195,5.244272615,-1.785605077,-0.801508079943905,-0.809056749098692,1.01449297446019
-40.4739379882813,3.814697265625,-365.982055664063,-46.3485717773438,-4.69207763671875,-370.330810546875,0.92209780216217,-9.95885562896729,0.856138050556183,0.0962293669581413,0.163307785987854,-0.09538883715868,-0.716357171535492,-5.46710348129272,7.51866912841797,-0.0268584787845612,0.00423036515712738,0.0983725115656853,-0.230473533272743,-10.3597059249878,-1.96724033355713,-0.18552403151989,0.0742284283041954,0.0430275313556194,-0.604682147502899,-10.6600933074951,2.07157683372498,0.228144124150276,0.268109500408173,0.134889110922813,15.365266088,5.24427267,-1.785604668,-0.801305947202882,-0.808662861606196,1.01409011861131
-40.8172607421875,4.119873046875,-365.29541015625,-45.7000732421875,-4.8828125,-369.873046875,0.916938006877899,-9.93170356750488,0.851475119590759,0.0953958779573441,0.163458973169327,-0.0955825224518776,-0.721790611743927,-5.4582576751709,7.52016401290894,-0.0268112439662218,0.00454569002613425,0.0988206937909126,-0.236290827393532,-10.3714408874512,-1.93387627601624,-0.178467288613319,0.0677170306444168,0.0405365228652954,-0.588720798492432,-10.6323585510254,2.03669285774231,0.233898490667343,0.265408545732498,0.133654668927193,15.3652662565,5.244272725,-1.785604259,-0.801103814461858,-0.808268974113701,1.01368726276244
-40.740966796875,4.0435791015625,-364.837646484375,-44.6701049804688,-5.035400390625,-369.720458984375,0.911778211593628,-9.90455055236816,0.846812129020691,0.0945623815059662,0.1636101603508,-0.0957762002944946,-0.727224111557007,-5.44941139221191,7.5216588973999,-0.0267640091478825,0.00486101536080241,0.09926887601614,-0.24210812151432,-10.3831768035889,-1.90051209926605,-0.171410545706749,0.0612056255340576,0.0380455181002617,-0.572759509086609,-10.6046237945557,2.00180912017822,0.23965285718441,0.262707591056824,0.132420226931572,15.365266425,5.24427278,-1.78560385,-0.800901681720835,-0.807875086621205,1.01328440691357
-40.6646728515625,3.96728515625,-364.3798828125,-43.64013671875,-5.18798828125,-369.56787109375,0.906618416309357,-9.87739849090576,0.842149198055267,0.0937288850545883,0.163761347532272,-0.0959698781371117,-0.732657551765442,-5.44056558609009,7.52315378189087,-0.026716772466898,0.00517634069547057,0.0997170656919479,-0.247925415635109,-10.3949117660522,-1.86714792251587,-0.164353802800179,0.0546942241489887,0.035554513335228,-0.556798219680786,-10.5768890380859,1.96692514419556,0.245407223701477,0.260006636381149,0.131185784935951,15.3652665935,5.244272835,-1.785603441,-0.800699548979811,-0.80748119912871,1.01288155106469
-40.5120849609375,4.0435791015625,-363.540649414063,-43.5256958007813,-5.4168701171875,-369.56787109375,0.901458621025085,-9.85024642944336,0.837486267089844,0.0928953886032104,0.163912519812584,-0.0961635634303093,-0.738091051578522,-5.4317193031311,7.52464866638184,-0.0266695376485586,0.00549166603013873,0.100165247917175,-0.253742694854736,-10.4066476821899,-1.83378386497498,-0.157297059893608,0.0481828227639198,0.0330635085701942,-0.540836930274963,-10.5491552352905,1.93204128742218,0.251161605119705,0.257305651903152,0.129951342940331,15.365266762,5.24427289,-1.785603032,-0.800497416238788,-0.807087311636215,1.01247869521582
-40.3594970703125,4.119873046875,-362.701416015625,-43.4112548828125,-5.645751953125,-369.56787109375,0.896298825740814,-9.82309341430664,0.83282333612442,0.0920618921518326,0.164063706994057,-0.0963572412729263,-0.743524491786957,-5.42287349700928,7.5261435508728,-0.0266223028302193,0.0058069908991456,0.100613430142403,-0.259559988975525,-10.4183826446533,-1.80041968822479,-0.150240316987038,0.0416714213788509,0.0305725038051605,-0.524875640869141,-10.5214204788208,1.8971574306488,0.256915956735611,0.254604697227478,0.12871690094471,15.3652669305,5.244272945,-1.785602623,-0.800295283497764,-0.806693424143719,1.01207583936695
-40.3213500976563,4.00543212890625,-362.24365234375,-43.9071655273438,-5.68389892578125,-369.110107421875,0.891139030456543,-9.79594135284424,0.828160405158997,0.0912283957004547,0.164214894175529,-0.096550926566124,-0.748957931995392,-5.41402721405029,7.52763843536377,-0.0265750680118799,0.00612231623381376,0.101061619818211,-0.265377283096313,-10.430118560791,-1.7670556306839,-0.143183559179306,0.035160019993782,0.0280814971774817,-0.508914351463318,-10.4936857223511,1.86227357387543,0.262670338153839,0.251903742551804,0.127482444047928,15.365267099,5.244273,-1.785602214,-0.800093150756741,-0.806299536651224,1.01167298351808
-40.283203125,3.8909912109375,-361.785888671875,-44.403076171875,-5.7220458984375,-368.65234375,0.885979235172272,-9.76878929138184,0.823497474193573,0.0903948992490768,0.164366081357002,-0.096744604408741,-0.754391431808472,-5.40518093109131,7.52913331985474,-0.0265278313308954,0.00643764156848192,0.101509802043438,-0.271194577217102,-10.4418544769287,-1.73369145393372,-0.136126816272736,0.0286486186087132,0.0255904924124479,-0.492953032255173,-10.4659509658813,1.82738971710205,0.268424689769745,0.249202787876129,0.126248002052307,15.3652672675,5.244273055,-1.785601805,-0.799891018015717,-0.805905649158729,1.0112701276692
-40.4739379882813,3.70025634765625,-361.175537109375,-45.2804565429688,-5.60760498046875,-368.423461914063,0.880819439888,-9.74163627624512,0.818834543228149,0.0895614102482796,0.164517268538475,-0.096938282251358,-0.759824872016907,-5.39633512496948,7.5306282043457,-0.0264805965125561,0.00675296690315008,0.101957984268665,-0.277011871337891,-10.4535894393921,-1.70032727718353,-0.129070073366165,0.0221372172236443,0.0230994876474142,-0.47699174284935,-10.4382162094116,1.79250586032867,0.274179071187973,0.246501818299294,0.125013560056686,15.365267436,5.24427311,-1.785601396,-0.799688885274694,-0.805511761666234,1.01086727182033
-40.6646728515625,3.509521484375,-360.565185546875,-46.1578369140625,-5.4931640625,-368.194580078125,0.875659644603729,-9.71448421478271,0.814171612262726,0.0887279137969017,0.164668455719948,-0.0971319675445557,-0.765258312225342,-5.3874888420105,7.53212308883667,-0.0264333616942167,0.00706829177215695,0.102406173944473,-0.282829165458679,-10.4653253555298,-1.66696321964264,-0.122013330459595,0.0156258139759302,0.0206084810197353,-0.461030423641205,-10.4104824066162,1.7576220035553,0.279933422803879,0.243800863623619,0.123779118061066,15.3652676045,5.244273165,-1.785600987,-0.79948675253367,-0.805117874173738,1.01046441597146
-41.1605834960938,3.0517578125,-360.794067382813,-46.3485717773438,-5.2642822265625,-368.34716796875,0.870499849319458,-9.68733215332031,0.809508681297302,0.0878944173455238,0.164819642901421,-0.0973256453871727,-0.770691812038422,-5.37864303588867,7.53361797332764,-0.0263861268758774,0.00738361710682511,0.102854356169701,-0.288646459579468,-10.4770603179932,-1.63359904289246,-0.114956580102444,0.00911441259086132,0.0181174762547016,-0.445069134235382,-10.3827476501465,1.72273814678192,0.285687804222107,0.241099894046783,0.122544668614864,15.365267773,5.24427322,-1.785600578,-0.799284619792647,-0.804723986681243,1.01006156012258
-41.656494140625,2.593994140625,-361.02294921875,-46.539306640625,-5.035400390625,-368.499755859375,0.867808997631073,-9.66424083709717,0.80773514509201,0.0870170891284943,0.165219560265541,-0.0977141857147217,-0.774107277393341,-5.37892293930054,7.54336452484131,-0.0260978247970343,0.007638119161129,0.103366747498512,-0.294336825609207,-10.4830741882324,-1.59899532794952,-0.107470937073231,0.00318308523856103,0.0157807618379593,-0.435812532901764,-10.3491039276123,1.69632411003113,0.288876593112946,0.238340675830841,0.121078334748745,15.3652679415,5.244273275,-1.785600169,-0.799082487051623,-0.804330099188748,1.00965870427371
-41.2750244140625,1.983642578125,-361.251831054688,-46.1196899414063,-4.84466552734375,-368.118286132813,0.867587149143219,-9.6452112197876,0.808851003646851,0.0860959365963936,0.165868207812309,-0.0982975885272026,-0.775504767894745,-5.38832950592041,7.56136322021484,-0.0255684573203325,0.00783179700374603,0.103943355381489,-0.299900233745575,-10.4833669662476,-1.56315195560455,-0.0995564013719559,-0.00216816784814,0.0135983359068632,-0.433260649442673,-10.309552192688,1.67837989330292,0.289499849081039,0.23552317917347,0.119380101561546,15.36526811,5.24427333,-1.78559976,-0.7988803543106,-0.803936211696252,1.00925584842484
-40.8935546875,1.373291015625,-361.480712890625,-45.7000732421875,-4.6539306640625,-367.73681640625,0.867365300655365,-9.62618160247803,0.809966862201691,0.0851747840642929,0.166516855359077,-0.0988809838891029,-0.776902258396149,-5.39773607254028,7.57936191558838,-0.0250390879809856,0.00802547577768564,0.104519963264465,-0.305463641881943,-10.4836587905884,-1.52730858325958,-0.0916418582201004,-0.00751942070201039,0.0114159099757671,-0.430708765983582,-10.2699995040894,1.66043555736542,0.290123105049133,0.232705697417259,0.117681875824928,15.3686441005,5.247108046,-1.784483638,-0.798202422884725,-0.803582133091989,1.01091888549871
-40.5120849609375,0.91552734375,-361.175537109375,-45.318603515625,-4.425048828125,-367.660522460938,0.867143452167511,-9.60715198516846,0.811082720756531,0.0842536315321922,0.167165502905846,-0.0994643792510033,-0.778299748897552,-5.40714263916016,7.59736061096191,-0.0245097205042839,0.00821915455162525,0.105096571147442,-0.311027050018311,-10.4839515686035,-1.4914653301239,-0.0837273225188255,-0.0128706740215421,0.00923348404467106,-0.42815688252449,-10.230447769165,1.64249134063721,0.290746361017227,0.229888200759888,0.11598364263773,15.372020091,5.249942762,-1.783367516,-0.79752449145885,-0.803228054487725,1.01258192257259
-40.130615234375,0.457763671875,-360.870361328125,-44.9371337890625,-4.1961669921875,-367.584228515625,0.866921603679657,-9.58812236785889,0.812198638916016,0.0833324790000916,0.167814150452614,-0.100047782063484,-0.779697239398956,-5.41654920578003,7.61535930633545,-0.0239803530275822,0.00841283239424229,0.105673179030418,-0.316590458154678,-10.4842433929443,-1.45562195777893,-0.0758127793669701,-0.018221927806735,0.00705105857923627,-0.425604999065399,-10.1908950805664,1.624547123909,0.291369616985321,0.227070719003677,0.114285416901112,15.3753960815,5.252777478,-1.782251394,-0.796846560032976,-0.802873975883462,1.01424495964647
-40.1687622070313,0.3814697265625,-360.488891601563,-44.6701049804688,-4.08172607421875,-367.584228515625,0.866699755191803,-9.56909275054932,0.813314497470856,0.0824113190174103,0.168462797999382,-0.100631177425385,-0.78109472990036,-5.4259557723999,7.63335800170898,-0.0234509836882353,0.0086065111681819,0.106249786913395,-0.322153866291046,-10.4845352172852,-1.41977858543396,-0.0678982362151146,-0.0235731806606054,0.00486863311380148,-0.423053085803986,-10.1513423919678,1.6066027879715,0.291992872953415,0.224253222346306,0.112587183713913,15.378772072,5.255612194,-1.781135272,-0.796168628607101,-0.802519897279198,1.01590799672034
-40.2069091796875,0.30517578125,-360.107421875,-44.403076171875,-3.96728515625,-367.584228515625,0.866477906703949,-9.55006313323975,0.814430356025696,0.0814901664853096,0.16911144554615,-0.101214572787285,-0.782492220401764,-5.43536233901978,7.65135669708252,-0.0229216162115335,0.00880018994212151,0.106826394796371,-0.327717274427414,-10.4848279953003,-1.38393521308899,-0.0599837005138397,-0.0289244335144758,0.00268620764836669,-0.420501202344894,-10.1117906570435,1.58865857124329,0.292616128921509,0.221435740590096,0.110888957977295,15.3821480625,5.25844691,-1.78001915,-0.795490697181226,-0.802165818674935,1.01757103379422
-40.3213500976563,0.19073486328125,-359.649658203125,-44.4793701171875,-3.8909912109375,-368.194580078125,0.866256058216095,-9.53103446960449,0.815546214580536,0.0805690139532089,0.169760078191757,-0.101797975599766,-0.783889770507813,-5.44476890563965,7.66935586929321,-0.0223922487348318,0.00899386778473854,0.107403002679348,-0.333280682563782,-10.4851198196411,-1.34809184074402,-0.0520691610872746,-0.0342756882309914,0.000503781950101256,-0.417949318885803,-10.0722379684448,1.57071423530579,0.293239384889603,0.218618243932724,0.109190724790096,15.385524053,5.261281626,-1.778903028,-0.794812765755352,-0.801811740070671,1.01923407086809
-40.435791015625,0.0762939453125,-359.19189453125,-44.5556640625,-3.814697265625,-368.804931640625,0.866034209728241,-9.51200485229492,0.816662132740021,0.0796478614211082,0.170408725738525,-0.102381370961666,-0.785287261009216,-5.45417547225952,7.68735456466675,-0.0218628793954849,0.00918754655867815,0.107979610562325,-0.33884409070015,-10.4854125976563,-1.31224846839905,-0.0441546216607094,-0.0396269410848618,-0.00167864363174886,-0.415397435426712,-10.0326862335205,1.55277001857758,0.293862640857697,0.215800762176514,0.107492499053478,15.3889000435,5.264116342,-1.777786906,-0.794134834329477,-0.801457661466407,1.02089710794197
-40.2450561523438,0.3814697265625,-358.2763671875,-45.166015625,-3.814697265625,-369.491577148438,0.865812361240387,-9.49297523498535,0.817777991294861,0.0787267088890076,0.171057373285294,-0.102964773774147,-0.78668475151062,-5.46358156204224,7.70535326004028,-0.0213335119187832,0.00938122440129519,0.10855621099472,-0.344407498836517,-10.4857044219971,-1.27640509605408,-0.0362400785088539,-0.0449781939387321,-0.00386106921359897,-0.412845551967621,-9.99313354492188,1.53482580184937,0.29448589682579,0.212983265519142,0.10579426586628,15.392276034,5.266951058,-1.776670784,-0.793456902903602,-0.801103582862144,1.02256014501585
-40.0543212890625,0.6866455078125,-357.36083984375,-45.7763671875,-3.814697265625,-370.17822265625,0.865590512752533,-9.47394561767578,0.818893849849701,0.0778055563569069,0.171706020832062,-0.103548169136047,-0.788082242012024,-5.47298812866211,7.72335195541382,-0.0208041444420815,0.00957490317523479,0.109132818877697,-0.349970906972885,-10.4859972000122,-1.2405618429184,-0.0283255409449339,-0.0503294467926025,-0.00604349467903376,-0.41029366850853,-9.95358180999756,1.51688146591187,0.295109152793884,0.210165783762932,0.104096040129662,15.3956520245,5.269785774,-1.775554662,-0.792778971477728,-0.80074950425788,1.02422318208972
-39.8635864257813,1.02996826171875,-357.284545898438,-46.3485717773438,-3.70025634765625,-370.559692382813,0.865368664264679,-9.45491600036621,0.820009708404541,0.0768843963742256,0.17235466837883,-0.104131564497948,-0.789479732513428,-5.48239469528198,7.74135065078735,-0.0202747769653797,0.0097685819491744,0.109709426760674,-0.355534315109253,-10.486289024353,-1.20471847057343,-0.0204109996557236,-0.0556806996464729,-0.00822592061012983,-0.407741755247116,-9.91402912139893,1.49893724918365,0.295732408761978,0.20734828710556,0.102397806942463,15.399028015,5.27262049,-1.77443854,-0.792101040051853,-0.800395425653617,1.0258862191636
-39.6728515625,1.373291015625,-357.208251953125,-46.9207763671875,-3.5858154296875,-370.941162109375,0.865146815776825,-9.43588638305664,0.821125626564026,0.0759632438421249,0.173003315925598,-0.104714967310429,-0.790877223014832,-5.49180126190186,7.75934934616089,-0.0197454076260328,0.00996225979179144,0.11028603464365,-0.361097723245621,-10.4865818023682,-1.16887509822845,-0.0124964602291584,-0.0610319525003433,-0.0104083456099033,-0.405189871788025,-9.87447738647461,1.48099291324615,0.296355664730072,0.20453080534935,0.100699581205845,15.4024040055,5.275455206,-1.773322418,-0.791423108625978,-0.800041347049353,1.02754925623747
-39.97802734375,1.6021728515625,-357.284545898438,-46.9207763671875,-4.08172607421875,-371.09375,0.864924967288971,-9.41685676574707,0.822241485118866,0.0750420913100243,0.173651963472366,-0.105298362672329,-0.792274713516235,-5.50120782852173,7.77734804153442,-0.0192160401493311,0.010155938565731,0.110862642526627,-0.366661131381989,-10.486873626709,-1.13303172588348,-0.00458192080259323,-0.0663832053542137,-0.0125907715409994,-0.402637988328934,-9.83492469787598,1.46304869651794,0.296978920698166,0.201713308691978,0.0990013480186462,15.405779996,5.278289922,-1.772206296,-0.790745177200104,-0.79968726844509,1.02921229331135
-40.283203125,1.8310546875,-357.36083984375,-46.9207763671875,-4.57763671875,-371.246337890625,0.855833113193512,-9.4197473526001,0.828798770904541,0.0752697065472603,0.173613592982292,-0.105278007686138,-0.798133134841919,-5.48912477493286,7.75862550735474,-0.0177766904234886,0.00976621452718973,0.111006736755371,-0.373076319694519,-10.4727344512939,-1.1063996553421,0.00212096818722785,-0.0705161914229393,-0.0140502266585827,-0.420202732086182,-9.82198619842529,1.46037423610687,0.296938449144363,0.200084954500198,0.0984834507107735,15.4091559865,5.281124638,-1.771090174,-0.790067245774229,-0.799333189840826,1.03087533038523
-40.4739379882813,2.0599365234375,-357.513427734375,-46.38671875,-4.6539306640625,-370.864868164063,0.846741259098053,-9.42263793945313,0.835356056690216,0.0754973292350769,0.173575222492218,-0.105257645249367,-0.803991556167603,-5.47704124450684,7.73990249633789,-0.0163373425602913,0.00937649048864841,0.111150830984116,-0.379491478204727,-10.4585962295532,-1.07976758480072,0.00882385671138763,-0.0746491774916649,-0.0155096827074885,-0.437767505645752,-9.80904769897461,1.45769989490509,0.296898007392883,0.198456615209579,0.0979655459523201,15.412531977,5.283959354,-1.769974052,-0.789389314348355,-0.798979111236563,1.0325383674591
-40.6646728515625,2.288818359375,-357.666015625,-45.8526611328125,-4.730224609375,-370.4833984375,0.837649405002594,-9.42552757263184,0.841913342475891,0.0757249444723129,0.173536852002144,-0.105237290263176,-0.809850037097931,-5.46495819091797,7.7211799621582,-0.0148979928344488,0.00898676551878452,0.11129492521286,-0.385906666517258,-10.4444570541382,-1.05313539505005,0.0155267454683781,-0.0787821710109711,-0.0169691387563944,-0.455332249403,-9.79610919952393,1.45502543449402,0.296857535839081,0.196828261017799,0.0974476486444473,15.4159079675,5.28679407,-1.76885793,-0.78871138292248,-0.798625032632299,1.03420140453298
-40.6646728515625,2.25067138671875,-357.666015625,-45.2804565429688,-4.84466552734375,-370.635986328125,0.82855761051178,-9.42841815948486,0.848470628261566,0.075952559709549,0.17349848151207,-0.105216935276985,-0.815708458423615,-5.4528751373291,7.70245742797852,-0.0134586431086063,0.00859704148024321,0.111439019441605,-0.392321854829788,-10.4303188323975,-1.02650332450867,0.0222296342253685,-0.0829151570796967,-0.0184285938739777,-0.472896993160248,-9.78317070007324,1.45235109329224,0.296817064285278,0.19519992172718,0.096929743885994,15.419283958,5.289628786,-1.767741808,-0.788033451496605,-0.798270954028035,1.03586444160685
-40.6646728515625,2.2125244140625,-357.666015625,-44.708251953125,-4.9591064453125,-370.78857421875,0.819465756416321,-9.43130874633789,0.855027914047241,0.0761801823973656,0.173460111021996,-0.105196572840214,-0.821566879749298,-5.44079160690308,7.68373441696167,-0.0120192943140864,0.00820731744170189,0.111583113670349,-0.398737043142319,-10.4161796569824,-0.999871253967285,0.0289325229823589,-0.0870481431484222,-0.0198880489915609,-0.490461766719818,-9.77023220062256,1.44967663288116,0.296776592731476,0.1935715675354,0.0964118465781212,15.4226599485,5.292463502,-1.766625686,-0.787355520070731,-0.797916875423772,1.03752747868073
-40.0543212890625,1.71661376953125,-358.047485351563,-44.6319580078125,-5.14984130859375,-371.39892578125,0.810373902320862,-9.43419933319092,0.861585199832916,0.0764077976346016,0.173421740531921,-0.105176217854023,-0.827425301074982,-5.42870855331421,7.66501188278198,-0.010579944588244,0.00781759340316057,0.111727207899094,-0.405152201652527,-10.4020414352417,-0.973239123821259,0.0356354117393494,-0.0911811292171478,-0.0213475041091442,-0.508026480674744,-9.75729370117188,1.44700229167938,0.296736150979996,0.191943228244781,0.0958939418196678,15.426035939,5.295298218,-1.765509564,-0.786677588644856,-0.797562796819508,1.03919051575461
-39.4439697265625,1.220703125,-358.428955078125,-44.5556640625,-5.340576171875,-372.00927734375,0.801282048225403,-9.43708992004395,0.868142485618591,0.0766354203224182,0.173383370041847,-0.105155855417252,-0.83328378200531,-5.41662502288818,7.64628887176514,-0.00914059579372406,0.00742786889895797,0.111871302127838,-0.411567389965057,-10.3879022598267,-0.946607053279877,0.0423383004963398,-0.095314122736454,-0.0228069592267275,-0.525591254234314,-9.74435520172119,1.44432783126831,0.296695679426193,0.190314874053001,0.095376044511795,15.4294119295,5.298132934,-1.764393442,-0.785999657218981,-0.797208718215245,1.04085355282848
-39.0625,0.95367431640625,-358.810424804688,-45.1278686523438,-5.37872314453125,-372.314453125,0.792190194129944,-9.43998050689697,0.874699771404266,0.0768630355596542,0.173344999551773,-0.105135500431061,-0.839142203330994,-5.40454196929932,7.62756633758545,-0.00770124606788158,0.00703814486041665,0.112015396356583,-0.417982578277588,-10.3737640380859,-0.91997492313385,0.0490411892533302,-0.0994471088051796,-0.0242664143443108,-0.543156027793884,-9.73141670227051,1.44165349006653,0.296655207872391,0.188686534762383,0.0948581397533417,15.43278792,5.30096765,-1.76327732,-0.785321725793107,-0.796854639610981,1.04251658990236
-38.6810302734375,0.6866455078125,-359.19189453125,-45.7000732421875,-5.4168701171875,-372.61962890625,0.783098340034485,-9.44287014007568,0.881257057189941,0.0770906507968903,0.173306629061699,-0.10511514544487,-0.845000624656677,-5.39245891571045,7.60884380340576,-0.0062618968077004,0.00664842082187533,0.112159490585327,-0.424397736787796,-10.3596248626709,-0.893342852592468,0.0557440780103207,-0.103580094873905,-0.0257258713245392,-0.560720801353455,-9.71847820281982,1.43897902965546,0.296614766120911,0.187058180570602,0.0943402424454689,15.432788765,5.3009670695,-1.7632738045,-0.783244518117273,-0.795389172013286,1.04549260012963
-38.7954711914063,0.34332275390625,-358.428955078125,-45.9671020507813,-5.4168701171875,-373.458862304688,0.774006485939026,-9.44576072692871,0.887814342975616,0.0773182734847069,0.173268258571625,-0.105094783008099,-0.850859045982361,-5.38037538528442,7.59012079238892,-0.00482254754751921,0.00625869631767273,0.112303584814072,-0.430812925100327,-10.3454856872559,-0.866710782051086,0.0624469667673111,-0.107713080942631,-0.0271853264421225,-0.57828551530838,-9.70553970336914,1.43630468845367,0.296574294567108,0.185429841279984,0.0938223376870155,15.43278961,5.300966489,-1.763270289,-0.78116731044144,-0.793923704415591,1.04846861035691
-38.909912109375,0,-357.666015625,-46.234130859375,-5.4168701171875,-374.298095703125,0.764914691448212,-9.44865131378174,0.894371628761292,0.0775458887219429,0.173229888081551,-0.105074428021908,-0.856717467308044,-5.36829233169556,7.57139825820923,-0.00338319852016866,0.00586897227913141,0.112447679042816,-0.437228113412857,-10.3313474655151,-0.84007865190506,0.0691498592495918,-0.111846067011356,-0.0286447815597057,-0.59585028886795,-9.69260120391846,1.4336302280426,0.296533823013306,0.183801487088203,0.0933044403791428,15.432790455,5.3009659085,-1.7632667735,-0.779090102765606,-0.792458236817895,1.05144462058419
-39.6347045898438,-0.2288818359375,-356.597900390625,-46.1959838867188,-5.18798828125,-374.45068359375,0.755822837352753,-9.45154190063477,0.900928914546967,0.0777735039591789,0.173191517591476,-0.105054073035717,-0.862575948238373,-5.35620927810669,7.55267572402954,-0.00194384925998747,0.0054792482405901,0.112591773271561,-0.443643271923065,-10.3172082901001,-0.813446581363678,0.075852744281292,-0.115979060530663,-0.030104236677289,-0.613415002822876,-9.67966270446777,1.43095588684082,0.296493381261826,0.182173147797585,0.0927865356206894,15.4327913,5.300965328,-1.763263258,-0.777012895089773,-0.7909927692202,1.05442063081146
-40.3594970703125,-0.457763671875,-355.52978515625,-46.1578369140625,-4.9591064453125,-374.603271484375,0.746730983257294,-9.45443248748779,0.907486200332642,0.0780011266469955,0.173153147101402,-0.105033710598946,-0.868434369564056,-5.34412574768066,7.5339527130127,-0.000504499999806285,0.00508952373638749,0.112735867500305,-0.450058460235596,-10.3030700683594,-0.786814451217651,0.0825556367635727,-0.120112046599388,-0.0315636917948723,-0.630979776382446,-9.66672420501709,1.42828142642975,0.296452909708023,0.180544793605804,0.0922686383128166,15.432792145,5.3009647475,-1.7632597425,-0.774935687413939,-0.789527301622505,1.05739664103874
-40.7791137695313,-0.64849853515625,-355.377197265625,-46.4630126953125,-4.8828125,-374.221801757813,0.73132586479187,-9.46105098724365,0.907100439071655,0.0781475603580475,0.172711625695229,-0.10463160276413,-0.874854683876038,-5.33800458908081,7.52114725112915,0.000586742593441159,0.00467957649379969,0.112655863165855,-0.456361949443817,-10.2858057022095,-0.762259960174561,0.0885129049420357,-0.124292328953743,-0.0327111929655075,-0.644504010677338,-9.66703510284424,1.42612326145172,0.297058880329132,0.179638355970383,0.0924478247761726,15.43279299,5.300964167,-1.763256227,-0.772858479738105,-0.788061834024809,1.06037265126601
-41.19873046875,-0.8392333984375,-355.224609375,-46.7681884765625,-4.8065185546875,-373.84033203125,0.709607541561127,-9.47139835357666,0.899771630764008,0.0782128125429153,0.171866938471794,-0.103847734630108,-0.881836891174316,-5.33784484863281,7.51425933837891,0.00132987857796252,0.00424940558150411,0.112351767718792,-0.462553739547729,-10.2654151916504,-0.739782989025116,0.0937245488166809,-0.128519922494888,-0.0335467346012592,-0.653987765312195,-9.68059730529785,1.42448139190674,0.298311293125153,0.179453819990158,0.0933240950107574,15.432793835,5.3009635865,-1.7632527115,-0.770781272062272,-0.786596366427114,1.06334866149329
-41.1224365234375,-0.8392333984375,-355.300903320313,-46.6156005859375,-4.8065185546875,-373.458862304688,0.687889218330383,-9.48174476623535,0.892442882061005,0.0782780647277832,0.17102225124836,-0.103063866496086,-0.888819098472595,-5.33768510818481,7.5073709487915,0.00207301438786089,0.00381923513486981,0.112047672271729,-0.468745529651642,-10.2450256347656,-0.717306017875671,0.0989361926913261,-0.132747501134872,-0.034382276237011,-0.663471519947052,-9.69415855407715,1.42283940315247,0.299563705921173,0.179269284009933,0.0942003652453423,15.43279468,5.300963006,-1.763249196,-0.768704064386438,-0.785130898829419,1.06632467172057
-41.046142578125,-0.8392333984375,-355.377197265625,-46.4630126953125,-4.8065185546875,-373.077392578125,0.66617089509964,-9.49209213256836,0.885114073753357,0.0783433243632317,0.170177578926086,-0.102280005812645,-0.895801305770874,-5.33752584457397,7.50048303604126,0.00281615043058991,0.00338906445540488,0.111743576824665,-0.474937349557877,-10.2246351242065,-0.694829046726227,0.104147836565971,-0.136975094676018,-0.0352178178727627,-0.672955274581909,-9.70772075653076,1.42119753360748,0.300816118717194,0.179084733128548,0.0950766429305077,15.432795525,5.3009624255,-1.7632456805,-0.766626856710605,-0.783665431231724,1.06930068194784
-40.8172607421875,-0.87738037109375,-355.52978515625,-46.38671875,-4.6539306640625,-372.238159179688,0.644452571868896,-9.50243949890137,0.877785325050354,0.0784085765480995,0.169332891702652,-0.101496137678623,-0.902783513069153,-5.33736610412598,7.49359512329102,0.00355928647331893,0.00295889377593994,0.111439473927021,-0.481129139661789,-10.2042455673218,-0.672352075576782,0.109359480440617,-0.141202673316002,-0.0360533632338047,-0.682439029216766,-9.72128200531006,1.41955554485321,0.302068531513214,0.178900197148323,0.0959529131650925,15.43279637,5.300961845,-1.763242165,-0.764549649034771,-0.782199963634028,1.07227669217512
-40.58837890625,-0.91552734375,-355.682373046875,-46.3104248046875,-4.5013427734375,-371.39892578125,0.622734248638153,-9.51278591156006,0.870456516742706,0.0784738287329674,0.168488204479218,-0.100712269544601,-0.909765720367432,-5.33720636367798,7.48670673370361,0.00430242251604795,0.00252872332930565,0.111135378479958,-0.487320929765701,-10.183856010437,-0.649875104427338,0.114571131765842,-0.145430251955986,-0.0368889048695564,-0.691922783851624,-9.73484325408936,1.41791367530823,0.303320944309235,0.178715661168098,0.0968291833996773,15.432797215,5.3009612645,-1.7632386495,-0.762472441358937,-0.780734496036333,1.07525270240239
-40.130615234375,-0.57220458984375,-355.148315429688,-46.3485717773438,-4.61578369140625,-370.635986328125,0.60101592540741,-9.52313327789307,0.863127768039703,0.0785390809178352,0.167643517255783,-0.0999284088611603,-0.91674792766571,-5.33704710006714,7.47981882095337,0.00504555832594633,0.00209855264984071,0.110831283032894,-0.493512719869614,-10.1634654998779,-0.627398133277893,0.119782775640488,-0.149657845497131,-0.0377244465053082,-0.701406538486481,-9.74840545654297,1.41627168655396,0.304573357105255,0.178531125187874,0.0977054610848427,15.43279806,5.300960684,-1.763235134,-0.760395233683104,-0.779269028438638,1.07822871262967
-39.6728515625,-0.2288818359375,-354.6142578125,-46.38671875,-4.730224609375,-369.873046875,0.579297542572021,-9.53348064422607,0.855798959732056,0.0786043331027031,0.166798830032349,-0.0991445407271385,-0.923730194568634,-5.33688735961914,7.47293043136597,0.00578869413584471,0.00166838197037578,0.110527187585831,-0.499704509973526,-10.1430759429932,-0.604921162128448,0.124994419515133,-0.153885424137115,-0.0385599881410599,-0.710890293121338,-9.76196670532227,1.41462981700897,0.305825769901276,0.178346589207649,0.0985817313194275,15.432798905,5.3009601035,-1.7632316185,-0.75831802600727,-0.777803560840942,1.08120472285695
-39.3295288085938,-0.0762939453125,-354.232788085938,-46.5011596679688,-4.92095947265625,-369.949340820313,0.557579219341278,-9.54382705688477,0.848470211029053,0.078669585287571,0.165954142808914,-0.0983606725931168,-0.930712401866913,-5.33672761917114,7.46604251861572,0.00653183041140437,0.00123821129091084,0.110223084688187,-0.505896329879761,-10.1226854324341,-0.582444190979004,0.130206063389778,-0.158113017678261,-0.0393955335021019,-0.720374047756195,-9.77552890777588,1.4129878282547,0.307078182697296,0.178162053227425,0.0994580015540123,15.43279975,5.300959523,-1.763228103,-0.756240818331437,-0.776338093243248,1.08418073308422
-38.9862060546875,0.0762939453125,-353.851318359375,-46.6156005859375,-5.1116943359375,-370.025634765625,0.535860896110535,-9.55417442321777,0.841141402721405,0.0787348374724388,0.16510945558548,-0.0975768119096756,-0.937694609165192,-5.3365683555603,7.45915460586548,0.00727496622130275,0.000808040669653565,0.109918989241123,-0.512088119983673,-10.1022958755493,-0.559967219829559,0.135417714715004,-0.162340596318245,-0.0402310751378536,-0.729857742786407,-9.78909015655518,1.41134595870972,0.308330595493317,0.1779775172472,0.100334279239178,15.432800595,5.3009589425,-1.7632245875,-0.754163610655603,-0.774872625645552,1.0871567433115
-38.8717651367188,0.457763671875,-353.317260742188,-46.8826293945313,-5.18798828125,-370.101928710938,0.514142572879791,-9.56452178955078,0.833812654018402,0.0788000971078873,0.164264783263206,-0.0967929437756538,-0.94467681646347,-5.3364086151123,7.45226621627808,0.00801810249686241,0.000377870048396289,0.10961489379406,-0.518279910087585,-10.0819053649902,-0.537490248680115,0.140629351139069,-0.16656818985939,-0.0410666167736053,-0.739341497421265,-9.80265235900879,1.40970396995544,0.309583008289337,0.177792966365814,0.101210549473763,15.43280144,5.300958362,-1.763221072,-0.752086402979769,-0.773407158047856,1.09013275353878
-38.75732421875,0.8392333984375,-352.783203125,-47.149658203125,-5.2642822265625,-370.17822265625,0.492424249649048,-9.57486915588379,0.826483845710754,0.0788653492927551,0.163420096039772,-0.0960090756416321,-0.951659023761749,-5.33624887466431,7.44537830352783,0.00876123830676079,-5.23006019648165e-05,0.109310798346996,-0.524471700191498,-10.0615158081055,-0.51501327753067,0.145841002464294,-0.170795768499374,-0.0419021584093571,-0.748825252056122,-9.81621360778809,1.40806210041046,0.310835421085358,0.17760843038559,0.102086819708347,15.432802285,5.3009577815,-1.7632175565,-0.750009195303936,-0.771941690450162,1.09310876376605
-39.1006469726563,1.068115234375,-352.47802734375,-47.3785400390625,-5.4168701171875,-370.78857421875,0.470705896615982,-9.58521556854248,0.819155097007751,0.078930601477623,0.162575408816338,-0.0952252149581909,-0.958641231060028,-5.33608961105347,7.43848991394043,0.00950437411665916,-0.000482471223222092,0.109006695449352,-0.53066349029541,-10.0411252975464,-0.492536336183548,0.151052638888359,-0.17502336204052,-0.0427377037703991,-0.758309006690979,-9.8297758102417,1.40642011165619,0.312087833881378,0.177423894405365,0.102963097393513,15.43280313,5.300957201,-1.763214041,-0.747931987628102,-0.770476222852466,1.09608477399333
-39.4439697265625,1.2969970703125,-352.1728515625,-47.607421875,-5.5694580078125,-371.39892578125,0.448987573385239,-9.59556293487549,0.811826288700104,0.0789958536624908,0.161730721592903,-0.0944413468241692,-0.965623438358307,-5.33592987060547,7.43160200119019,0.0102475099265575,-0.000912641873583198,0.108702600002289,-0.536855280399323,-10.0207357406616,-0.470059365034103,0.156264290213585,-0.179250940680504,-0.0435732454061508,-0.767792761325836,-9.843337059021,1.40477824211121,0.313340246677399,0.17723935842514,0.103839367628098,15.432803975,5.3009566205,-1.7632105255,-0.745854779952269,-0.769010755254771,1.0990607842206
-40.3976440429688,1.48773193359375,-352.630615234375,-47.1878051757813,-5.7220458984375,-371.39892578125,0.432449489831924,-9.60300064086914,0.7982057929039,0.0787345618009567,0.159185439348221,-0.0941643863916397,-0.970720767974854,-5.33558464050293,7.435706615448,0.0109637752175331,-0.00167171435896307,0.108004346489906,-0.541516840457916,-9.99972724914551,-0.451078414916992,0.15859742462635,-0.184438139200211,-0.0439178124070168,-0.764711022377014,-9.86851119995117,1.3996399641037,0.314916878938675,0.178735047578812,0.104535281658173,15.43280482,5.30095604,-1.76320701,-0.743777572276435,-0.767545287657076,1.10203679444788
-41.351318359375,1.678466796875,-353.08837890625,-46.7681884765625,-5.8746337890625,-371.39892578125,0.41591140627861,-9.61043930053711,0.784585237503052,0.0784732773900032,0.156640142202377,-0.0938874185085297,-0.975818037986755,-5.33523941040039,7.43981170654297,0.0116800405085087,-0.00243078684434295,0.107306092977524,-0.54617840051651,-9.97871971130371,-0.432097464799881,0.160930544137955,-0.189625322818756,-0.0442623756825924,-0.761629283428192,-9.89368438720703,1.3945015668869,0.316493481397629,0.180230736732483,0.105231195688248,15.432395254,5.3012393605,-1.763522607,-0.742321551557538,-0.766686679256611,1.10576545159518
-41.80908203125,1.64031982421875,-353.012084960938,-46.539306640625,-5.98907470703125,-371.7041015625,0.399373322725296,-9.61787700653076,0.770964741706848,0.0782119855284691,0.154094859957695,-0.0936104580760002,-0.980915367603302,-5.33489418029785,7.44391632080078,0.0123963057994843,-0.0031898592133075,0.106607839465141,-0.550839960575104,-9.9577112197876,-0.41311651468277,0.16326367855072,-0.194812521338463,-0.0446069426834583,-0.75854754447937,-9.91885852813721,1.38936328887939,0.318070113658905,0.181726425886154,0.105927109718323,15.431985688,5.301522681,-1.763838204,-0.740865530838643,-0.765828070856146,1.10949410874247
-42.266845703125,1.6021728515625,-352.935791015625,-46.3104248046875,-6.103515625,-372.00927734375,0.382835239171982,-9.62531566619873,0.757344245910645,0.077950693666935,0.151549562811852,-0.0933334976434708,-0.986012637615204,-5.33454895019531,7.44802093505859,0.0131125701591372,-0.00394893158227205,0.105909585952759,-0.555501520633698,-9.9367036819458,-0.394135564565659,0.165596812963486,-0.199999704957008,-0.0449515096843243,-0.755465805530548,-9.94403266906738,1.3842248916626,0.319646745920181,0.183222100138664,0.106623023748398,15.431576122,5.3018060015,-1.764153801,-0.739409510119746,-0.764969462455681,1.11322276588976
-41.80908203125,1.25885009765625,-353.164672851563,-46.3485717773438,-6.1798095703125,-371.017456054688,0.366297125816345,-9.63275337219238,0.743723690509796,0.0776894092559814,0.149004280567169,-0.0930565297603607,-0.99110996723175,-5.33420372009277,7.45212602615356,0.0138288354501128,-0.00470800418406725,0.105211332440376,-0.560163080692291,-9.91569519042969,-0.375154584646225,0.167929947376251,-0.205186903476715,-0.0452960729598999,-0.752384126186371,-9.96920680999756,1.37908661365509,0.321223378181458,0.184717789292336,0.107318937778473,15.431166556,5.302089322,-1.764469398,-0.73795348940085,-0.764110854055217,1.11695142303706
-41.351318359375,0.91552734375,-353.3935546875,-46.38671875,-6.256103515625,-370.025634765625,0.349759042263031,-9.64019107818604,0.730103194713593,0.0774281173944473,0.146458983421326,-0.0927795693278313,-0.996207296848297,-5.33385848999023,7.45623064041138,0.0145451007410884,-0.00546707678586245,0.104513078927994,-0.564824640750885,-9.89468765258789,-0.356173634529114,0.170263066887856,-0.210374101996422,-0.0456406399607658,-0.749302387237549,-9.99437999725342,1.37394821643829,0.322799980640411,0.186213478446007,0.108014851808548,15.43075699,5.3023726425,-1.764784995,-0.736497468681954,-0.763252245654752,1.12068008018435
-40.435791015625,0.2288818359375,-353.012084960938,-46.7300415039063,-6.1798095703125,-369.2626953125,0.333220958709717,-9.647629737854,0.716482639312744,0.0771668329834938,0.143913701176643,-0.0925026088953018,-1.00130462646484,-5.3335132598877,7.46033573150635,0.015261366032064,-0.00622614938765764,0.103814825415611,-0.569486260414124,-9.87367916107178,-0.337192684412003,0.172596201300621,-0.215561285614967,-0.0459852032363415,-0.746220648288727,-10.0195541381836,1.36880993843079,0.324376612901688,0.187709167599678,0.108710773289204,15.430347424,5.302655963,-1.765100592,-0.735041447963057,-0.762393637254287,1.12440873733165
-39.520263671875,-0.457763671875,-352.630615234375,-47.0733642578125,-6.103515625,-368.499755859375,0.316682875156403,-9.65506744384766,0.702862143516541,0.0769055411219597,0.1413684040308,-0.0922256410121918,-1.00640189647675,-5.33316802978516,7.46444034576416,0.015977630391717,-0.00698522152379155,0.103116571903229,-0.574147820472717,-9.85267162322998,-0.318211734294891,0.174929335713387,-0.220748484134674,-0.0463297702372074,-0.743138909339905,-10.0447282791138,1.36367154121399,0.325953245162964,0.189204856753349,0.109406687319279,15.429937858,5.3029392835,-1.765416189,-0.733585427244161,-0.761535028853822,1.12813739447894
-39.1387939453125,-0.64849853515625,-351.715087890625,-47.454833984375,-6.103515625,-368.499755859375,0.300144791603088,-9.66250610351563,0.689241647720337,0.0766442492604256,0.138823121786118,-0.0919486805796623,-1.01149916648865,-5.33282279968262,7.46854496002197,0.0166938956826925,-0.00774429412558675,0.102418318390846,-0.578809380531311,-9.83166313171387,-0.29923078417778,0.177262455224991,-0.22593566775322,-0.0466743372380733,-0.740057170391083,-10.0699024200439,1.35853326320648,0.32752987742424,0.190700545907021,0.110102601349354,15.429528292,5.303222604,-1.765731786,-0.732129406525265,-0.760676420453357,1.13186605162624
-38.75732421875,-0.8392333984375,-350.799560546875,-47.8363037109375,-6.103515625,-368.499755859375,0.283606708049774,-9.66994380950928,0.675621092319489,0.076382964849472,0.136277824640274,-0.0916717201471329,-1.01659643650055,-5.33247756958008,7.47265005111694,0.0174101609736681,-0.00850336626172066,0.101720064878464,-0.583470940589905,-9.81065559387207,-0.280249834060669,0.179595589637756,-0.231122866272926,-0.047018900513649,-0.736975431442261,-10.0950756072998,1.35339486598969,0.329106479883194,0.192196235060692,0.110798515379429,15.429118726,5.3035059245,-1.766047383,-0.730673385806369,-0.759817812052893,1.13559470877353
-39.2532348632813,-0.8392333984375,-350.418090820313,-47.6455688476563,-6.14166259765625,-368.65234375,0.26706862449646,-9.67738151550293,0.662000596523285,0.0761216729879379,0.133732542395592,-0.0913947522640228,-1.02169382572174,-5.33213233947754,7.47675466537476,0.0181264262646437,-0.00926243886351585,0.101021811366081,-0.588132500648499,-9.78964710235596,-0.261268883943558,0.181928724050522,-0.236310064792633,-0.0473634675145149,-0.733893692493439,-10.12024974823,1.34825658798218,0.33068311214447,0.193691909313202,0.111494429409504,15.42870916,5.303789245,-1.76636298,-0.729217365087472,-0.758959203652428,1.13932336592083
-39.7491455078125,-0.8392333984375,-350.03662109375,-47.454833984375,-6.1798095703125,-368.804931640625,0.250530540943146,-9.6848201751709,0.648380100727081,0.0758603811264038,0.131187245249748,-0.0911177918314934,-1.02679109573364,-5.331787109375,7.48085927963257,0.0188426915556192,-0.0100215114653111,0.100323557853699,-0.592794060707092,-9.76863956451416,-0.242287918925285,0.184261843562126,-0.241497248411179,-0.0477080345153809,-0.730811953544617,-10.1454238891602,1.34311819076538,0.332259744405746,0.195187598466873,0.112190343439579,15.428299594,5.3040725655,-1.766678577,-0.727761344368576,-0.758100595251963,1.14305202306812
-40.283203125,-0.72479248046875,-349.884033203125,-47.4166870117188,-6.06536865234375,-369.491577148438,0.23399244248867,-9.69225788116455,0.634759545326233,0.0755990967154503,0.128641963005066,-0.0908408313989639,-1.03188836574554,-5.33144187927246,7.48496437072754,0.0195589568465948,-0.0107805840671062,0.0996253043413162,-0.597455620765686,-9.74763107299805,-0.223306968808174,0.186594977974892,-0.246684446930885,-0.0480525977909565,-0.727730214595795,-10.1705980300903,1.33797991275787,0.333836376667023,0.196683287620544,0.112886257469654,15.427890028,5.304355886,-1.766994174,-0.72630532364968,-0.757241986851498,1.14678068021542
-40.8172607421875,-0.6103515625,-349.7314453125,-47.3785400390625,-5.950927734375,-370.17822265625,0.225333899259567,-9.70313739776611,0.626054763793945,0.0754020214080811,0.124898478388786,-0.0908149778842926,-1.03277468681335,-5.33841466903687,7.49118185043335,0.0205849148333073,-0.0114720482379198,0.0989732593297958,-0.600272655487061,-9.72953701019287,-0.209287077188492,0.187424719333649,-0.251997649669647,-0.0483735352754593,-0.725951492786407,-10.1931056976318,1.33349049091339,0.335717052221298,0.197495236992836,0.112932354211807,15.427480462,5.3046392065,-1.767309771,-0.724849302930783,-0.756383378451034,1.15050933736271
-40.9698486328125,-0.2288818359375,-349.884033203125,-47.4929809570313,-5.950927734375,-370.864868164063,0.224554911255836,-9.71745681762695,0.622265696525574,0.0752691552042961,0.11995679885149,-0.0910402312874794,-1.02944993972778,-5.35270500183105,7.49951219558716,0.0219205655157566,-0.0120959030464292,0.098367415368557,-0.601245224475861,-9.71435737609863,-0.200228229165077,0.186751067638397,-0.257436901330948,-0.0486708395183086,-0.725475668907166,-10.2129468917847,1.32964992523193,0.337901830673218,0.197623446583748,0.112328633666039,15.427070896,5.304922527,-1.767625368,-0.723393282211888,-0.755524770050569,1.15423799451001
-41.1224365234375,0.152587890625,-350.03662109375,-47.607421875,-5.950927734375,-371.551513671875,0.223775908350945,-9.73177719116211,0.618476629257202,0.0751362890005112,0.115015126764774,-0.0912654921412468,-1.0261253118515,-5.36699533462524,7.50784254074097,0.0232562161982059,-0.0127197587862611,0.0977615714073181,-0.602217733860016,-9.69917678833008,-0.191169381141663,0.186077415943146,-0.262876123189926,-0.0489681474864483,-0.724999904632568,-10.2327890396118,1.32580935955048,0.340086579322815,0.19775165617466,0.11172491312027,15.42666133,5.3052058475,-1.767940965,-0.721937261492991,-0.754666161650104,1.1579666516573
-41.1605834960938,0.49591064453125,-350.112915039063,-47.6837158203125,-6.0272216796875,-371.932983398438,0.222996905446053,-9.74609661102295,0.614687561988831,0.0750034227967262,0.110073454678059,-0.0914907455444336,-1.02280056476593,-5.38128566741943,7.51617288589478,0.0245918668806553,-0.0133436135947704,0.0971557274460793,-0.603190302848816,-9.68399715423584,-0.182110548019409,0.185403764247894,-0.268315374851227,-0.0492654517292976,-0.724524140357971,-10.2526302337646,1.32196879386902,0.342271357774734,0.19787985086441,0.11112118512392,15.426251764,5.305489168,-1.768256562,-0.720481240774094,-0.753807553249639,1.1616953088046
-41.19873046875,0.8392333984375,-350.189208984375,-47.760009765625,-6.103515625,-372.314453125,0.222217917442322,-9.76041698455811,0.610898494720459,0.0748705565929413,0.105131775140762,-0.0917159989476204,-1.01947593688965,-5.39557600021362,7.52450323104858,0.0259275175631046,-0.0139674693346024,0.0965498834848404,-0.604162812232971,-9.66881656646729,-0.173051699995995,0.184730112552643,-0.273754596710205,-0.049562755972147,-0.724048316478729,-10.2724714279175,1.31812822818756,0.344456106424332,0.198008060455322,0.110517464578152,15.425842198,5.3057724885,-1.768572159,-0.719025220055199,-0.752948944849175,1.16542396595189
-41.0842895507813,1.25885009765625,-349.807739257813,-47.607421875,-6.40869140625,-372.314453125,0.22143891453743,-9.77473735809326,0.607109427452087,0.0747376903891563,0.100190103054047,-0.0919412598013878,-1.01615118980408,-5.40986680984497,7.53283357620239,0.027263168245554,-0.0145913250744343,0.0959440395236015,-0.605135321617126,-9.65363693237305,-0.16399285197258,0.184056460857391,-0.279193818569183,-0.0498600639402866,-0.723572552204132,-10.2923135757446,1.3142876625061,0.346640884876251,0.198136270046234,0.109913744032383,15.425432632,5.306055809,-1.768887756,-0.717569199336302,-0.75209033644871,1.16915262309919
-40.9698486328125,1.678466796875,-349.42626953125,-47.454833984375,-6.7138671875,-372.314453125,0.220659911632538,-9.7890567779541,0.603320360183716,0.0746048241853714,0.0952484309673309,-0.0921665132045746,-1.01282644271851,-5.42415714263916,7.5411639213562,0.0285988189280033,-0.0152151798829436,0.0953381955623627,-0.606107890605927,-9.63845634460449,-0.154934003949165,0.18338280916214,-0.284633070230484,-0.050157368183136,-0.723096787929535,-10.3121547698975,1.31044709682465,0.348825633525848,0.198264479637146,0.109310023486614,15.425023066,5.3063391295,-1.769203353,-0.716113178617406,-0.751231728048245,1.17288128024648
-40.5120849609375,2.02178955078125,-349.502563476563,-47.2640991210938,-6.7138671875,-372.238159179688,0.219880923628807,-9.80337715148926,0.599531233310699,0.0744719579815865,0.0903067588806152,-0.092391774058342,-1.00950169563293,-5.43844747543335,7.54949474334717,0.0299344696104527,-0.015839034691453,0.0947323516011238,-0.607080399990082,-9.62327671051025,-0.145875170826912,0.18270917236805,-0.290072292089462,-0.0504546761512756,-0.722620964050293,-10.3319969177246,1.30660653114319,0.351010411977768,0.198392689228058,0.108706302940845,15.4246135,5.30662245,-1.76951895,-0.71465715789851,-0.75037311964778,1.17660993739378
-40.0543212890625,2.3651123046875,-349.578857421875,-47.0733642578125,-6.7138671875,-372.161865234375,0.219101920723915,-9.8176965713501,0.595742166042328,0.0743390917778015,0.0853650793433189,-0.0926170274615288,-1.00617706775665,-5.45273780822754,7.55782508850098,0.031270120292902,-0.0164628904312849,0.0941265076398849,-0.608052968978882,-9.6080961227417,-0.136816322803497,0.182035520672798,-0.295511543750763,-0.050751980394125,-0.722145199775696,-10.3518381118774,1.30276596546173,0.353195160627365,0.19852089881897,0.108102582395077,15.424615342,5.3066231725,-1.76952069,-0.714540163154027,-0.750346604844515,1.18071740963766
-39.4058227539063,2.3651123046875,-349.7314453125,-46.9589233398438,-6.7901611328125,-372.161865234375,0.218322932720184,-9.83201694488525,0.591953098773956,0.0742062255740166,0.0804234072566032,-0.0928422808647156,-1.00285232067108,-5.46702814102173,7.56615543365479,0.0326057709753513,-0.0170867461711168,0.0935206711292267,-0.609025478363037,-9.59291648864746,-0.127757474780083,0.181361868977547,-0.300950765609741,-0.0510492846369743,-0.721669375896454,-10.3716793060303,1.29892551898956,0.355379939079285,0.198649108409882,0.107498861849308,15.424617184,5.306623895,-1.76952243,-0.714423168409545,-0.75032009004125,1.18482488188153
-38.75732421875,2.3651123046875,-349.884033203125,-46.844482421875,-6.866455078125,-372.161865234375,0.217543929815292,-9.84633636474609,0.588164031505585,0.0740733593702316,0.0754817277193069,-0.093067541718483,-0.999527633190155,-5.48131847381592,7.57448577880859,0.0339414216578007,-0.0177106019109488,0.0929148271679878,-0.609998047351837,-9.57773590087891,-0.118698634207249,0.180688217282295,-0.306390017271042,-0.051346592605114,-0.721193611621857,-10.3915214538574,1.29508495330811,0.357564687728882,0.198777303099632,0.106895133852959,15.424619026,5.3066246175,-1.76952417,-0.714306173665063,-0.750293575237984,1.18893235412541
-38.6810302734375,2.02178955078125,-350.341796875,-47.5692749023438,-6.90460205078125,-372.772216796875,0.2167649269104,-9.86065673828125,0.584374964237213,0.0739404931664467,0.0705400556325912,-0.0932927951216698,-0.996202945709229,-5.49560928344727,7.5828161239624,0.03527707234025,-0.0183344557881355,0.092308983206749,-0.610970556735992,-9.56255626678467,-0.109639793634415,0.180014565587044,-0.31182923913002,-0.0516438968479633,-0.72071784734726,-10.4113626480103,1.29124438762665,0.359749466180801,0.198905512690544,0.10629141330719,15.424620868,5.30662534,-1.76952591,-0.71418917892058,-0.750267060434719,1.19303982636929
-38.604736328125,1.678466796875,-350.799560546875,-48.2940673828125,-6.9427490234375,-373.382568359375,0.21598593890667,-9.87497615814209,0.580585896968842,0.0738076269626617,0.0655983835458755,-0.0935180559754372,-0.992878198623657,-5.50989961624146,7.59114646911621,0.0366127230226994,-0.0189583115279675,0.0917031392455101,-0.611943125724792,-9.54737567901611,-0.100580945611,0.179340913891792,-0.317268490791321,-0.051941204816103,-0.720242023468018,-10.4312047958374,1.28740382194519,0.361934214830399,0.199033722281456,0.105687692761421,15.42462271,5.3066260625,-1.76952765,-0.714072184176098,-0.750240545631454,1.19714729861316
-39.0243530273438,1.41143798828125,-350.9521484375,-48.1033325195313,-6.866455078125,-373.53515625,0.215206936001778,-9.88929653167725,0.57679682970047,0.0736747607588768,0.0606567077338696,-0.093743309378624,-0.989553511142731,-5.52418994903564,7.59947681427002,0.0379483737051487,-0.0195821672677994,0.0910972952842712,-0.612915635108948,-9.53219604492188,-0.091522105038166,0.178667262196541,-0.322707712650299,-0.0522385090589523,-0.71976625919342,-10.4510459899902,1.28356325626373,0.364118993282318,0.199161931872368,0.105083972215652,15.424624552,5.306626785,-1.76952939,-0.713955189431616,-0.750214030828188,1.20125477085704
-39.4439697265625,1.1444091796875,-351.104736328125,-47.91259765625,-6.7901611328125,-373.687744140625,0.231260359287262,-9.8933801651001,0.57554018497467,0.0736567452549934,0.056841392070055,-0.0939370021224022,-0.986067533493042,-5.5250096321106,7.60240507125854,0.0387163646519184,-0.0201339870691299,0.0907887443900108,-0.612915635108948,-9.52200126647949,-0.0933468416333199,0.175320163369179,-0.32650500535965,-0.052493017166853,-0.720009446144104,-10.4526357650757,1.29460036754608,0.365754127502441,0.197977155447006,0.104259632527828,15.424626394,5.3066275075,-1.76953113,-0.713838194687133,-0.750187516024923,1.20536224310092
-40.435791015625,0.87738037109375,-350.494384765625,-47.760009765625,-6.98089599609375,-374.679565429688,0.247313797473907,-9.89746284484863,0.574283480644226,0.0736387297511101,0.0530260801315308,-0.0941306948661804,-0.982581496238708,-5.52582883834839,7.60533332824707,0.0394843555986881,-0.0206858050078154,0.0904801934957504,-0.612915635108948,-9.51180648803711,-0.0951715782284737,0.171973064541817,-0.330302298069,-0.0527475252747536,-0.720252573490143,-10.4542255401611,1.30563747882843,0.367389261722565,0.196792379021645,0.103435285389423,15.424628236,5.30662823,-1.76953287,-0.713721199942651,-0.750161001221658,1.2094697153448
-41.4276123046875,0.6103515625,-349.884033203125,-47.607421875,-7.171630859375,-375.67138671875,0.263367235660553,-9.90154647827148,0.573026835918427,0.0736207216978073,0.0492107644677162,-0.0943243801593781,-0.97909551858902,-5.52664852142334,7.60826206207275,0.0402523428201675,-0.0212376248091459,0.09017164260149,-0.612915635108948,-9.50161170959473,-0.0969963073730469,0.168625980615616,-0.334099620580673,-0.0530020333826542,-0.720495760440826,-10.4558162689209,1.31667459011078,0.369024395942688,0.195607587695122,0.102610945701599,15.424630078,5.3066289525,-1.76953461,-0.713604205198168,-0.750134486418392,1.21357718758867
-41.5802001953125,0.03814697265625,-349.655151367188,-47.2259521484375,-7.01904296875,-375.9765625,0.279420644044876,-9.90562915802002,0.571770131587982,0.073602706193924,0.045395452529192,-0.0945180729031563,-0.975609540939331,-5.52746820449829,7.61119031906128,0.0410203337669373,-0.0217894446104765,0.0898630917072296,-0.612915635108948,-9.49141693115234,-0.0988210439682007,0.165278881788254,-0.337896913290024,-0.0532565414905548,-0.720738887786865,-10.4574060440063,1.32771170139313,0.370659530162811,0.19442281126976,0.101786606013775,15.42463192,5.306629675,-1.76953635,-0.713487210453686,-0.750107971615127,1.21768465983255
-41.7327880859375,-0.5340576171875,-349.42626953125,-46.844482421875,-6.866455078125,-376.28173828125,0.295474082231522,-9.90971279144287,0.570513486862183,0.0735846906900406,0.0415801368653774,-0.0947117656469345,-0.972123503684998,-5.52828788757324,7.6141185760498,0.041788324713707,-0.0223412644118071,0.0895545408129692,-0.612915635108948,-9.48122215270996,-0.100645780563354,0.161931782960892,-0.341694205999374,-0.0535110495984554,-0.720982074737549,-10.4589958190918,1.33874881267548,0.372294664382935,0.193238034844398,0.100962266325951,15.424633762,5.3066303975,-1.76953809,-0.713370215709204,-0.750081456811862,1.22179213207643
-41.2368774414063,-0.64849853515625,-349.655151367188,-46.9970703125,-6.82830810546875,-376.205444335938,0.311527490615845,-9.91379547119141,0.569256782531738,0.0735666751861572,0.0377648249268532,-0.0949054583907127,-0.968637526035309,-5.52910709381104,7.61704683303833,0.0425563156604767,-0.0228930823504925,0.0892459899187088,-0.612915635108948,-9.47102737426758,-0.102470517158508,0.15858468413353,-0.345491498708725,-0.053765557706356,-0.721225202083588,-10.4605855941772,1.34978592395782,0.373929798603058,0.192053258419037,0.100137919187546,15.424635604,5.30663112,-1.76953983,-0.713253220964721,-0.750054942008596,1.22589960432031
-40.740966796875,-0.762939453125,-349.884033203125,-47.149658203125,-6.7901611328125,-376.129150390625,0.32758092880249,-9.91787910461426,0.568000137805939,0.0735486671328545,0.0339495092630386,-0.095099151134491,-0.96515154838562,-5.52992677688599,7.61997509002686,0.0433243028819561,-0.023444902151823,0.0889374390244484,-0.612915635108948,-9.46083354949951,-0.104295246303082,0.155237600207329,-0.349288821220398,-0.0540200658142567,-0.721468389034271,-10.4621753692627,1.36082315444946,0.375564932823181,0.190868481993675,0.0993135794997215,15.424637446,5.3066318425,-1.76954157,-0.713136226220239,-0.750028427205331,1.23000707656419
-40.0924682617188,-0.91552734375,-349.960327148438,-47.30224609375,-6.67572021484375,-375.747680664063,0.343634366989136,-9.92196178436279,0.566743433475494,0.0735306516289711,0.0301341954618692,-0.0952928438782692,-0.961665511131287,-5.53074645996094,7.62290334701538,0.0440922938287258,-0.0239967219531536,0.088628888130188,-0.612915635108948,-9.45063877105713,-0.106119982898235,0.151890501379967,-0.353086113929749,-0.0542745739221573,-0.72171151638031,-10.4637651443481,1.37186026573181,0.377200067043304,0.189683705568314,0.0984892398118973,15.424639288,5.306632565,-1.76954331,-0.713019231475757,-0.750001912402066,1.23411454880806
-39.4439697265625,-1.068115234375,-350.03662109375,-47.454833984375,-6.561279296875,-375.3662109375,0.359687805175781,-9.92604541778564,0.565486788749695,0.0735126361250877,0.0263188816606998,-0.0954865291714668,-0.958179533481598,-5.53156614303589,7.62583208084106,0.0448602847754955,-0.024548539891839,0.0883203372359276,-0.612915635108948,-9.44044399261475,-0.107944719493389,0.148543402552605,-0.356883406639099,-0.0545290820300579,-0.721954703330994,-10.4653558731079,1.38289737701416,0.378835201263428,0.188498914241791,0.097664900124073,15.42464113,5.3066332875,-1.76954505,-0.712902236731274,-0.7499753975988,1.23822202105194
-39.2532348632813,-0.6866455078125,-349.655151367188,-47.91259765625,-6.561279296875,-374.679565429688,0.375741213560104,-9.9301290512085,0.56423008441925,0.0734946206212044,0.0225035678595304,-0.0956802219152451,-0.954693555831909,-5.53238534927368,7.62876033782959,0.0456282757222652,-0.0251003596931696,0.0880117863416672,-0.612915635108948,-9.43024921417236,-0.109769456088543,0.145196303725243,-0.36068069934845,-0.0547835901379585,-0.722197890281677,-10.4669456481934,1.39393448829651,0.380470335483551,0.187314137816429,0.0968405529856682,15.424642972,5.30663401,-1.76954679,-0.712785241986792,-0.749948882795535,1.24232949329582
-39.0625,-0.30517578125,-349.273681640625,-48.370361328125,-6.561279296875,-373.992919921875,0.39179465174675,-9.93421173095703,0.562973439693451,0.073476605117321,0.0186882540583611,-0.0958739146590233,-0.951207518577576,-5.53320503234863,7.63168859481812,0.046396266669035,-0.0256521794945002,0.0877032354474068,-0.612915635108948,-9.42005443572998,-0.111594192683697,0.141849204897881,-0.3644779920578,-0.0550380982458591,-0.722441017627716,-10.4685354232788,1.40497159957886,0.382105469703674,0.186129361391068,0.0960162132978439,15.424644814,5.3066347325,-1.76954853,-0.712668247242309,-0.74992236799227,1.24643696553969
-39.215087890625,0.19073486328125,-348.968505859375,-48.4085083007813,-6.82830810546875,-373.53515625,0.407848060131073,-9.93829536437988,0.561716735363007,0.0734585970640182,0.0148729393258691,-0.0960676074028015,-0.947721540927887,-5.53402471542358,7.63461685180664,0.0471642538905144,-0.0262039974331856,0.0873946845531464,-0.612915635108948,-9.4098596572876,-0.11341892182827,0.13850212097168,-0.368275314569473,-0.0552926063537598,-0.7226842045784,-10.4701251983643,1.41600871086121,0.383740603923798,0.184944584965706,0.0951918736100197,15.424646656,5.306635455,-1.76955027,-0.712551252497827,-0.749895853189004,1.25054443778357
-39.36767578125,0.6866455078125,-348.663330078125,-48.4466552734375,-7.0953369140625,-373.077392578125,0.423901498317719,-9.94237804412842,0.560460090637207,0.0734405815601349,0.0110576255246997,-0.0962613001465797,-0.944235563278198,-5.53484439849854,7.63754510879517,0.0479322448372841,-0.0267558172345161,0.087086133658886,-0.612915635108948,-9.39966487884521,-0.115243658423424,0.135155022144318,-0.372072607278824,-0.0555471144616604,-0.722927331924438,-10.4717149734497,1.42704582214355,0.385375738143921,0.183759808540344,0.0943675339221954,15.424648498,5.3066361775,-1.76955201,-0.712434257753345,-0.749869338385739,1.25465191002745
-39.4821166992188,1.220703125,-348.587036132813,-48.4466552734375,-7.20977783203125,-373.306274414063,0.442269921302795,-9.94295501708984,0.559395968914032,0.0733707621693611,0.00898451823741198,-0.096436969935894,-0.945999205112457,-5.53199100494385,7.64063596725464,0.048652958124876,-0.0272164084017277,0.0866919830441475,-0.610726594924927,-9.39077758789063,-0.123072721064091,0.131845220923424,-0.374714434146881,-0.0557622089982033,-0.724690735340118,-10.4705038070679,1.44894635677338,0.387146025896072,0.182093054056168,0.0933483615517616,15.42465034,5.3066369,-1.76955375,-0.712317263008862,-0.749842823582474,1.25875938227133
-39.5965576171875,1.7547607421875,-348.5107421875,-48.4466552734375,-7.32421875,-373.53515625,0.462953299283981,-9.94002628326416,0.558524489402771,0.0732491314411163,0.00865361653268337,-0.0965946316719055,-0.953012466430664,-5.52546453475952,7.6438889503479,0.0493263937532902,-0.027585769072175,0.086212232708931,-0.60634845495224,-9.38319778442383,-0.136906117200851,0.128572702407837,-0.376200824975967,-0.0559378825128078,-0.72797429561615,-10.4664907455444,1.48171043395996,0.389051467180252,0.179944351315498,0.0921343564987183,15.424650519,5.306636965,-1.769552954,-0.712178527491778,-0.7495541079808,1.26304335215104
-39.7872924804688,2.09808349609375,-348.281860351563,-48.5610961914063,-7.32421875,-373.916625976563,0.48363670706749,-9.93709754943848,0.55765300989151,0.0731275007128716,0.00832271482795477,-0.0967522859573364,-0.960025727748871,-5.5189380645752,7.64714241027832,0.0499998331069946,-0.0279551297426224,0.0857324823737144,-0.601970314979553,-9.37561702728271,-0.150739520788193,0.125300198793411,-0.377687215805054,-0.0561135560274124,-0.731257915496826,-10.462477684021,1.51447451114655,0.390956938266754,0.177795633673668,0.0909203588962555,15.424650698,5.30663703,-1.769552158,-0.712039791974695,-0.749265392379126,1.26732732203076
-39.97802734375,2.44140625,-348.052978515625,-48.675537109375,-7.32421875,-374.298095703125,0.504320085048676,-9.93416881561279,0.556781530380249,0.0730058699846268,0.00799181312322617,-0.0969099476933479,-0.967039048671722,-5.51241159439087,7.65039539337158,0.0506732687354088,-0.0283244904130697,0.0852527320384979,-0.597592175006866,-9.36803722381592,-0.164572909474373,0.122027687728405,-0.37917360663414,-0.056289229542017,-0.734541475772858,-10.4584646224976,1.54723858833313,0.392862379550934,0.175646930932999,0.0897063612937927,15.424650877,5.306637095,-1.769551362,-0.711901056457611,-0.748976676777452,1.27161129191048
-40.2069091796875,2.70843505859375,-347.442626953125,-48.4085083007813,-7.43865966796875,-374.221801757813,0.525003492832184,-9.93124008178711,0.555910050868988,0.072884239256382,0.00766091141849756,-0.0970676094293594,-0.974052309989929,-5.5058856010437,7.65364837646484,0.0513467043638229,-0.0286938529461622,0.084772989153862,-0.593214094638824,-9.36045742034912,-0.178406313061714,0.118755184113979,-0.380659997463226,-0.0564649030566216,-0.737825095653534,-10.4544515609741,1.58000266551971,0.394767820835114,0.173498213291168,0.0884923562407494,15.424651056,5.30663716,-1.769550566,-0.711762320940527,-0.748687961175778,1.27589526179019
-40.435791015625,2.9754638671875,-346.832275390625,-48.1414794921875,-7.5531005859375,-374.1455078125,0.545686900615692,-9.92831039428711,0.555038571357727,0.0727626085281372,0.00733000971376896,-0.0972252637147903,-0.981065571308136,-5.49935913085938,7.65690183639526,0.0520201399922371,-0.0290632136166096,0.0842932388186455,-0.588835954666138,-9.35287666320801,-0.192239701747894,0.115482673048973,-0.382146388292313,-0.0566405765712261,-0.74110871553421,-10.4504384994507,1.61276662349701,0.396673291921616,0.171349495649338,0.0872783586382866,15.424651235,5.306637225,-1.76954977,-0.711623585423443,-0.748399245574104,1.28017923166991
-40.7028198242188,2.9754638671875,-346.603393554688,-47.9888916015625,-7.781982421875,-373.53515625,0.5663703083992,-9.92538166046143,0.554167091846466,0.0726409777998924,0.00699910800904036,-0.0973829254508018,-0.988078892230988,-5.49283266067505,7.66015481948853,0.0526935756206512,-0.0294325742870569,0.083813488483429,-0.584457814693451,-9.34529685974121,-0.206073105335236,0.112210161983967,-0.383632779121399,-0.0568162500858307,-0.744392275810242,-10.4464254379272,1.64553070068359,0.398578733205795,0.169200792908669,0.0860643610358238,15.424651414,5.30663729,-1.769548974,-0.711484849906359,-0.74811052997243,1.28446320154962
-40.9698486328125,2.9754638671875,-346.37451171875,-47.8363037109375,-8.0108642578125,-372.9248046875,0.587053656578064,-9.92245292663574,0.553295612335205,0.0725193470716476,0.00666820630431175,-0.0975405797362328,-0.995092153549194,-5.48630619049072,7.66340780258179,0.0533670149743557,-0.0298019349575043,0.0833337381482124,-0.580079674720764,-9.33771705627441,-0.219906494021416,0.108937650918961,-0.385119169950485,-0.0569919236004353,-0.747675895690918,-10.4424114227295,1.67829477787018,0.400484174489975,0.167052075266838,0.0848503559827805,15.424651593,5.306637355,-1.769548178,-0.711346114389276,-0.747821814370757,1.28874717142934
-40.58837890625,2.70843505859375,-345.916748046875,-47.607421875,-7.97271728515625,-372.238159179688,0.607737064361572,-9.91952419281006,0.552424132823944,0.0723977163434029,0.00633730459958315,-0.0976982414722443,-1.00210547447205,-5.47978019714355,7.66666126251221,0.0540404506027699,-0.0301712974905968,0.0828539952635765,-0.575701594352722,-9.3301362991333,-0.233739897608757,0.105665147304535,-0.386605560779572,-0.0571675971150398,-0.750959455966949,-10.4383983612061,1.71105885505676,0.402389645576477,0.164903372526169,0.0836363583803177,15.424651772,5.30663742,-1.769547382,-0.711207378872192,-0.747533098769083,1.29303114130906
-40.2069091796875,2.44140625,-345.458984375,-47.3785400390625,-7.9345703125,-371.551513671875,0.628420472145081,-9.91659545898438,0.551552653312683,0.0722760856151581,0.00600640289485455,-0.0978559032082558,-1.00911867618561,-5.47325372695923,7.66991424560547,0.054713886231184,-0.0305406581610441,0.08237424492836,-0.571323454380035,-9.3225564956665,-0.247573286294937,0.102392636239529,-0.388091921806335,-0.0573432706296444,-0.754243075847626,-10.4343852996826,1.74382293224335,0.404295086860657,0.162754654884338,0.0824223533272743,15.424651951,5.306637485,-1.769546586,-0.711068643355108,-0.747244383167409,1.29731511118877
-39.9017333984375,2.0599365234375,-345.230102539063,-47.2640991210938,-8.0108642578125,-371.017456054688,0.649103879928589,-9.91366672515869,0.550681173801422,0.0721544548869133,0.00567550165578723,-0.0980135574936867,-1.01613199710846,-5.4667272567749,7.67316722869873,0.0553873218595982,-0.0309100188314915,0.0818944945931435,-0.566945314407349,-9.31497669219971,-0.261406689882278,0.0991201251745224,-0.389578312635422,-0.057518944144249,-0.757526636123657,-10.4303722381592,1.77658700942993,0.406200528144836,0.160605952143669,0.0812083557248116,15.42465213,5.30663755,-1.76954579,-0.710929907838024,-0.746955667565735,1.30159908106849
-39.5965576171875,1.678466796875,-345.001220703125,-47.149658203125,-8.087158203125,-370.4833984375,0.669787228107452,-9.91073703765869,0.549809694290161,0.0720328241586685,0.00534459995105863,-0.0981712192296982,-1.02314531803131,-5.46020078659058,7.67642021179199,0.0560607612133026,-0.031279381364584,0.0814147442579269,-0.562567174434662,-9.30739688873291,-0.27524009346962,0.0958476141095161,-0.391064703464508,-0.0576946176588535,-0.760810256004333,-10.4263591766357,1.80935096740723,0.408105969429016,0.158457234501839,0.0799943581223488,15.424652309,5.306637615,-1.769544994,-0.71079117232094,-0.746666951964061,1.3058830509482
-39.6347045898438,1.18255615234375,-345.230102539063,-47.4929809570313,-8.04901123046875,-370.407104492188,0.690470635890961,-9.90780830383301,0.5489382147789,0.0719111934304237,0.00501369824633002,-0.0983288735151291,-1.03015851974487,-5.45367479324341,7.67967367172241,0.0567341968417168,-0.0316487401723862,0.080935001373291,-0.55818909406662,-9.2998161315918,-0.289073467254639,0.0925751104950905,-0.392551094293594,-0.0578702911734581,-0.764093816280365,-10.4223461151123,1.84211504459381,0.410011440515518,0.156308531761169,0.0787803530693054,15.424652488,5.30663768,-1.769544198,-0.710652436803857,-0.746378236362387,1.31016702082792
-39.6728515625,0.6866455078125,-345.458984375,-47.8363037109375,-8.0108642578125,-370.330810546875,0.711154043674469,-9.90487957000732,0.548066735267639,0.071789562702179,0.00468279654160142,-0.0984865352511406,-1.03717184066772,-5.44714832305908,7.68292665481567,0.0574076324701309,-0.0320181027054787,0.0804552510380745,-0.553810954093933,-9.292236328125,-0.30290687084198,0.0893025994300842,-0.394037485122681,-0.0580459646880627,-0.767377436161041,-10.4183330535889,1.8748791217804,0.411916881799698,0.154159814119339,0.0775663554668427,15.424652667,5.306637745,-1.769543402,-0.710513701286773,-0.746089520760713,1.31445099070764
-40.0161743164063,0.41961669921875,-345.687866210938,-48.1033325195313,-8.087158203125,-370.635986328125,0.71976774930954,-9.90371417999268,0.553377389907837,0.0712670013308525,0.00632932130247355,-0.0987658351659775,-1.03177976608276,-5.44552707672119,7.6832709312439,0.0572048835456371,-0.0323334336280823,0.0800858736038208,-0.547588407993317,-9.2865104675293,-0.318756967782974,0.0832481160759926,-0.394375324249268,-0.0578995496034622,-0.768076539039612,-10.4138031005859,1.89176213741302,0.414939612150192,0.153193607926369,0.0764694586396217,15.424652846,5.30663781,-1.769542606,-0.710374965769689,-0.745800805159039,1.31873496058735
-40.3594970703125,0.152587890625,-345.916748046875,-48.370361328125,-8.1634521484375,-370.941162109375,0.728381454944611,-9.90254878997803,0.558688044548035,0.0707444325089455,0.00797584652900696,-0.0990451350808144,-1.0263876914978,-5.4439058303833,7.68361568450928,0.057002130895853,-0.0326487645506859,0.0797164887189865,-0.541365921497345,-9.28078460693359,-0.334607064723969,0.0771936327219009,-0.394713133573532,-0.0577531307935715,-0.768775701522827,-10.409273147583,1.90864515304565,0.417962312698364,0.152227386832237,0.0753725692629814,15.424653025,5.306637875,-1.76954181,-0.710236230252605,-0.745512089557366,1.32301893046707
-40.283203125,0.152587890625,-345.840454101563,-48.7136840820313,-7.97271728515625,-371.017456054688,0.736995160579681,-9.90138339996338,0.563998699188232,0.070221871137619,0.0096223708242178,-0.0993244349956512,-1.02099549770355,-5.44228458404541,7.6839599609375,0.0567993819713593,-0.0329640954732895,0.0793471112847328,-0.535143375396729,-9.27505874633789,-0.350457191467285,0.0711391419172287,-0.395050972700119,-0.057606715708971,-0.769474804401398,-10.4047431945801,1.92552816867828,0.420985043048859,0.151261180639267,0.0742756724357605,15.424653204,5.30663794,-1.769541014,-0.710097494735522,-0.745223373955692,1.32730290034678
-40.2069091796875,0.152587890625,-345.76416015625,-49.0570068359375,-7.781982421875,-371.09375,0.745608866214752,-9.90021800994873,0.569309294223785,0.0696993097662926,0.0112688960507512,-0.0996037349104881,-1.01560342311859,-5.44066333770752,7.68430423736572,0.0565966330468655,-0.0332794301211834,0.0789777263998985,-0.528920888900757,-9.26933288574219,-0.366307288408279,0.0650846585631371,-0.395388811826706,-0.0574603006243706,-0.770173966884613,-10.4002132415771,1.94241118431091,0.424007743597031,0.150294974446297,0.0731787830591202,15.424653383,5.306638005,-1.769540218,-0.709958759218438,-0.744934658354018,1.3315868702265
-39.8635864257813,0.26702880859375,-345.458984375,-48.9044189453125,-7.59124755859375,-371.09375,0.754222571849823,-9.89905261993408,0.574619948863983,0.0691767409443855,0.0129154212772846,-0.0998830273747444,-1.01021134853363,-5.43904209136963,7.68464851379395,0.0563938803970814,-0.033594761043787,0.0786083489656448,-0.52269834280014,-9.26360702514648,-0.382157385349274,0.0590301752090454,-0.395726650953293,-0.0573138818144798,-0.770873069763184,-10.3956832885742,1.95929408073425,0.427030473947525,0.149328768253326,0.0720818862318993,15.424653562,5.30663807,-1.769539422,-0.709820023701354,-0.744645942752344,1.33587084010622
-39.520263671875,0.3814697265625,-345.15380859375,-48.7518310546875,-7.4005126953125,-371.09375,0.762836277484894,-9.89788722991943,0.579930603504181,0.0686541795730591,0.0145619455724955,-0.100162327289581,-1.00481927394867,-5.43742084503174,7.68499326705933,0.0561911314725876,-0.0339100919663906,0.0782389640808105,-0.516475856304169,-9.25788116455078,-0.398007482290268,0.0529756918549538,-0.396064460277557,-0.0571674667298794,-0.771572172641754,-10.3911533355713,1.97617709636688,0.430053174495697,0.148362547159195,0.0709849968552589,15.424653741,5.306638135,-1.769538626,-0.70968128818427,-0.74435722715067,1.34015480998593
-39.3295288085938,0.57220458984375,-344.23828125,-48.2559204101563,-7.66754150390625,-370.559692382813,0.771449983119965,-9.89672183990479,0.585241258144379,0.0681316182017326,0.0162084698677063,-0.100441627204418,-0.999427139759064,-5.43579912185669,7.68533754348755,0.0559883825480938,-0.0342254228889942,0.0778695866465569,-0.510253310203552,-9.25215530395508,-0.413857579231262,0.0469212047755718,-0.396402299404144,-0.0570210516452789,-0.772271335124969,-10.386622428894,1.99306011199951,0.433075904846191,0.147396340966225,0.069888100028038,15.42465392,5.3066382,-1.76953783,-0.709542552667186,-0.744068511548996,1.34443877986565
-39.1387939453125,0.762939453125,-343.32275390625,-47.760009765625,-7.9345703125,-370.025634765625,0.780063688755035,-9.89555644989014,0.590551912784576,0.0676090493798256,0.0178549960255623,-0.100720927119255,-0.994035005569458,-5.4341778755188,7.68568181991577,0.0557856298983097,-0.0345407538115978,0.0775002017617226,-0.504030823707581,-9.24642944335938,-0.429707676172256,0.0408667214214802,-0.396740138530731,-0.0568746328353882,-0.77297043800354,-10.3820924758911,2.00994324684143,0.436098605394363,0.146430134773254,0.0687912106513977,15.4250419105,5.3067673775,-1.769542426,-0.709624691352217,-0.744188853545944,1.3488544813406
-39.2532348632813,1.18255615234375,-342.636108398438,-47.4166870117188,-7.97271728515625,-369.033813476563,0.788677394390106,-9.89439105987549,0.595862567424774,0.0670864880084991,0.0195015203207731,-0.101000227034092,-0.988642930984497,-5.43255662918091,7.68602657318115,0.0555828809738159,-0.0348560847342014,0.0771308243274689,-0.497808307409286,-9.24070358276367,-0.445557802915573,0.0348122380673885,-0.397077947854996,-0.0567282177507877,-0.773669600486755,-10.3775625228882,2.02682614326477,0.439121335744858,0.145463928580284,0.0676943138241768,15.425429901,5.306896555,-1.769547022,-0.709706830037247,-0.744309195542891,1.35327018281555
-39.36767578125,1.6021728515625,-341.949462890625,-47.0733642578125,-8.0108642578125,-368.0419921875,0.797291100025177,-9.89322566986084,0.601173222064972,0.0665639266371727,0.021148044615984,-0.101279526948929,-0.983250856399536,-5.43093538284302,7.68637084960938,0.0553801320493221,-0.035171415656805,0.0767614394426346,-0.491585791110992,-9.23497772216797,-0.461407899856567,0.0287577528506517,-0.397415786981583,-0.0565818026661873,-0.774368703365326,-10.3730325698853,2.04370903968811,0.442144066095352,0.144497707486153,0.0665974244475365,15.4258178915,5.3070257325,-1.769551618,-0.709788968722277,-0.744429537539838,1.3576858842905
-39.4058227539063,2.0599365234375,-342.178344726563,-47.2640991210938,-7.97271728515625,-368.0419921875,0.805904805660248,-9.89206027984619,0.606483817100525,0.0660413578152657,0.02279457077384,-0.101558826863766,-0.97785872220993,-5.42931413650513,7.6867151260376,0.055177379399538,-0.0354867503046989,0.0763920620083809,-0.485363274812698,-9.22925186157227,-0.477257996797562,0.0227032676339149,-0.39775362610817,-0.0564353838562965,-0.775067806243896,-10.3685026168823,2.06059217453003,0.445166766643524,0.143531501293182,0.0655005276203156,15.426205882,5.30715491,-1.769556214,-0.709871107407308,-0.744549879536786,1.36210158576545
-39.4439697265625,2.5177001953125,-342.4072265625,-47.454833984375,-7.9345703125,-368.0419921875,0.814518511295319,-9.89089488983154,0.611794471740723,0.0655187964439392,0.0244410950690508,-0.101838126778603,-0.972466647624969,-5.42769289016724,7.68705987930298,0.0549746304750443,-0.0358020812273026,0.0760226771235466,-0.479140758514404,-9.22352600097656,-0.493108093738556,0.0166487824171782,-0.398091435432434,-0.0562889687716961,-0.775766968727112,-10.3639726638794,2.07747507095337,0.448189496994019,0.142565295100212,0.0644036382436752,15.4265938725,5.3072840875,-1.76956081,-0.709953246092338,-0.744670221533733,1.3665172872404
-39.4058227539063,2.55584716796875,-342.71240234375,-48.2940673828125,-8.04901123046875,-368.65234375,0.823132216930389,-9.88972949981689,0.61710512638092,0.0649962350726128,0.0260876193642616,-0.102117426693439,-0.967074513435364,-5.42607164382935,7.6874041557312,0.0547718815505505,-0.0361174121499062,0.0756532996892929,-0.47291824221611,-9.21780014038086,-0.508958220481873,0.0105942981317639,-0.398429274559021,-0.0561425536870956,-0.776466071605682,-10.3594427108765,2.09435820579529,0.451212197542191,0.141599088907242,0.0633067414164543,15.426981863,5.307413265,-1.769565406,-0.710035384777368,-0.74479056353068,1.37093298871535
-39.36767578125,2.593994140625,-343.017578125,-49.13330078125,-8.1634521484375,-369.2626953125,0.823765158653259,-9.88732814788818,0.624675512313843,0.0645716711878777,0.0275921821594238,-0.102353915572166,-0.964201390743256,-5.4290919303894,7.68982124328613,0.0549205355346203,-0.0364631451666355,0.0751589089632034,-0.465793877840042,-9.2144660949707,-0.52564412355423,0.00422016717493534,-0.398433774709702,-0.0560119152069092,-0.781153202056885,-10.3463897705078,2.0826723575592,0.455443263053894,0.140961706638336,0.0621546804904938,15.4273698535,5.3075424425,-1.769570002,-0.710117523462399,-0.744910905527628,1.3753486901903
-39.215087890625,2.70843505859375,-343.170166015625,-49.2477416992188,-7.97271728515625,-369.644165039063,0.816417396068573,-9.88368988037109,0.63450562953949,0.0642451047897339,0.0289547834545374,-0.102547608315945,-0.963847160339355,-5.43675374984741,7.69431066513062,0.0554205924272537,-0.0368392802774906,0.0745395198464394,-0.4577676653862,-9.21352386474609,-0.543165922164917,-0.00247361022047698,-0.398104906082153,-0.0558970533311367,-0.789828360080719,-10.3248138427734,2.04241752624512,0.460882633924484,0.140653148293495,0.0609474442899227,15.427757844,5.30767162,-1.769574598,-0.710199662147429,-0.745031247524575,1.37976439166525
-39.0625,2.8228759765625,-343.32275390625,-49.3621826171875,-7.781982421875,-370.025634765625,0.809069633483887,-9.880051612854,0.644335746765137,0.0639185383915901,0.0303173828870058,-0.102741293609142,-0.9634929895401,-5.44441509246826,7.69880056381226,0.0559206493198872,-0.0372154153883457,0.0739201232790947,-0.449741452932358,-9.21258163452148,-0.560687661170959,-0.00916738715022802,-0.397776037454605,-0.0557821951806545,-0.798503518104553,-10.3032369613647,2.00216269493103,0.466322004795074,0.140344604849815,0.059740211814642,15.4281458345,5.3078007975,-1.769579194,-0.71028180083246,-0.745151589521522,1.3841800931402
-39.36767578125,2.8228759765625,-343.32275390625,-49.13330078125,-7.9345703125,-370.712280273438,0.8017218708992,-9.87641334533691,0.654165804386139,0.0635919719934464,0.0316799841821194,-0.102934986352921,-0.963138818740845,-5.45207691192627,7.70328998565674,0.0564207062125206,-0.0375915504992008,0.0733007341623306,-0.441715270280838,-9.21163940429688,-0.578209400177002,-0.015861164778471,-0.397447198629379,-0.055667333304882,-0.807178676128387,-10.2816610336304,1.96190774440765,0.471761375665665,0.140036061406136,0.0585329756140709,15.428533825,5.307929975,-1.76958379,-0.71036393951749,-0.74527193151847,1.38859579461515
-39.6728515625,2.8228759765625,-343.32275390625,-48.9044189453125,-8.087158203125,-371.39892578125,0.794374108314514,-9.87277507781982,0.663995921611786,0.0632654055953026,0.0330425836145878,-0.103128679096699,-0.962784588336945,-5.45973873138428,7.70777940750122,0.056920763105154,-0.0379676856100559,0.072681337594986,-0.433689057826996,-9.21069717407227,-0.595731198787689,-0.0225549414753914,-0.397118330001831,-0.0555524751543999,-0.815853834152222,-10.260085105896,1.92165291309357,0.477200776338577,0.139727503061295,0.0573257431387901,15.4289218155,5.3080591525,-1.769588386,-0.71044607820252,-0.745392273515417,1.3930114960901
-39.825439453125,2.55584716796875,-343.475341796875,-48.0270385742188,-8.12530517578125,-371.475219726563,0.787026286125183,-9.86913681030273,0.673826038837433,0.0629388391971588,0.0344051867723465,-0.103322364389896,-0.962430417537689,-5.46740007400513,7.71226930618286,0.0574208237230778,-0.038343820720911,0.0720619410276413,-0.425662845373154,-9.20975494384766,-0.613252937793732,-0.0292487181723118,-0.396789461374283,-0.0554376132786274,-0.824528992176056,-10.2385082244873,1.88139808177948,0.482640147209167,0.139418959617615,0.0561185106635094,15.429309806,5.30818833,-1.769592982,-0.710528216887551,-0.745512615512364,1.39742719756505
-39.97802734375,2.288818359375,-343.6279296875,-47.149658203125,-8.1634521484375,-371.551513671875,0.779678523540497,-9.86549854278564,0.68365615606308,0.062612272799015,0.0357677862048149,-0.103516057133675,-0.962076246738434,-5.47506189346313,7.71675872802734,0.0579208806157112,-0.0387199558317661,0.0714425519108772,-0.417636662721634,-9.20881271362305,-0.630774676799774,-0.0359424948692322,-0.396460622549057,-0.0553227551281452,-0.83320415019989,-10.2169322967529,1.84114325046539,0.488079518079758,0.139110416173935,0.0549112744629383,15.4296977965,5.3083175075,-1.769597578,-0.710610355572581,-0.745632957509312,1.40184289904
-39.7109985351563,1.8310546875,-343.551635742188,-46.6537475585938,-8.12530517578125,-371.627807617188,0.772330760955811,-9.86186027526855,0.693486273288727,0.0622857064008713,0.0371303856372833,-0.103709742426872,-0.961722016334534,-5.48272371292114,7.72124862670898,0.0584209375083447,-0.0390960872173309,0.0708231553435326,-0.409610450267792,-9.20786952972412,-0.648296475410461,-0.0426362715661526,-0.396131753921509,-0.0552078932523727,-0.841879308223724,-10.1953563690186,1.8008885383606,0.493518888950348,0.138801857829094,0.0537040419876575,15.430085787,5.308446685,-1.769602174,-0.710692494257611,-0.745753299506259,1.40625860051495
-39.4439697265625,1.373291015625,-343.475341796875,-46.1578369140625,-8.087158203125,-371.7041015625,0.764982998371124,-9.85822200775146,0.703316390514374,0.0619591400027275,0.038492988795042,-0.10390343517065,-0.961367845535278,-5.49038505554199,7.72573804855347,0.0589209944009781,-0.039472222328186,0.0702037662267685,-0.40158423781395,-9.20692729949951,-0.665818214416504,-0.049330048263073,-0.395802885293961,-0.0550930351018906,-0.850554466247559,-10.1737794876099,1.76063370704651,0.49895828962326,0.138493314385414,0.0524968057870865,15.4304737775,5.3085758625,-1.76960677,-0.710774632942642,-0.745873641503206,1.4106743019899
-39.0243530273438,1.1444091796875,-343.6279296875,-46.539306640625,-8.392333984375,-371.170043945313,0.757635235786438,-9.85458374023438,0.713146507740021,0.0616325736045837,0.0398555882275105,-0.104097127914429,-0.961013615131378,-5.498046875,7.73022747039795,0.0594210512936115,-0.0398483574390411,0.0695843696594238,-0.39355805516243,-9.2059850692749,-0.683340013027191,-0.0560238286852837,-0.395474046468735,-0.0549781732261181,-0.859229624271393,-10.1522035598755,1.72037887573242,0.504397630691528,0.138184756040573,0.0512895733118057,15.430861768,5.30870504,-1.769611366,-0.710856771627672,-0.745993983500154,1.41509000346485
-38.604736328125,0.91552734375,-343.780517578125,-46.9207763671875,-8.697509765625,-370.635986328125,0.750287473201752,-9.85094547271729,0.722976565361023,0.0613060109317303,0.0412181876599789,-0.104290813207626,-0.960659444332123,-5.50570869445801,7.73471736907959,0.059921108186245,-0.0402244925498962,0.0689649805426598,-0.385531842708588,-9.20504283905029,-0.700861752033234,-0.0627176016569138,-0.395145177841187,-0.0548633150756359,-0.867904782295227,-10.1306276321411,1.68012404441833,0.509837031364441,0.137876212596893,0.0500823371112347,15.4312497585,5.3088342175,-1.769615962,-0.710938910312703,-0.746114325497101,1.4195057049398
-38.5284423828125,0.72479248046875,-343.6279296875,-47.4929809570313,-8.65936279296875,-370.559692382813,0.742939651012421,-9.8473072052002,0.73280668258667,0.0609794445335865,0.0425807870924473,-0.104484505951405,-0.960305273532867,-5.51337051391602,7.73920679092407,0.0604211688041687,-0.0406006276607513,0.0683455839753151,-0.377505630254745,-9.20410060882568,-0.718383491039276,-0.0694113820791245,-0.394816309213638,-0.0547484531998634,-0.876579940319061,-10.1090517044067,1.63986921310425,0.515276432037354,0.137567669153214,0.0488751046359539,15.431637749,5.308963395,-1.769620558,-0.711021048997733,-0.746234667494049,1.42392140641475
-38.4521484375,0.5340576171875,-343.475341796875,-48.065185546875,-8.6212158203125,-370.4833984375,0.735591888427734,-9.84366893768311,0.742636799812317,0.0606528781354427,0.043943390250206,-0.104678191244602,-0.959951043128967,-5.52103185653687,7.74369668960571,0.0609212256968021,-0.0409767627716064,0.067726194858551,-0.369479447603226,-9.20315837860107,-0.735905289649963,-0.0761051550507545,-0.394487470388412,-0.0546335950493813,-0.885255098342896,-10.087474822998,1.59961438179016,0.520715773105621,0.137259110808372,0.0476678684353828,15.4320257395,5.3090925725,-1.769625154,-0.711103187682763,-0.746355009490996,1.4283371078897
-38.909912109375,0.5340576171875,-343.399047851563,-48.3322143554688,-8.81195068359375,-371.017456054688,0.728244125843048,-9.84003067016602,0.752466917037964,0.060326311737299,0.0453059896826744,-0.10487188398838,-0.959596872329712,-5.52869367599487,7.7481861114502,0.0614212825894356,-0.0413528978824615,0.0671067982912064,-0.361453235149384,-9.20221614837646,-0.753427028656006,-0.0827989354729652,-0.394158601760864,-0.0545187331736088,-0.89393025636673,-10.0658988952637,1.55935955047607,0.526155173778534,0.136950567364693,0.0464606359601021,15.43241373,5.30922175,-1.76962975,-0.711185326367794,-0.746475351487943,1.43275280936465
-39.36767578125,0.5340576171875,-343.32275390625,-48.5992431640625,-9.002685546875,-371.551513671875,0.715333163738251,-9.83651447296143,0.757361531257629,0.0603938922286034,0.0471574179828167,-0.10472547262907,-0.959069788455963,-5.52138662338257,7.73861885070801,0.0625136643648148,-0.0419903136789799,0.066762201488018,-0.35649773478508,-9.20229721069336,-0.764402091503143,-0.0892383232712746,-0.392590939998627,-0.0545007176697254,-0.900902390480042,-10.0409383773804,1.52482295036316,0.529427707195282,0.135011270642281,0.0454425923526287,15.4324135085,5.309221603,-1.7696314705,-0.709869589811255,-0.745739295082604,1.43733308838947
-39.4439697265625,0.64849853515625,-343.6279296875,-48.6373901367188,-9.0789794921875,-372.00927734375,0.702422142028809,-9.83299732208252,0.762256145477295,0.0604614689946175,0.0490088500082493,-0.10457906126976,-0.958542704582214,-5.51407909393311,7.72905158996582,0.0636060535907745,-0.0426277257502079,0.0664176121354103,-0.351542264223099,-9.20237827301025,-0.775377154350281,-0.0956777036190033,-0.391023308038712,-0.0544826984405518,-0.907874584197998,-10.0159778594971,1.49028635025024,0.53270024061203,0.133071959018707,0.0444245524704456,15.432413287,5.309221456,-1.769633191,-0.708553853254717,-0.745003238677264,1.4419133674143
-39.520263671875,0.762939453125,-343.93310546875,-48.675537109375,-9.1552734375,-372.467041015625,0.689511179924011,-9.82948112487793,0.76715075969696,0.0605290494859219,0.0508602783083916,-0.104432657361031,-0.95801568031311,-5.5067720413208,7.71948480606079,0.0646984353661537,-0.0432651415467262,0.066073015332222,-0.346586763858795,-9.20245933532715,-0.786352276802063,-0.102117091417313,-0.389455646276474,-0.0544646829366684,-0.91484671831131,-9.99101829528809,1.45574986934662,0.535972774028778,0.131132662296295,0.0434065088629723,15.4324130655,5.309221309,-1.7696349115,-0.707238116698179,-0.744267182271925,1.44649364643912
-39.36767578125,0.9918212890625,-344.085693359375,-48.4466552734375,-9.11712646484375,-372.543334960938,0.676600217819214,-9.82596492767334,0.772045433521271,0.060596626251936,0.0527117103338242,-0.10428624600172,-0.957488596439362,-5.49946451187134,7.7099175453186,0.0657908245921135,-0.0439025573432446,0.0657284185290337,-0.341631263494492,-9.20254039764404,-0.7973273396492,-0.108556479215622,-0.387887984514236,-0.054446667432785,-0.921818912029266,-9.96605777740479,1.4212132692337,0.539245307445526,0.129193350672722,0.0423884652554989,15.432412844,5.309221162,-1.769636632,-0.705922380141641,-0.743531125866586,1.45107392546395
-39.215087890625,1.220703125,-344.23828125,-48.2177734375,-9.0789794921875,-372.61962890625,0.663689255714417,-9.82244777679443,0.776940047740936,0.0606642067432404,0.0545631386339664,-0.10413983464241,-0.956961512565613,-5.49215745925903,7.70035028457642,0.0668832063674927,-0.0445399731397629,0.0653838217258453,-0.336675763130188,-9.20262145996094,-0.808302402496338,-0.114995859563351,-0.386320352554321,-0.0544286519289017,-0.928791046142578,-9.94109725952148,1.38667666912079,0.542517840862274,0.12725405395031,0.0413704253733158,15.4324126225,5.309221015,-1.7696383525,-0.704606643585102,-0.742795069461246,1.45565420448877
-38.7191772460938,1.7547607421875,-344.161987304688,-48.1414794921875,-9.002685546875,-372.390747070313,0.650778234004974,-9.81893157958984,0.781834661960602,0.0607317872345448,0.056414570659399,-0.1039934232831,-0.956434428691864,-5.48484992980957,7.69078302383423,0.0679755955934525,-0.0451773852109909,0.0650392323732376,-0.331720292568207,-9.20270252227783,-0.819277465343475,-0.12143524736166,-0.384752690792084,-0.054410632699728,-0.935763239860535,-9.91613674163818,1.35214006900787,0.545790374279022,0.125314757227898,0.0403523817658424,15.432412401,5.309220868,-1.769640073,-0.703290907028564,-0.742059013055906,1.4602344835136
-38.2232666015625,2.288818359375,-344.085693359375,-48.065185546875,-8.9263916015625,-372.161865234375,0.637867271900177,-9.81541538238525,0.786729276180267,0.0607993640005589,0.0582659989595413,-0.10384701192379,-0.955907344818115,-5.47754287719727,7.6812162399292,0.0690679773688316,-0.0458148010075092,0.0646946355700493,-0.326764792203903,-9.20278358459473,-0.830252528190613,-0.127874627709389,-0.383185058832169,-0.0543926171958447,-0.942735373973846,-9.89117622375488,1.31760358810425,0.549062967300415,0.123375445604324,0.0393343381583691,15.4324121795,5.309220721,-1.7696417935,-0.701975170472026,-0.741322956650567,1.46481476253842
-38.1088256835938,2.63214111328125,-343.780517578125,-47.607421875,-8.96453857421875,-371.7041015625,0.62495630979538,-9.81189823150635,0.791623890399933,0.0608669444918633,0.0601174309849739,-0.10370060056448,-0.955380260944366,-5.4702353477478,7.67164897918701,0.0701603665947914,-0.0464522168040276,0.064350038766861,-0.3218092918396,-9.20286464691162,-0.84122759103775,-0.134314015507698,-0.381617397069931,-0.0543746016919613,-0.949707567691803,-9.86621570587158,1.28306698799133,0.552335500717163,0.121436141431332,0.038316298276186,15.432411958,5.309220574,-1.769643514,-0.700659433915487,-0.740586900245228,1.46939504156324
-37.994384765625,2.9754638671875,-343.475341796875,-47.149658203125,-9.002685546875,-371.246337890625,0.612045288085938,-9.80838203430176,0.796518504619598,0.0609345212578773,0.0619688592851162,-0.10355419665575,-0.954853236675262,-5.4629282951355,7.66208171844482,0.0712527483701706,-0.0470896326005459,0.0640054494142532,-0.316853791475296,-9.20294570922852,-0.852202713489532,-0.140753403306007,-0.380049735307693,-0.0543565824627876,-0.956679701805115,-9.8412561416626,1.24853038787842,0.555608034133911,0.11949684470892,0.0372982546687126,15.4324117365,5.309220427,-1.7696452345,-0.69934369735895,-0.739850843839888,1.47397532058807
-38.2232666015625,3.39508056640625,-343.170166015625,-46.9207763671875,-9.1552734375,-370.78857421875,0.59913432598114,-9.80486583709717,0.801413118839264,0.0610021017491817,0.0638202875852585,-0.10340778529644,-0.954326152801514,-5.45562124252319,7.65251445770264,0.0723451375961304,-0.0477270446717739,0.0636608526110649,-0.311898320913315,-9.20302677154541,-0.86317777633667,-0.147192791104317,-0.378482103347778,-0.0543385669589043,-0.963651895523071,-9.8162956237793,1.2139937877655,0.558880567550659,0.117557540535927,0.0362802110612392,15.432411515,5.30922028,-1.769646955,-0.698027960802411,-0.739114787434549,1.47855559961289
-38.4521484375,3.814697265625,-342.864990234375,-46.69189453125,-9.307861328125,-370.330810546875,0.586223363876343,-9.80134868621826,0.806307792663574,0.0610696822404861,0.0656717196106911,-0.10326137393713,-0.953799068927765,-5.44831371307373,7.64294719696045,0.0734375193715096,-0.0483644604682922,0.0633162558078766,-0.306942820549011,-9.2031078338623,-0.874152839183807,-0.153632164001465,-0.376914441585541,-0.0543205514550209,-0.970624029636383,-9.791335105896,1.17945718765259,0.562153100967407,0.115618236362934,0.0352621711790562,15.4324112935,5.309220133,-1.7696486755,-0.696712224245872,-0.738378731029209,1.48313587863772
-38.6810302734375,3.70025634765625,-343.017578125,-47.0733642578125,-9.42230224609375,-370.17822265625,0.573312342166901,-9.79783248901367,0.81120240688324,0.0611372590065002,0.0675231516361237,-0.10311496257782,-0.953271985054016,-5.44100666046143,7.63338041305542,0.0745299085974693,-0.0490018762648106,0.0629716664552689,-0.301987320184708,-9.2031888961792,-0.885127902030945,-0.160071551799774,-0.375346779823303,-0.0543025322258472,-0.97759622335434,-9.7663745880127,1.14492070674896,0.565425634384155,0.113678932189941,0.0342441275715828,15.432411072,5.309219986,-1.769650396,-0.695396487689335,-0.73764267462387,1.48771615766254
-38.909912109375,3.5858154296875,-343.170166015625,-47.454833984375,-9.5367431640625,-370.025634765625,0.560401380062103,-9.79431629180908,0.816097021102905,0.0612048394978046,0.0693745836615562,-0.10296855121851,-0.952744901180267,-5.43369913101196,7.62381315231323,0.0756222903728485,-0.0496392920613289,0.0626270696520805,-0.297031819820404,-9.20326995849609,-0.896102964878082,-0.166510939598083,-0.373779147863388,-0.0542845167219639,-0.984568357467651,-9.74141407012939,1.11038410663605,0.568698167800903,0.111739628016949,0.0332260839641094,15.4324108505,5.309219839,-1.7696521165,-0.694080751132796,-0.73690661821853,1.49229643668737
-38.909912109375,3.4332275390625,-343.246459960938,-47.8744506835938,-9.46044921875,-369.949340820313,0.55459463596344,-9.79356098175049,0.816583335399628,0.0608309581875801,0.0710818320512772,-0.10286832600832,-0.952045619487762,-5.42684841156006,7.62069177627563,0.0760299563407898,-0.0502519197762012,0.0622149035334587,-0.291508823633194,-9.20700454711914,-0.907255411148071,-0.172558352351189,-0.371714890003204,-0.0542146973311901,-0.986514031887054,-9.72736835479736,1.10287022590637,0.569214999675751,0.110703557729721,0.0327305868268013,15.432410629,5.309219692,-1.769653837,-0.692765014576258,-0.736170561813191,1.49687671571219
-38.909912109375,3.2806396484375,-343.32275390625,-48.2940673828125,-9.3841552734375,-369.873046875,0.555892050266266,-9.79556751251221,0.812661349773407,0.0600156150758266,0.0726448968052864,-0.102814272046089,-0.951174139976501,-5.42045402526855,7.62401580810547,0.0757528990507126,-0.0508397594094276,0.0617351643741131,-0.285418272018433,-9.21439266204834,-0.918585181236267,-0.17821379005909,-0.369154036045074,-0.0540930703282356,-0.983433127403259,-9.7242374420166,1.12237894535065,0.566976130008698,0.110570721328259,0.0327576361596584,15.4324104075,5.309219545,-1.7696555575,-0.69144927801972,-0.735434505407851,1.50145699473702
-38.909912109375,3.01361083984375,-342.864990234375,-48.4466552734375,-9.46044921875,-369.56787109375,0.557189524173737,-9.79757404327393,0.808739364147186,0.0592002719640732,0.0742079615592957,-0.102760225534439,-0.950302600860596,-5.41405963897705,7.62734031677246,0.0754758417606354,-0.051427599042654,0.0612554252147675,-0.279327750205994,-9.22178077697754,-0.929914951324463,-0.183869227766991,-0.366593211889267,-0.0539714470505714,-0.980352222919464,-9.72110652923584,1.14188778400421,0.564737319946289,0.110437884926796,0.0327846817672253,15.432410186,5.309219398,-1.769657278,-0.690133541463181,-0.734698449002512,1.50603727376184
-38.909912109375,2.74658203125,-342.4072265625,-48.5992431640625,-9.5367431640625,-369.2626953125,0.558486938476563,-9.79958057403564,0.80481743812561,0.05838493257761,0.0757710263133049,-0.102706171572208,-0.949431121349335,-5.40766525268555,7.63066434860229,0.0751987770199776,-0.0520154386758804,0.0607756860554218,-0.273237228393555,-9.22916793823242,-0.941244781017303,-0.189524665474892,-0.364032357931137,-0.053849820047617,-0.977271318435669,-9.71797561645508,1.16139650344849,0.562498450279236,0.110305048525333,0.0328117273747921,15.4324099645,5.309219251,-1.7696589985,-0.688817804906643,-0.733962392597173,1.51061755278666
-39.215087890625,2.63214111328125,-342.178344726563,-48.3322143554688,-9.57489013671875,-368.499755859375,0.559784412384033,-9.80158710479736,0.80089545249939,0.0575695894658566,0.0773340985178947,-0.102652117609978,-0.948559641838074,-5.40127086639404,7.63398885726929,0.0749217197299004,-0.0526032783091068,0.0602959468960762,-0.267146676778793,-9.23655605316162,-0.952574551105499,-0.195180103182793,-0.361471503973007,-0.0537281930446625,-0.974190473556519,-9.71484470367432,1.18090534210205,0.560259580612183,0.110172212123871,0.0328387767076492,15.432409743,5.309219104,-1.769660719,-0.687502068350105,-0.733226336191833,1.51519783181149
-39.520263671875,2.5177001953125,-341.949462890625,-48.065185546875,-9.613037109375,-367.73681640625,0.561081886291504,-9.80359363555908,0.796973466873169,0.0567542463541031,0.078897163271904,-0.102598071098328,-0.947688102722168,-5.39487648010254,7.63731336593628,0.0746446624398232,-0.0531911216676235,0.0598162114620209,-0.261056154966354,-9.24394416809082,-0.963904321193695,-0.200835540890694,-0.3589106798172,-0.0536065697669983,-0.971109569072723,-9.71171379089355,1.20041406154633,0.558020710945129,0.110039368271828,0.0328658223152161,15.4324095215,5.309218957,-1.7696624395,-0.686186331793567,-0.732490279786494,1.51977811083631
-39.4821166992188,2.32696533203125,-341.567993164063,-47.5311279296875,-9.5367431640625,-367.12646484375,0.56237930059433,-9.8056001663208,0.793051481246948,0.0559389069676399,0.0804602280259132,-0.102544017136097,-0.946816623210907,-5.38848209381104,7.64063739776611,0.0743676051497459,-0.0537789613008499,0.0593364723026752,-0.254965603351593,-9.2513313293457,-0.975234091281891,-0.206490978598595,-0.35634982585907,-0.0534849427640438,-0.968028664588928,-9.70858287811279,1.21992290019989,0.555781841278076,0.109906531870365,0.0328928679227829,15.4324093,5.30921881,-1.76966416,-0.684870595237028,-0.731754223381154,1.52435838986114
-39.4439697265625,2.13623046875,-341.1865234375,-46.9970703125,-9.46044921875,-366.51611328125,0.563676774501801,-9.80760765075684,0.789129495620728,0.0551235638558865,0.0820232927799225,-0.102489970624447,-0.945945084095001,-5.38208818435669,7.64396190643311,0.0740905478596687,-0.0543668009340763,0.0588567331433296,-0.248875081539154,-9.2587194442749,-0.986563861370087,-0.212146431207657,-0.35378897190094,-0.0533633194863796,-0.964947760105133,-9.70545196533203,1.23943161964417,0.553543031215668,0.109773695468903,0.03291991725564,15.432409197,5.309218731,-1.7696635235,-0.683944467048098,-0.731376084400417,1.52907299138866
-39.0243530273438,2.09808349609375,-340.88134765625,-46.7681884765625,-9.65118408203125,-365.753173828125,0.564974188804626,-9.80961418151855,0.785207509994507,0.054308220744133,0.0835863649845123,-0.102435916662216,-0.94507360458374,-5.37569379806519,7.64728593826294,0.0738134905695915,-0.0549546405673027,0.058376993983984,-0.242784544825554,-9.2661075592041,-0.997893631458282,-0.217801868915558,-0.351228147745132,-0.0532416924834251,-0.961866915225983,-9.70232105255127,1.25894045829773,0.551304161548615,0.10964085906744,0.0329469628632069,15.432409094,5.309218652,-1.769662887,-0.683018338859169,-0.73099794541968,1.53378759291618
-38.604736328125,2.0599365234375,-340.576171875,-46.539306640625,-9.8419189453125,-364.990234375,0.566271662712097,-9.81162071228027,0.781285524368286,0.0534928813576698,0.0851494297385216,-0.102381862699986,-0.944202125072479,-5.36929941177368,7.65061044692993,0.0735364332795143,-0.0555424802005291,0.0578972548246384,-0.236694008111954,-9.27349472045898,-1.00922346115112,-0.223457306623459,-0.348667293787003,-0.0531200654804707,-0.958786010742188,-9.69919013977051,1.278449177742,0.549065291881561,0.109508022665977,0.032974012196064,15.432408991,5.309218573,-1.7696622505,-0.682092210670239,-0.730619806438942,1.5385021944437
-38.3758544921875,2.0599365234375,-340.499877929688,-46.7300415039063,-9.6893310546875,-364.761352539063,0.567569077014923,-9.81362724304199,0.77736359834671,0.0526775382459164,0.0867124944925308,-0.102327816188335,-0.943330585956573,-5.36290502548218,7.65393447875977,0.0732593685388565,-0.0561303198337555,0.0574175156652927,-0.230603471398354,-9.28088283538818,-1.02055323123932,-0.22911274433136,-0.346106439828873,-0.0529984422028065,-0.955705106258392,-9.69605922698975,1.29795801639557,0.546826422214508,0.109375186264515,0.0330010578036308,15.432408888,5.309218494,-1.769661614,-0.681166082481309,-0.730241667458205,1.54321679597122
-38.14697265625,2.0599365234375,-340.423583984375,-46.9207763671875,-9.5367431640625,-364.532470703125,0.568866550922394,-9.81563377380371,0.77344161272049,0.0518621951341629,0.0882755592465401,-0.102273762226105,-0.942459106445313,-5.35651063919067,7.65725898742676,0.0729823112487793,-0.0567181631922722,0.0569377802312374,-0.224512949585915,-9.28827095031738,-1.03188300132751,-0.234768182039261,-0.343545585870743,-0.052876815199852,-0.952624201774597,-9.69292831420898,1.31746673583984,0.5445876121521,0.109242342412472,0.0330281034111977,15.432408785,5.309218415,-1.7696609775,-0.680239954292379,-0.729863528477468,1.54793139749874
-38.14697265625,2.47955322265625,-340.042114257813,-47.6837158203125,-9.42230224609375,-364.3798828125,0.57016396522522,-9.81764030456543,0.769519627094269,0.0510468557476997,0.0898386314511299,-0.102219715714455,-0.941587567329407,-5.35011625289917,7.66058301925659,0.0727052539587021,-0.0573060028254986,0.0564580410718918,-0.218422412872314,-9.29565811157227,-1.04321277141571,-0.240423619747162,-0.340984761714935,-0.0527551919221878,-0.949543356895447,-9.68979740142822,1.33697557449341,0.542348742485046,0.109109506011009,0.0330551527440548,15.432408682,5.309218336,-1.769660341,-0.679313826103449,-0.729485389496731,1.55264599902626
-38.14697265625,2.899169921875,-339.66064453125,-48.4466552734375,-9.307861328125,-364.227294921875,0.57146143913269,-9.81964683532715,0.765597641468048,0.0502315126359463,0.0914016962051392,-0.102165661752224,-0.940716087818146,-5.34372186660767,7.66390752792358,0.0724281966686249,-0.057893842458725,0.0559783019125462,-0.212331876158714,-9.30304622650146,-1.05454254150391,-0.246079057455063,-0.338423907756805,-0.0526335649192333,-0.946462452411652,-9.68666648864746,1.35648429393768,0.540109872817993,0.108976669609547,0.0330821983516216,15.432408579,5.309218257,-1.7696597045,-0.67838769791452,-0.729107250515994,1.55736060055378
-38.4140014648438,3.08990478515625,-339.9658203125,-48.52294921875,-9.34600830078125,-364.07470703125,0.573305904865265,-9.82346725463867,0.764492988586426,0.0498576238751411,0.0903273522853851,-0.102408908307552,-0.9386385679245,-5.34403610229492,7.66585350036621,0.0717795267701149,-0.0582024119794369,0.0555481091141701,-0.20668713748455,-9.31700134277344,-1.06413960456848,-0.250727862119675,-0.335178315639496,-0.0522326529026031,-0.940513730049133,-9.6980676651001,1.37431037425995,0.538916110992432,0.111900165677071,0.0340664573013783,15.432408476,5.309218178,-1.769659068,-0.67746156972559,-0.728729111535256,1.5620752020813
-38.6810302734375,3.2806396484375,-340.27099609375,-48.5992431640625,-9.3841552734375,-363.922119140625,0.575150310993195,-9.8272876739502,0.763388335704803,0.0494837313890457,0.0892530158162117,-0.102652162313461,-0.936561107635498,-5.34434986114502,7.66779899597168,0.0711308568716049,-0.0585109815001488,0.0551179125905037,-0.201042413711548,-9.33095550537109,-1.07373666763306,-0.255376666784286,-0.331932723522186,-0.051831740885973,-0.93456494808197,-9.70946788787842,1.39213645458221,0.537722408771515,0.114823669195175,0.0350507199764252,15.432408373,5.309218099,-1.7696584315,-0.67653544153666,-0.728350972554519,1.56678980360882
-38.8717651367188,3.4332275390625,-340.27099609375,-48.5610961914063,-9.46044921875,-364.227294921875,0.576994776725769,-9.83110809326172,0.762283682823181,0.0491098426282406,0.0881786718964577,-0.10289540886879,-0.934483587741852,-5.34466409683228,7.66974496841431,0.0704821869730949,-0.0588195510208607,0.0546877197921276,-0.195397675037384,-9.34491062164307,-1.08333373069763,-0.260025471448898,-0.328687131404877,-0.0514308288693428,-0.928616225719452,-9.72086906433105,1.40996253490448,0.536528646945953,0.117747165262699,0.0360349789261818,15.43240827,5.30921802,-1.769657795,-0.67560931334773,-0.727972833573782,1.57150440513634
-39.0625,3.5858154296875,-340.27099609375,-48.52294921875,-9.5367431640625,-364.532470703125,0.578839182853699,-9.83492946624756,0.761179029941559,0.0487359501421452,0.0871043279767036,-0.103138655424118,-0.93240612745285,-5.34497833251953,7.67169094085693,0.069833517074585,-0.0591281205415726,0.0542575232684612,-0.189752951264381,-9.35886478424072,-1.09293079376221,-0.264674246311188,-0.325441539287567,-0.0510299168527126,-0.922667443752289,-9.73227024078369,1.42778861522675,0.535334885120392,0.120670668780804,0.0370192416012287,15.432408167,5.309217941,-1.7696571585,-0.6746831851588,-0.727594694593044,1.57621900666386
-38.9480590820313,3.5858154296875,-340.347290039063,-47.9888916015625,-9.34600830078125,-364.303588867188,0.580683648586273,-9.83874988555908,0.760074377059937,0.04836206138134,0.0860299840569496,-0.103381901979446,-0.930328607559204,-5.34529256820679,7.6736364364624,0.069184847176075,-0.0594366937875748,0.0538273304700851,-0.184108212590218,-9.3728199005127,-1.10252785682678,-0.2693230509758,-0.322195947170258,-0.0506290085613728,-0.916718721389771,-9.74367046356201,1.44561469554901,0.53414112329483,0.123594164848328,0.0380035005509853,15.432408064,5.309217862,-1.769656522,-0.673757056969871,-0.727216555612307,1.58093360819138
-38.8336181640625,3.5858154296875,-340.423583984375,-47.454833984375,-9.1552734375,-364.07470703125,0.582528114318848,-9.84257030487061,0.758969724178314,0.0479881726205349,0.0849556475877762,-0.103625155985355,-0.928251147270203,-5.34560632705688,7.67558240890503,0.068536177277565,-0.0597452633082867,0.0533971339464188,-0.178463488817215,-9.38677501678467,-1.11212491989136,-0.273971855640411,-0.318950355052948,-0.0502280965447426,-0.910769999027252,-9.75507164001465,1.46344077587128,0.532947421073914,0.126517668366432,0.0389877632260323,15.432407961,5.309217783,-1.7696558855,-0.672830928780941,-0.72683841663157,1.5856482097189
-38.6428833007813,3.5858154296875,-340.423583984375,-46.9589233398438,-9.1552734375,-363.76953125,0.584372520446777,-9.84639072418213,0.757865071296692,0.0476142801344395,0.0838813036680222,-0.103868402540684,-0.926173627376556,-5.34592056274414,7.67752838134766,0.067887507379055,-0.0600538328289986,0.0529669411480427,-0.172818750143051,-9.40072917938232,-1.12172198295593,-0.278620660305023,-0.315704733133316,-0.0498271845281124,-0.904821217060089,-9.76647281646729,1.48126697540283,0.531753659248352,0.129441156983376,0.0399720221757889,15.432407858,5.309217704,-1.769655249,-0.671904800592011,-0.726460277650833,1.59036281124642
-38.4521484375,3.5858154296875,-340.423583984375,-46.4630126953125,-9.1552734375,-363.46435546875,0.586216986179352,-9.85021114349365,0.75676041841507,0.0472403913736343,0.0828069597482681,-0.104111649096012,-0.924096167087555,-5.3462347984314,7.67947387695313,0.067238837480545,-0.0603624023497105,0.0525367446243763,-0.167174026370049,-9.4146842956543,-1.13131904602051,-0.283269464969635,-0.312459141016006,-0.0494262725114822,-0.898872494697571,-9.77787303924561,1.4990930557251,0.530559897422791,0.13236466050148,0.0409562848508358,15.432407755,5.309217625,-1.7696546125,-0.670978672403081,-0.726082138670096,1.59507741277394
-38.2232666015625,3.662109375,-340.118408203125,-46.1196899414063,-9.11712646484375,-363.388061523438,0.588061392307281,-9.85403156280518,0.755655765533447,0.0468664988875389,0.0817326232790947,-0.104354903101921,-0.922018647193909,-5.34654903411865,7.68141984939575,0.0665901675820351,-0.0606709718704224,0.0521065518260002,-0.161529287695885,-9.42863845825195,-1.14091610908508,-0.287918269634247,-0.309213548898697,-0.0490253604948521,-0.892923712730408,-9.78927421569824,1.51691913604736,0.529366195201874,0.135288164019585,0.0419405438005924,15.432407652,5.309217546,-1.769653976,-0.670052544214151,-0.725703999689358,1.59979201430146
-37.994384765625,3.7384033203125,-339.813232421875,-45.7763671875,-9.0789794921875,-363.311767578125,0.589905858039856,-9.8578519821167,0.754551112651825,0.0464926101267338,0.0806582793593407,-0.104598149657249,-0.919941186904907,-5.34686279296875,7.68336582183838,0.0659414976835251,-0.0609795413911343,0.0516763553023338,-0.155884549021721,-9.44259357452393,-1.15051317214966,-0.292567074298859,-0.305967956781387,-0.0486244484782219,-0.886974990367889,-9.80067539215088,1.53474521636963,0.528172433376312,0.138211667537689,0.042924802750349,15.432407549,5.309217467,-1.7696533395,-0.669126416025222,-0.725325860708621,1.60450661582898
-37.994384765625,3.70025634765625,-339.736938476563,-46.1578369140625,-9.19342041015625,-362.930297851563,0.59175032377243,-9.86167335510254,0.753446459770203,0.0461187213659286,0.0795839354395866,-0.104841396212578,-0.917863667011261,-5.34717702865601,7.68531131744385,0.0652928277850151,-0.0612881109118462,0.0512461625039577,-0.150239825248718,-9.4565486907959,-1.16011023521423,-0.297215849161148,-0.302722364664078,-0.0482235364615917,-0.881026268005371,-9.8120756149292,1.55257129669189,0.526978671550751,0.141135156154633,0.043909065425396,15.432407446,5.309217388,-1.769652703,-0.668200287836292,-0.724947721727884,1.6092212173565
-37.994384765625,3.662109375,-339.66064453125,-46.539306640625,-9.307861328125,-362.548828125,0.59359472990036,-9.86549377441406,0.75234180688858,0.0457448288798332,0.0785095989704132,-0.105084650218487,-0.91578620672226,-5.34749126434326,7.68725728988647,0.0646441578865051,-0.0615966804325581,0.0508159659802914,-0.144595086574554,-9.47050285339355,-1.16970729827881,-0.30186465382576,-0.299476772546768,-0.0478226244449615,-0.875077486038208,-9.82347679138184,1.57039737701416,0.525784969329834,0.144058659672737,0.0448933243751526,15.432407343,5.309217309,-1.7696520665,-0.667274159647362,-0.724569582747147,1.61393581888402
-37.7273559570313,3.47137451171875,-339.813232421875,-47.149658203125,-9.34600830078125,-363.311767578125,0.595439195632935,-9.86931419372559,0.751237154006958,0.0453709401190281,0.0774352550506592,-0.105327896773815,-0.913708686828613,-5.34780550003052,7.6892032623291,0.0639954879879951,-0.06190524995327,0.0503857731819153,-0.138950362801552,-9.48445796966553,-1.17930436134338,-0.306513458490372,-0.296231180429459,-0.0474217124283314,-0.86912876367569,-9.83487796783447,1.58822345733643,0.524591207504272,0.146982163190842,0.0458775870501995,15.43240724,5.30921723,-1.76965143,-0.666348031458432,-0.724191443766409,1.61865042041154
-37.4603271484375,3.2806396484375,-339.9658203125,-47.760009765625,-9.3841552734375,-364.07470703125,0.597673714160919,-9.87385940551758,0.752914249897003,0.0450747609138489,0.0761435702443123,-0.105576775968075,-0.910060465335846,-5.35623645782471,7.69496440887451,0.0638119131326675,-0.0621473751962185,0.0502168424427509,-0.131962969899178,-9.5015230178833,-1.18689477443695,-0.310284972190857,-0.293004781007767,-0.0470151752233505,-0.862045109272003,-9.84858894348145,1.59425866603851,0.525490939617157,0.150044143199921,0.0463528335094452,15.4606102835,5.3270517715,-1.7717815225,-0.665111639044956,-0.723833332004146,1.62326901012871
-37.8036499023438,3.16619873046875,-340.423583984375,-47.8744506835938,-9.46044921875,-364.227294921875,0.600298345088959,-9.87912845611572,0.757373094558716,0.0448562912642956,0.0746345445513725,-0.105831280350685,-0.904841542243958,-5.37278509140015,7.70454072952271,0.0640934333205223,-0.0623230524361134,0.0503091774880886,-0.123632937669754,-9.52169990539551,-1.1924786567688,-0.313179165124893,-0.28979754447937,-0.0466030091047287,-0.853826522827148,-9.86461067199707,1.58850288391113,0.528484165668488,0.153244629502296,0.0463190712034702,15.488813327,5.344886313,-1.773911615,-0.663875246631481,-0.723475220241882,1.62788759984587
-38.14697265625,3.0517578125,-340.88134765625,-47.9888916015625,-9.5367431640625,-364.3798828125,0.602923035621643,-9.88439846038818,0.761831939220428,0.0446378216147423,0.0731255114078522,-0.106085792183876,-0.899622619152069,-5.38933324813843,7.7141170501709,0.0643749535083771,-0.0624987334012985,0.0504015125334263,-0.115302905440331,-9.54187679290771,-1.19806253910065,-0.316073358058929,-0.286590307950974,-0.0461908392608166,-0.845607936382294,-9.8806324005127,1.58274710178375,0.531477332115173,0.156445115804672,0.0462853088974953,15.5170163705,5.3627208545,-1.7760417075,-0.662638854218005,-0.723117108479619,1.63250618956304
-38.3758544921875,3.01361083984375,-341.033935546875,-47.8744506835938,-9.42230224609375,-364.303588867188,0.605547666549683,-9.88966846466064,0.766290783882141,0.044419351965189,0.0716164857149124,-0.106340296566486,-0.894403696060181,-5.40588188171387,7.72369337081909,0.0646564736962318,-0.0626744106411934,0.050493847578764,-0.106972865760326,-9.56205272674561,-1.20364630222321,-0.318967550992966,-0.283383071422577,-0.0457786731421947,-0.837389349937439,-9.89665412902832,1.57699131965637,0.534470558166504,0.159645602107048,0.04625154286623,15.545219414,5.380555396,-1.7781718,-0.661402461804529,-0.722758996717355,1.63712477928021
-38.604736328125,2.9754638671875,-341.1865234375,-47.760009765625,-9.307861328125,-364.227294921875,0.608172297477722,-9.89493751525879,0.770749688148499,0.0442008823156357,0.0701074600219727,-0.106594808399677,-0.889184772968292,-5.42243051528931,7.73326969146729,0.064937986433506,-0.0628500878810883,0.0505861826241016,-0.0986428335309029,-9.58222961425781,-1.20923018455505,-0.321861743927002,-0.28017583489418,-0.0453665070235729,-0.829170763492584,-9.91267585754395,1.57123565673828,0.537463784217834,0.162846088409424,0.0462177805602551,15.5734224575,5.3983899375,-1.7803018925,-0.660166069391053,-0.722400884955091,1.64174336899737
-38.604736328125,3.1280517578125,-341.110229492188,-47.1878051757813,-9.3841552734375,-363.998413085938,0.610796988010406,-9.90020751953125,0.775208532810211,0.0439824126660824,0.0685984343290329,-0.106849320232868,-0.883965849876404,-5.43897867202759,7.74284601211548,0.0652195066213608,-0.0630257651209831,0.0506785176694393,-0.0903128013014793,-9.60240650177002,-1.2148140668869,-0.324755936861038,-0.276968598365784,-0.0449543409049511,-0.820952236652374,-9.92869758605957,1.5654798746109,0.540457010269165,0.1660465747118,0.0461840182542801,15.601625501,5.416224479,-1.782431985,-0.658929676977577,-0.722042773192828,1.64636195871454
-38.604736328125,3.2806396484375,-341.033935546875,-46.6156005859375,-9.46044921875,-363.76953125,0.613421618938446,-9.90547752380371,0.779667377471924,0.0437639430165291,0.0670894086360931,-0.107103824615479,-0.878746926784515,-5.45552730560303,7.75242233276367,0.0655010268092155,-0.063201442360878,0.050770852714777,-0.0819827616214752,-9.62258243560791,-1.22039783000946,-0.327650129795074,-0.273761361837387,-0.0445421747863293,-0.81273365020752,-9.9447193145752,1.55972409248352,0.543450236320496,0.169247061014175,0.0461502522230148,15.6298285445,5.4340590205,-1.7845620775,-0.657693284564101,-0.721684661430564,1.65098054843171
-38.0706787109375,3.509521484375,-341.262817382813,-46.3104248046875,-9.5367431640625,-363.311767578125,0.616046249866486,-9.91074657440186,0.784126222133636,0.0435454733669758,0.0655803754925728,-0.107358336448669,-0.873528003692627,-5.47207546234131,7.76199865341187,0.0657825469970703,-0.0633771196007729,0.0508631840348244,-0.0736527293920517,-9.64275932312012,-1.22598171234131,-0.330544322729111,-0.27055412530899,-0.0441300049424171,-0.804515063762665,-9.9607400894165,1.55396831035614,0.546443402767181,0.172447547316551,0.0461164899170399,15.658031588,5.451893562,-1.78669217,-0.656456892150625,-0.7213265496683,1.65559913814888
-37.53662109375,3.7384033203125,-341.49169921875,-46.0052490234375,-9.613037109375,-362.85400390625,0.61867094039917,-9.91601657867432,0.788585126399994,0.0433270037174225,0.064071349799633,-0.10761284083128,-0.868309080600739,-5.48862409591675,7.77157497406006,0.0660640597343445,-0.0635527968406677,0.050955519080162,-0.0653226897120476,-9.66293621063232,-1.23156559467316,-0.333438515663147,-0.267346888780594,-0.0437178388237953,-0.79629647731781,-9.97676181793213,1.54821264743805,0.549436628818512,0.175648033618927,0.0460827276110649,15.6862346315,5.4697281035,-1.7888222625,-0.65522049973715,-0.720968437906037,1.66021772786604
-36.8881225585938,3.85284423828125,-341.262817382813,-46.1196899414063,-9.49859619140625,-362.930297851563,0.621295571327209,-9.92128562927246,0.793043971061707,0.0431085377931595,0.0625623241066933,-0.107867352664471,-0.86309015750885,-5.50517272949219,7.78115177154541,0.0663455799221992,-0.0637284815311432,0.0510478541254997,-0.0569926574826241,-9.68311214447021,-1.23714935779572,-0.336332708597183,-0.264139652252197,-0.0433056727051735,-0.788077890872955,-9.99278354644775,1.54245686531067,0.552429854869843,0.178848505020142,0.0460489615797997,15.714437675,5.487562645,-1.790952355,-0.653984107323674,-0.720610326143773,1.66483631758321
-36.2396240234375,3.96728515625,-341.033935546875,-46.234130859375,-9.3841552734375,-363.006591796875,0.623920202255249,-9.92655563354492,0.797502815723419,0.0428900681436062,0.0610532946884632,-0.108121857047081,-0.857871234416962,-5.52172088623047,7.7907280921936,0.066627100110054,-0.0639041587710381,0.0511401891708374,-0.0486626215279102,-9.70328903198242,-1.24273324012756,-0.339226901531219,-0.260932415723801,-0.0428935065865517,-0.779859304428101,-10.0088052749634,1.53670108318329,0.555423080921173,0.182048991322517,0.0460151992738247,15.7426407185,5.5053971865,-1.7930824475,-0.652747714910197,-0.72025221438151,1.66945490730038
-36.3922119140625,4.38690185546875,-341.033935546875,-46.539306640625,-9.5367431640625,-363.1591796875,0.626544833183289,-9.93182563781738,0.801961660385132,0.0426715984940529,0.0595442689955235,-0.108376368880272,-0.852652311325073,-5.53826951980591,7.8003044128418,0.0669086202979088,-0.0640798360109329,0.0512325242161751,-0.0403325855731964,-9.72346591949463,-1.24831712245941,-0.342121094465256,-0.257725179195404,-0.0424813367426395,-0.771640777587891,-10.024827003479,1.53094530105591,0.558416247367859,0.185249477624893,0.0459814369678497,15.770843762,5.523231728,-1.79521254,-0.651511322496722,-0.719894102619246,1.67407349701754
-36.5447998046875,4.8065185546875,-341.033935546875,-46.844482421875,-9.6893310546875,-363.311767578125,0.629169523715973,-9.93709468841553,0.806420564651489,0.0424531288444996,0.0580352395772934,-0.108630873262882,-0.847433388233185,-5.55481767654419,7.80988073348999,0.067190133035183,-0.0642555132508278,0.0513248592615128,-0.0320025496184826,-9.74364185333252,-1.25390088558197,-0.345015287399292,-0.254517942667007,-0.0420691706240177,-0.763422191143036,-10.0408487319946,1.52518963813782,0.561409473419189,0.188449963927269,0.0459476709365845,15.7990468055,5.5410662695,-1.7973426325,-0.650274930083246,-0.719535990856982,1.67869208673471
-37.0407104492188,4.99725341796875,-341.033935546875,-46.8826293945313,-9.613037109375,-363.46435546875,0.631794154644012,-9.94236469268799,0.810879409313202,0.0422346591949463,0.0565262138843536,-0.108885385096073,-0.842214465141296,-5.57136631011963,7.81945705413818,0.0674716532230377,-0.0644311904907227,0.0514171943068504,-0.0236725136637688,-9.76381874084473,-1.25948476791382,-0.347909480333328,-0.251310706138611,-0.0416570045053959,-0.755203604698181,-10.0568704605103,1.51943385601044,0.56440269947052,0.191650450229645,0.0459139086306095,15.827249849,5.558900811,-1.799472725,-0.64903853766977,-0.719177879094719,1.68331067645188
-37.53662109375,5.18798828125,-341.033935546875,-46.9207763671875,-9.5367431640625,-363.616943359375,0.639090716838837,-9.94256782531738,0.810261428356171,0.0422414056956768,0.0560193955898285,-0.109182693064213,-0.840015172958374,-5.55480813980103,7.80177354812622,0.0676586106419563,-0.0640415549278259,0.0517145060002804,-0.0180072747170925,-9.7838134765625,-1.26163339614868,-0.348772197961807,-0.248522266745567,-0.0413844622671604,-0.744694352149963,-10.0609550476074,1.50616800785065,0.567085325717926,0.192414090037346,0.0444251373410225,15.8554528925,5.5767353525,-1.8016028175,-0.647802145256294,-0.718819767332455,1.68792926616904
-37.9180908203125,5.30242919921875,-341.262817382813,-46.9207763671875,-9.765625,-363.922119140625,0.646387338638306,-9.94277000427246,0.809643507003784,0.0422481559216976,0.0555125810205936,-0.109480001032352,-0.837815880775452,-5.53824996948242,7.78409051895142,0.0678455755114555,-0.0636519119143486,0.05201181396842,-0.0123420357704163,-9.80380916595459,-1.26378190517426,-0.349634915590286,-0.245733812451363,-0.0411119237542152,-0.734185099601746,-10.0650396347046,1.49290227890015,0.569767951965332,0.193177729845047,0.0429363623261452,15.883655936,5.594569894,-1.80373291,-0.646565752842818,-0.718461655570191,1.69254785588621
-38.299560546875,5.4168701171875,-341.49169921875,-46.9207763671875,-9.9945068359375,-364.227294921875,0.65368390083313,-9.94297313690186,0.809025526046753,0.0422549024224281,0.0550057627260685,-0.109777316451073,-0.835616588592529,-5.52169227600098,7.76640701293945,0.0680325329303741,-0.0632622763514519,0.05230912566185,-0.00667679728940129,-9.82380390167236,-1.26593053340912,-0.350497633218765,-0.242945373058319,-0.0408393815159798,-0.723675787448883,-10.0691242218018,1.47963643074036,0.572450518608093,0.193941369652748,0.0414475910365582,15.9118589795,5.6124044355,-1.8058630025,-0.645329360429343,-0.718103543807928,1.69716644560338
-38.3758544921875,5.4931640625,-342.025756835938,-46.9970703125,-9.95635986328125,-363.616943359375,0.660980463027954,-9.94317626953125,0.808407545089722,0.0422616526484489,0.0544989444315434,-0.110074624419212,-0.833417236804962,-5.50513410568237,7.74872398376465,0.0682194977998734,-0.0628726333379745,0.0526064336299896,-0.00101155845914036,-9.84379863739014,-1.26807916164398,-0.351360350847244,-0.240156933665276,-0.0405668392777443,-0.713166534900665,-10.0732088088989,1.46637070178986,0.575133144855499,0.194705009460449,0.0399588197469711,15.940062023,5.630238977,-1.807993095,-0.644092968015866,-0.717745432045664,1.70178503532054
-38.4521484375,5.5694580078125,-342.559814453125,-47.0733642578125,-9.918212890625,-363.006591796875,0.668277025222778,-9.94337940216064,0.807789623737335,0.0422683991491795,0.0539921261370182,-0.110371932387352,-0.83121794462204,-5.48857593536377,7.73104047775269,0.068406455218792,-0.0624829977750778,0.0529037453234196,0.00465368060395122,-9.86379432678223,-1.27022767066956,-0.352223068475723,-0.237368479371071,-0.0402943007647991,-0.702657282352448,-10.0772933959961,1.45310485363007,0.577815771102905,0.19546864926815,0.0384700447320938,15.9682650665,5.6480735185,-1.8101231875,-0.642856575602391,-0.717387320283401,1.70640362503771
-37.9180908203125,5.53131103515625,-342.636108398438,-46.9207763671875,-10.07080078125,-362.85400390625,0.675573647022247,-9.94358158111572,0.807171642780304,0.04227514564991,0.0534853115677834,-0.110669240355492,-0.829018652439117,-5.47201776504517,7.71335697174072,0.0685934126377106,-0.0620933584868908,0.0532010532915592,0.0103189190849662,-9.8837890625,-1.27237629890442,-0.353085786104202,-0.234580039978027,-0.0400217585265636,-0.69214802980423,-10.0813779830933,1.43983912467957,0.580498397350311,0.196232289075851,0.0369812734425068,15.99646811,5.66590806,-1.81225328,-0.641620183188915,-0.717029208521137,1.71102221475488
-37.384033203125,5.4931640625,-342.71240234375,-46.7681884765625,-10.223388671875,-362.701416015625,0.682870209217072,-9.94378471374512,0.806553721427917,0.0422818958759308,0.0529784932732582,-0.110966555774212,-0.826819360256195,-5.45545959472656,7.69567394256592,0.0687803775072098,-0.0617037191987038,0.0534983649849892,0.0159841571003199,-9.90378475189209,-1.27452480792999,-0.353948473930359,-0.231791600584984,-0.0397492200136185,-0.681638717651367,-10.0854625701904,1.42657327651978,0.583181023597717,0.196995928883553,0.0354925021529198,15.996468301,5.66590781,-1.812254417,-0.640294924818767,-0.716346169953792,1.71505714875101
-37.3077392578125,5.14984130859375,-342.254638671875,-46.6537475585938,-10.2996826171875,-362.472534179688,0.690166771411896,-9.94398784637451,0.805935740470886,0.0422886423766613,0.0524716749787331,-0.111263863742352,-0.824620068073273,-5.43890142440796,7.67799043655396,0.0689673349261284,-0.0613140799105167,0.0537956729531288,0.0216493960469961,-9.92377948760986,-1.27667343616486,-0.354811191558838,-0.229003146290779,-0.039476677775383,-0.671129465103149,-10.0895471572876,1.41330754756927,0.585863649845123,0.197759568691254,0.0340037271380424,15.996468492,5.66590756,-1.812255554,-0.63896966644862,-0.715663131386447,1.71909208274715
-37.2314453125,4.8065185546875,-341.796875,-46.539306640625,-10.3759765625,-362.24365234375,0.697463393211365,-9.94419097900391,0.805317759513855,0.0422953926026821,0.0519648604094982,-0.111561171710491,-0.82242077589035,-5.42234373092651,7.66030740737915,0.0691542997956276,-0.06092444434762,0.0540929846465588,0.0273146349936724,-9.94377422332764,-1.27882206439972,-0.355673909187317,-0.226214706897736,-0.0392041355371475,-0.660620212554932,-10.0936317443848,1.40004169940948,0.588546216487885,0.198523208498955,0.0325149558484554,15.996468683,5.66590731,-1.812256691,-0.637644408078473,-0.714980092819102,1.72312701674328
-37.0407104492188,4.8828125,-341.262817382813,-46.38671875,-10.2615356445313,-361.9384765625,0.704759955406189,-9.94439315795898,0.804699838161469,0.0423021391034126,0.0514580421149731,-0.111858479678631,-0.820221483707428,-5.40578556060791,7.64262390136719,0.0693412572145462,-0.060534805059433,0.0543902926146984,0.0329798758029938,-9.96376991271973,-1.28097057342529,-0.356536626815796,-0.223426267504692,-0.0389315970242023,-0.650110960006714,-10.0977163314819,1.38677585124969,0.591228842735291,0.199286848306656,0.0310261826962233,15.996468874,5.66590706,-1.812257828,-0.636319149708326,-0.714297054251757,1.72716195073942
-36.8499755859375,4.9591064453125,-340.728759765625,-46.234130859375,-10.1470947265625,-361.63330078125,0.712056517601013,-9.94459629058838,0.804081857204437,0.0423088856041431,0.0509512238204479,-0.11215578764677,-0.818022131919861,-5.38922739028931,7.62494039535522,0.0695282146334648,-0.060145165771246,0.0546876043081284,0.03864511474967,-9.9837646484375,-1.28311920166016,-0.357399344444275,-0.220637813210487,-0.0386590547859669,-0.639601707458496,-10.1018009185791,1.37351012229919,0.593911468982697,0.200050488114357,0.0295374114066362,15.996469065,5.66590681,-1.812258965,-0.634993891338178,-0.713614015684412,1.73119688473555
-36.92626953125,4.99725341796875,-340.194702148438,-46.2722778320313,-10.1089477539063,-361.251831054688,0.719353139400482,-9.94479942321777,0.803463876247406,0.042315635830164,0.0504444092512131,-0.112453103065491,-0.815822839736938,-5.3726692199707,7.60725736618042,0.069715179502964,-0.0597555264830589,0.054984912276268,0.0443103536963463,-10.0037593841553,-1.28526782989502,-0.358262062072754,-0.217849373817444,-0.0383865125477314,-0.629092395305634,-10.1058855056763,1.3602442741394,0.596594095230103,0.200814127922058,0.0280486382544041,15.996469256,5.66590656,-1.812260102,-0.63366863296803,-0.712930977117067,1.73523181873169
-37.0025634765625,5.035400390625,-339.66064453125,-46.3104248046875,-10.07080078125,-360.870361328125,0.726649701595306,-9.94500255584717,0.80284595489502,0.0423223823308945,0.0499375909566879,-0.11275041103363,-0.813623547554016,-5.3561110496521,7.58957386016846,0.0699021369218826,-0.0593658871948719,0.055282223969698,0.0499755926430225,-10.0237550735474,-1.28741633892059,-0.359124779701233,-0.2150609344244,-0.0381139740347862,-0.618583142757416,-10.1099700927734,1.3469785451889,0.599276721477509,0.201577767729759,0.0265598651021719,15.996469447,5.66590631,-1.812261239,-0.632343374597884,-0.712247938549722,1.73926675272782
-37.1170043945313,4.8828125,-339.9658203125,-46.6537475585938,-9.88006591796875,-360.641479492188,0.736879944801331,-9.94398403167725,0.799106657505035,0.0422131456434727,0.049444317817688,-0.113178342580795,-0.810760617256165,-5.34781646728516,7.58658409118652,0.0697309821844101,-0.0589255690574646,0.055618941783905,0.0579865947365761,-10.0417280197144,-1.28920006752014,-0.359023481607437,-0.21226578950882,-0.037859458476305,-0.610293328762054,-10.1098642349243,1.34026944637299,0.60051441192627,0.201269283890724,0.0248481258749962,15.996469638,5.66590606,-1.812262376,-0.631018116227736,-0.711564899982377,1.74330168672396
-37.2314453125,4.730224609375,-340.27099609375,-46.9970703125,-9.6893310546875,-360.41259765625,0.750043869018555,-9.94174385070801,0.792246103286743,0.0419879257678986,0.048964586108923,-0.113736905157566,-0.807234048843384,-5.34778547286987,7.59828805923462,0.0692017152905464,-0.0584345683455467,0.0559950731694698,0.0683433711528778,-10.0576791763306,-1.29061877727509,-0.357958197593689,-0.209463953971863,-0.037622969597578,-0.60422295331955,-10.1055679321289,1.34011709690094,0.600307285785675,0.199888676404953,0.0229134168475866,15.996469829,5.66590581,-1.812263513,-0.629692857857589,-0.710881861415032,1.74733662072009
-37.4221801757813,4.92095947265625,-340.499877929688,-47.1115112304688,-9.6893310546875,-360.031127929688,0.763207793235779,-9.93950462341309,0.785385489463806,0.0417627058923244,0.0484848581254482,-0.114295460283756,-0.803707480430603,-5.34775400161743,7.60999155044556,0.0686724409461021,-0.0579435713589191,0.0563712008297443,0.0787001401185989,-10.0736303329468,-1.29203760623932,-0.356892913579941,-0.206662103533745,-0.0373864769935608,-0.5981525182724,-10.1012706756592,1.3399646282196,0.600100159645081,0.198508068919182,0.0209787078201771,15.99647002,5.66590556,-1.81226465,-0.628367599487441,-0.710198822847687,1.75137155471623
-37.6129150390625,5.1116943359375,-340.728759765625,-47.2259521484375,-9.6893310546875,-359.649658203125,0.776371717453003,-9.93726539611816,0.778524935245514,0.0415374860167503,0.0480051301419735,-0.114854022860527,-0.800180971622467,-5.34772300720215,7.62169551849365,0.0681431740522385,-0.0574525706470013,0.0567473322153091,0.0890569090843201,-10.0895805358887,-1.29345631599426,-0.355827629566193,-0.203860267996788,-0.0371499881148338,-0.592082142829895,-10.0969743728638,1.33981227874756,0.599893033504486,0.197127461433411,0.0190439987927675,15.996470211,5.66590531,-1.812265787,-0.627042341117294,-0.709515784280342,1.75540648871236
-37.7273559570313,5.340576171875,-340.499877929688,-47.3785400390625,-9.6893310546875,-359.4970703125,0.789535641670227,-9.93502521514893,0.771664321422577,0.0413122661411762,0.0475253984332085,-0.115412585437298,-0.796654403209686,-5.34769201278687,7.63339900970459,0.0676139071583748,-0.0569615699350834,0.0571234636008739,0.0994136855006218,-10.1055316925049,-1.29487502574921,-0.354762345552444,-0.201058432459831,-0.0369134992361069,-0.58601176738739,-10.0926780700684,1.33965992927551,0.599685847759247,0.195746853947639,0.017109289765358,15.996470402,5.66590506,-1.812266924,-0.625717082747147,-0.708832745712997,1.7594414227085
-37.841796875,5.5694580078125,-340.27099609375,-47.5311279296875,-9.6893310546875,-359.344482421875,0.802699565887451,-9.932785987854,0.76480370759964,0.0410870462656021,0.0470456704497337,-0.115971140563488,-0.793127834796906,-5.34766054153442,7.64510250091553,0.0670846328139305,-0.0564705729484558,0.0574995912611485,0.109770454466343,-10.1214828491211,-1.29629385471344,-0.353697031736374,-0.198256596922874,-0.0366770103573799,-0.57994133234024,-10.0883808135986,1.33950746059418,0.599478721618652,0.194366246461868,0.015174581669271,15.996470593,5.66590481,-1.812268061,-0.624391824376999,-0.708149707145652,1.76347635670463
-37.7273559570313,5.68389892578125,-339.889526367188,-47.2640991210938,-9.6893310546875,-359.19189453125,0.815863490104675,-9.93054676055908,0.757943153381348,0.040861826390028,0.046565942466259,-0.116529703140259,-0.789601266384125,-5.34762954711914,7.65680646896362,0.0665553659200668,-0.0559795722365379,0.0578757226467133,0.120127223432064,-10.1374340057373,-1.29771256446838,-0.352631747722626,-0.195454761385918,-0.036440521478653,-0.573870956897736,-10.0840845108032,1.33935511112213,0.599271595478058,0.192985638976097,0.0132398726418614,15.996470784,5.66590456,-1.812269198,-0.623066566006852,-0.707466668578307,1.76751129070076
-37.6129150390625,5.79833984375,-339.508056640625,-46.9970703125,-9.6893310546875,-359.039306640625,0.829027354717255,-9.92830657958984,0.751082539558411,0.0406366065144539,0.046086210757494,-0.117088258266449,-0.786074697971344,-5.3475980758667,7.66850996017456,0.0660260915756226,-0.0554885715246201,0.0582518503069878,0.130483999848366,-10.1533851623535,-1.29913139343262,-0.351566463708878,-0.1926529109478,-0.0362040288746357,-0.567800581455231,-10.0797872543335,1.33920276165009,0.599064469337463,0.191605031490326,0.0113051645457745,15.996470975,5.66590431,-1.812270335,-0.621741307636705,-0.706783630010962,1.7715462246969
-37.1551513671875,5.98907470703125,-339.202880859375,-46.4248657226563,-9.6893310546875,-358.963012695313,0.842191278934479,-9.92606735229492,0.744221985340118,0.0404113866388798,0.0456064827740192,-0.11764682084322,-0.782548129558563,-5.34756708145142,7.68021392822266,0.0654968246817589,-0.0549975745379925,0.0586279816925526,0.140840768814087,-10.1693363189697,-1.30055010318756,-0.350501179695129,-0.189851075410843,-0.0359675399959087,-0.561730146408081,-10.0754909515381,1.33905029296875,0.598857283592224,0.190224424004555,0.00937045551836491,15.996471166,5.66590406,-1.812271472,-0.620416049266557,-0.706100591443617,1.77558115869304
-36.6973876953125,6.1798095703125,-338.897705078125,-45.8526611328125,-9.6893310546875,-358.88671875,0.855355203151703,-9.92382717132568,0.737361371517181,0.0401861667633057,0.0451267510652542,-0.118205383419991,-0.779021561145782,-5.34753608703613,7.69191741943359,0.0649675577878952,-0.0545065738260746,0.0590041130781174,0.151197537779808,-10.1852874755859,-1.3019688129425,-0.349435895681381,-0.187049239873886,-0.0357310511171818,-0.555659770965576,-10.0711946487427,1.3388979434967,0.59865015745163,0.188843801617622,0.00743574695661664,15.996471357,5.66590381,-1.812272609,-0.61909079089641,-0.705417552876272,1.77961609268917
-36.3922119140625,6.3323974609375,-339.05029296875,-45.5856323242188,-9.80377197265625,-359.19189453125,0.868519127368927,-9.92158794403076,0.730500817298889,0.0399609468877316,0.0446470230817795,-0.118763938546181,-0.775495052337646,-5.34750461578369,7.70362138748169,0.0644382834434509,-0.0540155731141567,0.0593802407383919,0.161554306745529,-10.2012376785278,-1.30338764190674,-0.348370611667633,-0.184247404336929,-0.0354945622384548,-0.549589395523071,-10.0668973922729,1.33874559402466,0.598443031311035,0.187463194131851,0.00550103839486837,15.996471548,5.66590356,-1.812273746,-0.617765532526262,-0.704734514308927,1.78365102668531
-36.0870361328125,6.4849853515625,-339.202880859375,-45.318603515625,-9.918212890625,-359.4970703125,0.881683051586151,-9.91934871673584,0.723640203475952,0.0397357270121574,0.0441672950983047,-0.119322501122952,-0.771968483924866,-5.34747362136841,7.71532487869263,0.0639090165495872,-0.0535245724022388,0.0597563721239567,0.171911090612411,-10.217188835144,-1.30480635166168,-0.347305297851563,-0.181445553898811,-0.0352580696344376,-0.543519020080566,-10.0626010894775,1.33859324455261,0.598235905170441,0.18608258664608,0.00356632960028946,15.996471739,5.66590331,-1.812274883,-0.616440274156116,-0.704051475741582,1.78768596068144
-36.1251831054688,6.75201416015625,-339.889526367188,-45.5093383789063,-10.07080078125,-358.657836914063,0.894846975803375,-9.9171085357666,0.71677964925766,0.0395105071365833,0.0436875633895397,-0.119881056249142,-0.768441915512085,-5.34744215011597,7.72702884674072,0.063379742205143,-0.0530335754156113,0.0601324997842312,0.182267859578133,-10.2331399917603,-1.30622518062592,-0.346240013837814,-0.178643718361855,-0.0350215807557106,-0.537448585033417,-10.0583038330078,1.33844077587128,0.598028719425201,0.184701979160309,0.00163162092212588,15.99647193,5.66590306,-1.81227602,-0.615115015785968,-0.703368437174237,1.79172089467757
-36.163330078125,7.01904296875,-340.576171875,-45.7000732421875,-10.223388671875,-357.818603515625,0.908010900020599,-9.91486930847168,0.709919035434723,0.0392852872610092,0.043207835406065,-0.120439618825912,-0.764915347099304,-5.34741115570068,7.73873233795166,0.0628504753112793,-0.0525425747036934,0.060508631169796,0.192624628543854,-10.2490911483765,-1.30764389038086,-0.345174729824066,-0.175841882824898,-0.0347850918769836,-0.531378209590912,-10.0540075302124,1.33828842639923,0.597821593284607,0.183321371674538,-0.000303087756037712,15.996471971,5.665903041,-1.81227536,-0.614379663611029,-0.703005667715082,1.79453374478406
-36.5829467773438,7.05718994140625,-340.499877929688,-46.0433959960938,-10.2996826171875,-357.666015625,0.91817569732666,-9.917311668396,0.711884558200836,0.0393348187208176,0.0435681641101837,-0.120583787560463,-0.767772853374481,-5.35338020324707,7.74126672744751,0.0625666603446007,-0.0521912053227425,0.0610244087874889,0.205505102872849,-10.2585163116455,-1.30988347530365,-0.341974258422852,-0.173672869801521,-0.0346094071865082,-0.539079546928406,-10.0532569885254,1.34574699401855,0.598030984401703,0.180717721581459,-0.00178739184048027,15.996472012,5.665903022,-1.8122747,-0.61364431143609,-0.702642898255927,1.79734659489054
-37.0025634765625,7.0953369140625,-340.423583984375,-46.38671875,-10.3759765625,-357.513427734375,0.928340435028076,-9.919753074646,0.713850080966949,0.0393843539059162,0.0439284890890121,-0.120727963745594,-0.770630300045013,-5.35934925079346,7.74380159378052,0.0622828491032124,-0.0518398396670818,0.0615401826798916,0.218385577201843,-10.2679414749146,-1.31212306022644,-0.338773787021637,-0.171503841876984,-0.0344337224960327,-0.546780943870544,-10.0525074005127,1.35320556163788,0.598240435123444,0.17811407148838,-0.00327169592492282,15.996472053,5.665903003,-1.81227404,-0.612908959261151,-0.702280128796772,1.80015944499703
-37.4603271484375,6.90460205078125,-340.194702148438,-46.5011596679688,-10.4904174804688,-357.284545898438,0.938505232334137,-9.92219543457031,0.715815663337708,0.0394338853657246,0.0442888177931309,-0.120872132480145,-0.77348780632019,-5.36531829833984,7.74633598327637,0.0619990341365337,-0.0514884702861309,0.0620559602975845,0.231266051530838,-10.2773666381836,-1.31436276435852,-0.335573315620422,-0.169334828853607,-0.0342580378055573,-0.554482281208038,-10.0517568588257,1.3606641292572,0.59844982624054,0.175510421395302,-0.00475599989295006,15.996472094,5.665902984,-1.81227338,-0.612173607086212,-0.701917359337617,1.80297229510351
-37.9180908203125,6.7138671875,-339.9658203125,-46.6156005859375,-10.6048583984375,-357.0556640625,0.948670029640198,-9.92463779449463,0.717781186103821,0.0394834205508232,0.0446491464972496,-0.121016308665276,-0.776345312595367,-5.37128782272339,7.74887037277222,0.0617152228951454,-0.05113710090518,0.0625717341899872,0.244146525859833,-10.2867918014526,-1.31660234928131,-0.332372844219208,-0.16716580092907,-0.0340823568403721,-0.562183678150177,-10.051007270813,1.36812269687653,0.598659217357635,0.172906786203384,-0.00624030409380794,15.996472135,5.665902965,-1.81227272,-0.611438254911273,-0.701554589878461,1.80578514521
-37.7273559570313,6.67572021484375,-339.584350585938,-46.5011596679688,-10.4141235351563,-356.903076171875,0.958834767341614,-9.92708015441895,0.719746708869934,0.0395329520106316,0.045009471476078,-0.121160477399826,-0.7792027592659,-5.37725687026978,7.75140523910522,0.0614314079284668,-0.050785731524229,0.0630875080823898,0.257027000188828,-10.2962160110474,-1.3188419342041,-0.329172372817993,-0.164996787905693,-0.0339066721498966,-0.569885015487671,-10.050256729126,1.37558126449585,0.598868668079376,0.170303136110306,-0.00772460829466581,15.996472176,5.665902946,-1.81227206,-0.610702902736334,-0.701191820419306,1.80859799531648
-37.53662109375,6.6375732421875,-339.202880859375,-46.38671875,-10.223388671875,-356.75048828125,0.968999564647675,-9.92952156066895,0.721712231636047,0.0395824871957302,0.0453698001801968,-0.121304653584957,-0.782060265541077,-5.38322591781616,7.75393962860107,0.0611475966870785,-0.0504343658685684,0.0636032894253731,0.269907474517822,-10.3056411743164,-1.32108151912689,-0.325971901416779,-0.162827759981155,-0.0337309874594212,-0.57758641242981,-10.049506187439,1.38303983211517,0.599078059196472,0.167699486017227,-0.0092089120298624,15.996472217,5.665902927,-1.8122714,-0.609967550561395,-0.700829050960151,1.81141084542296
-37.2314453125,6.40869140625,-339.05029296875,-45.928955078125,-10.1852416992188,-356.826782226563,0.979164361953735,-9.93196392059326,0.723677814006805,0.0396320186555386,0.0457301288843155,-0.121448822319508,-0.784917771816254,-5.38919496536255,7.75647401809692,0.0608637817203999,-0.0500829964876175,0.0641190633177757,0.282787948846817,-10.3150663375854,-1.32332110404968,-0.322771459817886,-0.160658746957779,-0.0335553027689457,-0.585287749767303,-10.0487565994263,1.3904983997345,0.599287450313568,0.165095835924149,-0.0106932166963816,15.996472258,5.665902908,-1.81227074,-0.609232198386456,-0.700466281500996,1.81422369552945
-36.92626953125,6.1798095703125,-338.897705078125,-45.47119140625,-10.1470947265625,-356.903076171875,0.989329099655151,-9.93440628051758,0.725643336772919,0.0396815538406372,0.0460904538631439,-0.121592998504639,-0.787775218486786,-5.39516401290894,7.75900888442993,0.0605799704790115,-0.0497316271066666,0.0646348372101784,0.295668423175812,-10.3244915008545,-1.32556068897247,-0.319570988416672,-0.158489719033241,-0.0333796180784702,-0.592989146709442,-10.0480060577393,1.39795696735382,0.599496901035309,0.16249218583107,-0.0121775204315782,15.996472299,5.665902889,-1.81227008,-0.608496846211517,-0.700103512041841,1.81703654563593
-36.5829467773438,5.98907470703125,-339.05029296875,-45.5474853515625,-9.95635986328125,-357.208251953125,0.999493896961212,-9.93684864044189,0.727608859539032,0.0397310853004456,0.0464507825672626,-0.121737167239189,-0.790632724761963,-5.40113306045532,7.76154327392578,0.0602961555123329,-0.0493802614510059,0.0651506185531616,0.308548897504807,-10.3339166641235,-1.32780039310455,-0.316370517015457,-0.156320706009865,-0.0332039333879948,-0.600690484046936,-10.0472564697266,1.40541553497314,0.599706292152405,0.159888535737991,-0.0136618250980973,15.99647234,5.66590287,-1.81226942,-0.607761494036578,-0.699740742582686,1.81984939574242
-36.2396240234375,5.79833984375,-339.202880859375,-45.623779296875,-9.765625,-357.513427734375,1.00965869426727,-9.93929004669189,0.729574382305145,0.0397806167602539,0.0468111112713814,-0.12188133597374,-0.79349023103714,-5.40710210800171,7.76407766342163,0.0600123405456543,-0.049028892070055,0.0656663924455643,0.321429371833801,-10.3433418273926,-1.33003997802734,-0.313170045614243,-0.154151692986488,-0.0330282486975193,-0.608391880989075,-10.0465059280396,1.41287410259247,0.599915683269501,0.157284885644913,-0.0151461288332939,15.996472381,5.665902851,-1.81226876,-0.607026141861639,-0.699377973123531,1.8226622458489
-36.0107421875,5.79833984375,-339.66064453125,-45.8526611328125,-9.57489013671875,-357.742309570313,1.01982343196869,-9.94173240661621,0.731539905071259,0.0398301519453526,0.0471714362502098,-0.122025512158871,-0.796347677707672,-5.41307163238525,7.76661252975464,0.059728529304266,-0.0486775226891041,0.0661821663379669,0.334309846162796,-10.3527669906616,-1.33227956295013,-0.309969574213028,-0.151982665061951,-0.0328525677323341,-0.616093218326569,-10.0457553863525,1.42033267021179,0.600125133991241,0.154681250452995,-0.0166304334998131,15.996472422,5.665902832,-1.8122681,-0.6062907896867,-0.699015203664376,1.82547509595539
-35.7818603515625,5.79833984375,-340.118408203125,-46.08154296875,-9.3841552734375,-357.97119140625,1.02998828887939,-9.94417476654053,0.733505487442017,0.0398796834051609,0.0475317649543285,-0.122169680893421,-0.799205183982849,-5.41904067993164,7.76914691925049,0.0594447143375874,-0.0483261570334435,0.0666979476809502,0.347190320491791,-10.3621921539307,-1.33451914787292,-0.306769102811813,-0.149813652038574,-0.0326768830418587,-0.623794615268707,-10.0450057983398,1.42779123783112,0.600334525108337,0.152077600359917,-0.0181147363036871,15.996472463,5.665902813,-1.81226744,-0.605555437511761,-0.69865243420522,1.82828794606187
-35.8963012695313,6.06536865234375,-340.347290039063,-46.1959838867188,-9.3841552734375,-357.894897460938,1.04015302658081,-9.94661712646484,0.73547101020813,0.0399292185902596,0.0478920936584473,-0.122313857078552,-0.802062690258026,-5.42500972747803,7.77168130874634,0.059160903096199,-0.0479747876524925,0.0672137215733528,0.360070794820786,-10.3716173171997,-1.33675873279572,-0.303568631410599,-0.147644624114037,-0.0325011983513832,-0.631495952606201,-10.0442552566528,1.43524980545044,0.600543916225433,0.149473950266838,-0.0195990409702063,15.996472504,5.665902794,-1.81226678,-0.604820085336822,-0.698289664746065,1.83110079616836
-36.0107421875,6.3323974609375,-340.576171875,-46.3104248046875,-9.3841552734375,-357.818603515625,1.04488098621368,-9.94609546661377,0.73633736371994,0.0397895835340023,0.0480227284133434,-0.12229473143816,-0.804059028625488,-5.42887592315674,7.77103853225708,0.0590617805719376,-0.0476414449512959,0.0676563009619713,0.374577552080154,-10.3768110275269,-1.33912003040314,-0.299963891506195,-0.145939588546753,-0.0324257388710976,-0.643073678016663,-10.0446453094482,1.4420040845871,0.601380586624146,0.146722793579102,-0.0203423593193293,15.996472545,5.665902775,-1.81226612,-0.604084733161883,-0.69792689528691,1.83391364627484
-36.31591796875,6.59942626953125,-340.652465820313,-46.1959838867188,-9.34600830078125,-357.589721679688,1.04417216777802,-9.9426097869873,0.736104607582092,0.0394607819616795,0.047923669219017,-0.122112303972244,-0.80519425868988,-5.43063974380493,7.76721811294556,0.0591473542153835,-0.0473261252045631,0.0680256858468056,0.390710592269897,-10.3777742385864,-1.34160280227661,-0.29595485329628,-0.144698545336723,-0.0324505008757114,-0.658527672290802,-10.0461759567261,1.44805419445038,0.602844536304474,0.143824115395546,-0.0203446894884109,15.996472586,5.665902756,-1.81226546,-0.603349380986944,-0.697564125827755,1.83672649638133
-36.62109375,6.866455078125,-340.728759765625,-46.08154296875,-9.307861328125,-357.36083984375,1.04346334934235,-9.93912410736084,0.735871851444244,0.0391319766640663,0.0478246137499809,-0.121929883956909,-0.806329488754272,-5.43240308761597,7.76339769363403,0.0592329241335392,-0.0470108091831207,0.0683950707316399,0.406843632459641,-10.378737449646,-1.34408557415009,-0.291945844888687,-0.143457502126694,-0.0324752666056156,-0.673981666564941,-10.0477056503296,1.45410430431366,0.604308426380157,0.140925452113152,-0.0203470215201378,15.996472627,5.665902737,-1.8122648,-0.602614028812005,-0.6972013563686,1.83953934648781
-36.62109375,7.4005126953125,-340.576171875,-45.7763671875,-9.46044921875,-357.208251953125,1.04275453090668,-9.93563842773438,0.735639095306396,0.0388031750917435,0.0477255582809448,-0.121747463941574,-0.807464718818665,-5.434166431427,7.75957727432251,0.0593184977769852,-0.046695489436388,0.0687644481658936,0.422976642847061,-10.3797006607056,-1.34656846523285,-0.287936806678772,-0.142216458916664,-0.0325000286102295,-0.689435660839081,-10.0492362976074,1.46015441417694,0.605772376060486,0.138026788830757,-0.0203493535518646,15.996472668,5.665902718,-1.81226414,-0.601878676637066,-0.696838586909445,1.84235219659429
-36.62109375,7.9345703125,-340.423583984375,-45.47119140625,-9.613037109375,-357.0556640625,1.04204571247101,-9.93215274810791,0.735406279563904,0.0384743735194206,0.0476264990866184,-0.121565036475658,-0.808599948883057,-5.4359302520752,7.75575685501099,0.0594040714204311,-0.0463801734149456,0.0691338330507278,0.439109683036804,-10.3806638717651,-1.34905123710632,-0.283927798271179,-0.140975415706635,-0.0325247943401337,-0.70488965511322,-10.0507659912109,1.46620452404022,0.607236325740814,0.135128110647202,-0.0203516837209463,15.996472709,5.665902699,-1.81226348,-0.601143324462127,-0.69647581745029,1.84516504670078
-36.7355346679688,8.04901123046875,-340.652465820313,-45.6619262695313,-9.65118408203125,-357.208251953125,1.04133689403534,-9.92866706848145,0.735173523426056,0.0381455682218075,0.0475274436175823,-0.121382616460323,-0.809735178947449,-5.43769359588623,7.75193643569946,0.0594896413385868,-0.0460648536682129,0.0695032179355621,0.455242723226547,-10.3816270828247,-1.3515340089798,-0.279918760061264,-0.139734372496605,-0.0325495600700378,-0.72034364938736,-10.0522966384888,1.4722546339035,0.608700215816498,0.132229447364807,-0.0203540157526731,15.99647275,5.66590268,-1.81226282,-0.600407972287188,-0.696113047991135,1.84797789680726
-36.8499755859375,8.1634521484375,-340.88134765625,-45.8526611328125,-9.6893310546875,-357.36083984375,1.04062807559967,-9.92518138885498,0.734940767288208,0.0378167666494846,0.0474283881485462,-0.121200196444988,-0.810870409011841,-5.43945693969727,7.74811601638794,0.0595752149820328,-0.0457495376467705,0.0698726028203964,0.471375733613968,-10.3825902938843,-1.35401690006256,-0.275909721851349,-0.138493329286575,-0.0325743220746517,-0.735797643661499,-10.0538263320923,1.47830474376678,0.610164165496826,0.129330784082413,-0.0203563477844,15.996548872,5.6658888585,-1.812217284,-0.599704578699845,-0.695514385504688,1.84900903302359
-36.5447998046875,8.392333984375,-340.728759765625,-46.0052490234375,-9.8419189453125,-357.589721679688,1.039919257164,-9.92169570922852,0.73470801115036,0.0374879650771618,0.0473293289542198,-0.121017768979073,-0.812005579471588,-5.44122076034546,7.74429512023926,0.0596607849001884,-0.0454342179000378,0.0702419877052307,0.487508773803711,-10.3835525512695,-1.35649967193604,-0.271900713443756,-0.137252286076546,-0.0325990878045559,-0.751251637935638,-10.0553569793701,1.48435473442078,0.61162805557251,0.126432105898857,-0.0203586779534817,15.996624994,5.665875037,-1.812171748,-0.599001185112503,-0.694915723018241,1.85004016923991
-36.2396240234375,8.6212158203125,-340.576171875,-46.1578369140625,-9.9945068359375,-357.818603515625,1.03921043872833,-9.91821002960205,0.734475195407867,0.0371591597795486,0.0472302734851837,-0.120835348963737,-0.81314080953598,-5.44298410415649,7.74047470092773,0.0597463585436344,-0.0451189018785954,0.070611372590065,0.503641784191132,-10.3845157623291,-1.35898244380951,-0.267891675233841,-0.136011242866516,-0.0326238498091698,-0.766705632209778,-10.0568866729736,1.49040484428406,0.613092005252838,0.123533442616463,-0.0203610099852085,15.996701116,5.6658612155,-1.812126212,-0.59829779152516,-0.694317060531794,1.85107130545624
-36.0107421875,8.81195068359375,-340.347290039063,-45.8526611328125,-10.1089477539063,-357.589721679688,1.03850162029266,-9.91472434997559,0.73424243927002,0.0368303582072258,0.0471312142908573,-0.120652921497822,-0.814276039600372,-5.44474792480469,7.73665428161621,0.0598319321870804,-0.0448035821318626,0.0709807574748993,0.519774854183197,-10.3854789733887,-1.36146533489227,-0.263882666826248,-0.134770199656487,-0.0326486155390739,-0.782159626483917,-10.0584173202515,1.49645495414734,0.614555954933167,0.120634771883488,-0.0203633401542902,15.996777238,5.665847394,-1.812080676,-0.597594397937818,-0.693718398045348,1.85210244167257
-35.7818603515625,9.002685546875,-340.118408203125,-45.5474853515625,-10.223388671875,-357.36083984375,1.03779280185699,-9.91123867034912,0.734009683132172,0.036501556634903,0.0470321588218212,-0.120470501482487,-0.815411269664764,-5.44651126861572,7.73283386230469,0.0599175021052361,-0.0444882661104202,0.071350134909153,0.535907864570618,-10.3864421844482,-1.36394810676575,-0.259873628616333,-0.133529156446457,-0.0326733775436878,-0.797613620758057,-10.059947013855,1.50250506401062,0.61601984500885,0.117736101150513,-0.020365672186017,15.99685336,5.6658335725,-1.81203514,-0.596891004350475,-0.693119735558901,1.85313357788889
-35.9725952148438,8.9263916015625,-339.9658203125,-45.166015625,-10.3759765625,-356.75048828125,1.03708398342133,-9.90775299072266,0.733776926994324,0.0361727550625801,0.0469331033527851,-0.120288081467152,-0.816546499729156,-5.44827461242676,7.72901344299316,0.060003075748682,-0.0441729463636875,0.0717195197939873,0.552040874958038,-10.3874053955078,-1.36643087863922,-0.25586462020874,-0.132288113236427,-0.032698143273592,-0.813067615032196,-10.0614776611328,1.5085551738739,0.617483794689178,0.114837430417538,-0.0203680042177439,15.996929482,5.665819751,-1.811989604,-0.596187610763133,-0.692521073072454,1.85416471410522
-36.163330078125,8.85009765625,-339.813232421875,-44.7845458984375,-10.528564453125,-356.14013671875,1.03637516498566,-9.90426731109619,0.733544111251831,0.035843949764967,0.0468340441584587,-0.120105654001236,-0.817681729793549,-5.45003843307495,7.72519302368164,0.0600886456668377,-0.0438576303422451,0.0720889046788216,0.568173944950104,-10.3883686065674,-1.36891376972198,-0.251855581998825,-0.131047070026398,-0.0327229052782059,-0.828521609306335,-10.0630073547363,1.51460528373718,0.618947684764862,0.111938767135143,-0.0203703343868256,15.997005604,5.6658059295,-1.811944068,-0.59548421717579,-0.691922410586007,1.85519585032154
-36.3922119140625,8.73565673828125,-339.66064453125,-44.6319580078125,-10.5667114257813,-355.758666992188,1.03566634654999,-9.90078163146973,0.733311355113983,0.0355151481926441,0.0467349886894226,-0.119923233985901,-0.818816959857941,-5.45180177688599,7.72137260437012,0.0601742193102837,-0.0435423105955124,0.0724582895636559,0.584306955337524,-10.389331817627,-1.37139654159546,-0.247846558690071,-0.129806026816368,-0.03274767100811,-0.843975603580475,-10.0645380020142,1.52065539360046,0.62041163444519,0.109040096402168,-0.0203726664185524,15.997081726,5.665792108,-1.811898532,-0.594780823588448,-0.69132374809956,1.85622698653787
-36.62109375,8.6212158203125,-339.508056640625,-44.4793701171875,-10.6048583984375,-355.377197265625,1.03294014930725,-9.89811611175537,0.72934901714325,0.0352853871881962,0.0461764223873615,-0.119990780949593,-0.81772255897522,-5.44950151443481,7.721848487854,0.0599062219262123,-0.0434094071388245,0.0727736204862595,0.600238263607025,-10.3825216293335,-1.37606835365295,-0.24490262567997,-0.129632532596588,-0.0326440781354904,-0.854900896549225,-10.0622072219849,1.52624952793121,0.622328400611877,0.107643507421017,-0.018823130056262,15.997157848,5.6657782865,-1.811852996,-0.594077430001105,-0.690725085613114,1.8572581227542
-36.8499755859375,8.65936279296875,-339.584350585938,-44.5938110351563,-10.4904174804688,-355.453491210938,1.03021395206451,-9.89545059204102,0.725386619567871,0.0350556261837482,0.0456178523600101,-0.120058327913284,-0.816628098487854,-5.44720125198364,7.72232437133789,0.059638224542141,-0.0432765036821365,0.0730889514088631,0.616169571876526,-10.3757123947144,-1.38074004650116,-0.241958692669868,-0.129459023475647,-0.0325404815375805,-0.865826189517975,-10.0598764419556,1.53184366226196,0.62424510717392,0.106246918439865,-0.0172735918313265,15.99723397,5.665764465,-1.81180746,-0.593374036413763,-0.690126423126667,1.85828925897052
-37.078857421875,8.697509765625,-339.66064453125,-44.708251953125,-10.3759765625,-355.52978515625,1.02748775482178,-9.89278507232666,0.721424281597137,0.0348258651793003,0.0450592860579491,-0.120125874876976,-0.815533697605133,-5.44490098953247,7.72280025482178,0.0593702271580696,-0.0431435965001583,0.0734042823314667,0.632100880146027,-10.3689022064209,-1.38541185855865,-0.239014744758606,-0.129285529255867,-0.0324368886649609,-0.876751482486725,-10.0575466156006,1.53743779659271,0.626161873340607,0.104850329458714,-0.0157240554690361,15.997310092,5.6657506435,-1.811761924,-0.59267064282642,-0.68952776064022,1.85932039518685
-36.8118286132813,8.43048095703125,-339.813232421875,-45.2804565429688,-10.4522705078125,-355.377197265625,1.02476155757904,-9.8901195526123,0.717461884021759,0.0345961041748524,0.0445007160305977,-0.120193421840668,-0.814439296722412,-5.4426007270813,7.72327661514282,0.059102226048708,-0.0430106930434704,0.0737196132540703,0.648032188415527,-10.3620920181274,-1.39008367061615,-0.236070811748505,-0.129112020134926,-0.0323332957923412,-0.887676775455475,-10.0552158355713,1.54303193092346,0.628078639507294,0.103453740477562,-0.0141745172441006,15.997386214,5.665736822,-1.811716388,-0.591967249239077,-0.688929098153773,1.86035153140317
-36.5447998046875,8.1634521484375,-339.9658203125,-45.8526611328125,-10.528564453125,-355.224609375,1.0220353603363,-9.88745307922363,0.713499546051025,0.0343663431704044,0.0439421497285366,-0.120260968804359,-0.813344836235046,-5.44030046463013,7.72375249862671,0.0588342286646366,-0.0428777895867825,0.0740349441766739,0.663963496685028,-10.3552827835083,-1.39475536346436,-0.233126878738403,-0.128938525915146,-0.0322296991944313,-0.898602068424225,-10.052885055542,1.5486261844635,0.629995405673981,0.10205714404583,-0.0126249799504876,15.997462336,5.6657230005,-1.811670852,-0.591263855651735,-0.688330435667327,1.8613826676195
-36.4303588867188,8.20159912109375,-339.279174804688,-46.3104248046875,-10.2996826171875,-354.995727539063,1.01930916309357,-9.88478755950928,0.709537208080292,0.0341365821659565,0.0433835797011852,-0.120328515768051,-0.812250435352325,-5.43800020217896,7.7242283821106,0.0585662312805653,-0.0427448861300945,0.0743502750992775,0.679894804954529,-10.3484725952148,-1.39942717552185,-0.230182945728302,-0.128765031695366,-0.0321261063218117,-0.909527361392975,-10.0505542755127,1.55422031879425,0.631912112236023,0.100660555064678,-0.0110754426568747,15.997538458,5.665709179,-1.811625316,-0.590560462064392,-0.68773177318088,1.86241380383583
-36.31591796875,8.23974609375,-338.592529296875,-46.7681884765625,-10.07080078125,-354.766845703125,1.01658284664154,-9.88212203979492,0.705574810504913,0.0339068211615086,0.0428250133991241,-0.120396062731743,-0.811156034469604,-5.43569993972778,7.72470426559448,0.0582982338964939,-0.0426119789481163,0.0746656060218811,0.69582611322403,-10.3416624069214,-1.40409886837006,-0.227238997817039,-0.128591522574425,-0.0320225097239017,-0.92045271396637,-10.0482244491577,1.559814453125,0.63382887840271,0.0992639660835266,-0.0095259053632617,15.99761458,5.6656953575,-1.81157978,-0.58985706847705,-0.687133110694433,1.86344494005215
-36.2777709960938,8.20159912109375,-338.134765625,-46.4630126953125,-9.80377197265625,-354.385375976563,1.0138566493988,-9.87945652008057,0.70161247253418,0.0336770601570606,0.0422664433717728,-0.120463609695435,-0.810061573982239,-5.43339967727661,7.72518014907837,0.0580302365124226,-0.0424790754914284,0.0749809369444847,0.71175742149353,-10.3348531723022,-1.40877068042755,-0.224295064806938,-0.128418028354645,-0.0319189168512821,-0.93137800693512,-10.0458936691284,1.56540858745575,0.635745644569397,0.097867377102375,-0.00797636806964874,15.997690702,5.665681536,-1.811534244,-0.589153674889707,-0.686534448207986,1.86447607626848
-36.2396240234375,8.1634521484375,-337.677001953125,-46.1578369140625,-9.5367431640625,-354.00390625,1.01113045215607,-9.87679100036621,0.697650074958801,0.0334472991526127,0.0417078770697117,-0.120531156659126,-0.808967173099518,-5.43109941482544,7.72565603256226,0.0577622391283512,-0.0423461720347404,0.0752962678670883,0.727688729763031,-10.3280429840088,-1.41344249248505,-0.221351131796837,-0.128244519233704,-0.0318153239786625,-0.94230329990387,-10.0435628890991,1.5710027217865,0.637662351131439,0.0964707881212234,-0.00642683124169707,15.997766824,5.6656677145,-1.811488708,-0.588450281302365,-0.68593578572154,1.8655072124848
-36.2014770507813,8.27789306640625,-337.5244140625,-45.6619262695313,-9.65118408203125,-353.69873046875,1.00840425491333,-9.87412548065186,0.693687736988068,0.0332175381481647,0.0411493070423603,-0.120598703622818,-0.807872772216797,-5.42879915237427,7.72613191604614,0.0574942417442799,-0.0422132685780525,0.0756115987896919,0.743620038032532,-10.3212327957153,-1.41811418533325,-0.218407198786736,-0.128071025013924,-0.0317117273807526,-0.95322859287262,-10.0412321090698,1.57659685611725,0.639579117298126,0.0950741991400719,-0.00487729394808412,15.997842946,5.665653893,-1.811443172,-0.587746887715022,-0.685337123235093,1.86653834870113
-36.163330078125,8.392333984375,-337.371826171875,-45.166015625,-9.765625,-353.3935546875,1.00567805767059,-9.8714599609375,0.689725399017334,0.0329877771437168,0.0405907407402992,-0.12066625058651,-0.806778311729431,-5.4264988899231,7.72660827636719,0.0572262406349182,-0.0420803651213646,0.0759269297122955,0.759551346302032,-10.3144235610962,-1.42278599739075,-0.215463265776634,-0.127897530794144,-0.0316081345081329,-0.96415388584137,-10.0389013290405,1.582190990448,0.641495883464813,0.0936776101589203,-0.00332775665447116,15.997919068,5.6656400715,-1.811397636,-0.58704349412768,-0.684738460748646,1.86756948491746
-36.0488891601563,8.65936279296875,-337.753295898438,-44.6701049804688,-9.88006591796875,-352.783203125,1.00295186042786,-9.86879444122314,0.685763001441956,0.0327580161392689,0.0400321707129478,-0.120733797550201,-0.80568391084671,-5.42419862747192,7.72708415985107,0.0569582432508469,-0.0419474579393864,0.0762422606348991,0.775482654571533,-10.3076133728027,-1.42745780944824,-0.212519317865372,-0.127724021673203,-0.0315045416355133,-0.97507917881012,-10.0365715026855,1.58778512477875,0.643412590026855,0.0922810211777687,-0.0017782193608582,15.99799519,5.66562625,-1.8113521,-0.586340100540337,-0.684139798262199,1.86860062113378
-35.9344482421875,8.9263916015625,-338.134765625,-44.1741943359375,-9.9945068359375,-352.1728515625,1.00022566318512,-9.86612892150879,0.681800663471222,0.0325282551348209,0.0394736044108868,-0.120801344513893,-0.804589509963989,-5.42189836502075,7.72756004333496,0.0566902458667755,-0.0418145544826984,0.0765575915575027,0.791413962841034,-10.3008031845093,-1.43212950229645,-0.20957538485527,-0.127550527453423,-0.0314009450376034,-0.98600447177887,-10.0342407226563,1.5933792591095,0.645329356193542,0.0908844321966171,-0.00022868205269333,15.99799343,5.665626394,-1.8113545895,-0.586232082261769,-0.683715144724619,1.8675620007781
-35.9344482421875,8.9263916015625,-338.134765625,-44.3267822265625,-10.0326538085938,-352.096557617188,0.997894763946533,-9.86472988128662,0.678334772586823,0.032395351678133,0.0388181917369366,-0.120913945138454,-0.806616067886353,-5.42038345336914,7.72567510604858,0.0565111897885799,-0.0417086891829967,0.0768121108412743,0.805267572402954,-10.2919111251831,-1.43904078006744,-0.206225052475929,-0.127716019749641,-0.0311182998120785,-0.992247700691223,-10.0314388275146,1.59668827056885,0.647121071815491,0.090412437915802,0.00127921963576227,15.99799167,5.665626538,-1.811357079,-0.586124063983201,-0.683290491187039,1.86652338042241
-35.9344482421875,8.9263916015625,-338.134765625,-44.4793701171875,-10.07080078125,-352.020263671875,0.995959103107452,-9.86459827423096,0.675365388393402,0.0323593057692051,0.0380659364163876,-0.121071606874466,-0.81176370382309,-5.41965341567993,7.72142934799194,0.0564210787415504,-0.041629858314991,0.0770058184862137,0.817043542861938,-10.2809362411499,-1.44819152355194,-0.202468320727348,-0.128220498561859,-0.0306566022336483,-0.99380886554718,-10.0281658172607,1.5977121591568,0.648787796497345,0.0908650532364845,0.00274548586457968,15.99798991,5.665626682,-1.8113595685,-0.586016045704634,-0.682865837649459,1.86548476006673
-36.163330078125,9.307861328125,-337.82958984375,-44.8989868164063,-10.1852416992188,-352.325439453125,0.994023501873016,-9.86446571350098,0.672396063804626,0.0323232635855675,0.0373136810958385,-0.121229268610477,-0.816911339759827,-5.41892385482788,7.7171835899353,0.056330967694521,-0.0415510274469852,0.0771995186805725,0.828819453716278,-10.2699613571167,-1.45734226703644,-0.198711588978767,-0.128724977374077,-0.0301949046552181,-0.995370030403137,-10.0248918533325,1.59873604774475,0.650454521179199,0.0913176685571671,0.00421175174415112,15.99798815,5.665626826,-1.811362058,-0.585908027426066,-0.682441184111879,1.86444613971104
-36.3922119140625,9.6893310546875,-337.5244140625,-45.318603515625,-10.2996826171875,-352.630615234375,0.992087841033936,-9.86433410644531,0.669426679611206,0.0322872176766396,0.0365614295005798,-0.121386922895908,-0.822058916091919,-5.41819381713867,7.71293783187866,0.0562408529222012,-0.0414721965789795,0.0773932263255119,0.840595424175262,-10.2589864730835,-1.46649289131165,-0.194954857230186,-0.129229456186295,-0.0297332070767879,-0.996931135654449,-10.0216188430786,1.59975981712341,0.652121245861053,0.0917702838778496,0.00567801808938384,15.99798639,5.66562697,-1.8113645475,-0.585800009147498,-0.682016530574299,1.86340751935536
-36.5829467773438,9.9945068359375,-337.677001953125,-45.5093383789063,-10.4904174804688,-352.706909179688,0.9901522397995,-9.86420249938965,0.666457295417786,0.0322511717677116,0.0358091741800308,-0.12154458463192,-0.827206552028656,-5.41746425628662,7.70869207382202,0.0561507418751717,-0.0413933657109737,0.0775869265198708,0.852371394634247,-10.2480115890503,-1.47564363479614,-0.191198125481606,-0.129733949899673,-0.0292715094983578,-0.998492300510406,-10.0183458328247,1.60078370571136,0.653787910938263,0.0922228917479515,0.00714428396895528,15.99798463,5.665627114,-1.811367037,-0.58569199086893,-0.681591877036718,1.86236889899967
-36.773681640625,10.2996826171875,-337.82958984375,-45.7000732421875,-10.68115234375,-352.783203125,0.988216638565063,-9.86407089233398,0.663487911224365,0.032215129584074,0.0350569188594818,-0.121702246367931,-0.832354187965393,-5.41673421859741,7.70444631576538,0.0560606308281422,-0.0413145385682583,0.0777806341648102,0.864147305488586,-10.2370367050171,-1.48479437828064,-0.187441393733025,-0.130238428711891,-0.0288098119199276,-1.00005352497101,-10.0150718688965,1.60180759429932,0.655454635620117,0.092675507068634,0.008610550314188,15.99798287,5.665627258,-1.8113695265,-0.585583972590362,-0.681167223499138,1.86133027864399
-36.8499755859375,10.2615356445313,-337.5244140625,-45.4330444335938,-10.7955932617188,-352.859497070313,0.986280977725983,-9.86393928527832,0.660518527030945,0.0321790836751461,0.0343046635389328,-0.121859900653362,-0.837501764297485,-5.41600465774536,7.70020055770874,0.0559705160558224,-0.0412357077002525,0.077974334359169,0.875923275947571,-10.2260618209839,-1.49394512176514,-0.183684661984444,-0.130742907524109,-0.0283481143414974,-1.00161468982697,-10.0117988586426,1.60283136367798,0.657121360301971,0.0931281223893166,0.0100768161937594,15.99798111,5.665627402,-1.811372016,-0.585475954311795,-0.680742569961558,1.86029165828831
-36.92626953125,10.223388671875,-337.21923828125,-45.166015625,-10.9100341796875,-352.935791015625,0.984345376491547,-9.86380672454834,0.657549202442169,0.0321430377662182,0.0335524082183838,-0.122017562389374,-0.842649400234222,-5.41527462005615,7.69595527648926,0.0558804050087929,-0.0411568768322468,0.0781680420041084,0.887699246406555,-10.2150859832764,-1.50309586524963,-0.179927915334702,-0.131247386336327,-0.0278864167630672,-1.00317573547363,-10.0085258483887,1.60385525226593,0.658788084983826,0.0935807377099991,0.0115430820733309,15.99797935,5.665627546,-1.8113745055,-0.585367936033227,-0.680317916423978,1.85925303793262
-36.8499755859375,10.07080078125,-337.295532226563,-44.5938110351563,-10.833740234375,-352.706909179688,0.982409715652466,-9.86367511749268,0.654579818248749,0.0321069955825806,0.0328001528978348,-0.122175224125385,-0.847797036170959,-5.4145450592041,7.69170951843262,0.0557902939617634,-0.041078045964241,0.0783617421984673,0.899475157260895,-10.2041110992432,-1.51224660873413,-0.176171183586121,-0.131751880049706,-0.0274247191846371,-1.00473690032959,-10.0052518844604,1.60487914085388,0.660454750061035,0.094033345580101,0.0130093488842249,15.99797759,5.66562769,-1.811376995,-0.585259917754659,-0.679893262886398,1.85821441757694
-36.773681640625,9.918212890625,-337.371826171875,-44.0216064453125,-10.7574462890625,-352.47802734375,0.98047411441803,-9.86354351043701,0.651610434055328,0.0320709496736526,0.0320478975772858,-0.122332878410816,-0.852944612503052,-5.41381502151489,7.68746376037598,0.0557001791894436,-0.0409992150962353,0.0785554498434067,0.911251127719879,-10.19313621521,-1.52139735221863,-0.17241445183754,-0.132256358861923,-0.0269630216062069,-1.00629806518555,-10.0019788742065,1.60590291023254,0.662121474742889,0.0944859609007835,0.0144756147637963,15.99797583,5.665627834,-1.8113794845,-0.585151899476091,-0.679468609348818,1.85717579722125
-36.4303588867188,9.80377197265625,-337.448120117188,-44.097900390625,-10.7955932617188,-352.1728515625,0.978538453578949,-9.86341190338135,0.648641049861908,0.0320349037647247,0.0312956459820271,-0.122490540146828,-0.858092248439789,-5.41308546066284,7.68321800231934,0.0556100681424141,-0.0409203842282295,0.0787491500377655,0.923027098178864,-10.1821613311768,-1.53054797649384,-0.168657720088959,-0.132760837674141,-0.0265013240277767,-1.0078592300415,-9.99870586395264,1.6069267988205,0.663788199424744,0.0949385762214661,0.0159418806433678,15.99797407,5.665627978,-1.811381974,-0.585043881197523,-0.679043955811237,1.85613717686557
-36.0870361328125,9.6893310546875,-337.5244140625,-44.1741943359375,-10.833740234375,-351.86767578125,0.976602852344513,-9.86327934265137,0.645671725273132,0.0319988578557968,0.0305433887988329,-0.122648201882839,-0.863239884376526,-5.41235542297363,7.6789722442627,0.0555199570953846,-0.0408415570855141,0.0789428576827049,0.934803068637848,-10.1711864471436,-1.53969871997833,-0.164900988340378,-0.133265316486359,-0.0260396264493465,-1.00942039489746,-9.99543285369873,1.60795068740845,0.665454924106598,0.0953911915421486,0.0174081474542618,15.99797231,5.665628122,-1.8113844635,-0.584935862918955,-0.678619302273657,1.85509855650988
-35.9344482421875,9.5367431640625,-337.600708007813,-43.9453125,-10.68115234375,-351.5625,0.974667191505432,-9.8631477355957,0.642702341079712,0.0319628156721592,0.029791135340929,-0.12280585616827,-0.868387460708618,-5.41162586212158,7.67472648620605,0.0554298423230648,-0.0407627262175083,0.0791365578770638,0.946578979492188,-10.1602115631104,-1.54884946346283,-0.161144256591797,-0.133769810199738,-0.0255779288709164,-1.01098155975342,-9.99215888977051,1.60897445678711,0.667121589183807,0.0958437994122505,0.0188744124025106,15.99797055,5.665628266,-1.811386953,-0.584827844640388,-0.678194648736077,1.8540599361542
-35.7818603515625,9.3841552734375,-337.677001953125,-43.7164306640625,-10.528564453125,-351.25732421875,0.972731590270996,-9.86301612854004,0.639732956886292,0.0319267697632313,0.02903888002038,-0.122963517904282,-0.873535096645355,-5.41089582443237,7.67048072814941,0.0553397312760353,-0.0406838953495026,0.0793302655220032,0.958354949951172,-10.1492366790771,-1.55800020694733,-0.157387524843216,-0.134274289011955,-0.0251162312924862,-1.01254272460938,-9.9888858795166,1.60999834537506,0.668788313865662,0.096296414732933,0.0203406792134047,15.99796879,5.66562841,-1.8113894425,-0.58471982636182,-0.677769995198497,1.85302131579851
-36.0488891601563,9.26971435546875,-336.990356445313,-43.8690185546875,-10.4141235351563,-351.028442382813,0.974514901638031,-9.86364459991455,0.63123095035553,0.0311970822513103,0.0273992642760277,-0.122817143797874,-0.871600270271301,-5.41363191604614,7.66937589645386,0.0557653829455376,-0.0406658723950386,0.0793663114309311,0.962976634502411,-10.1435508728027,-1.56336164474487,-0.15450444817543,-0.136060282588005,-0.0248076412826777,-1.0126541852951,-9.98514652252197,1.61429476737976,0.669939279556274,0.0964946821331978,0.0207687020301819,15.99796703,5.665628554,-1.811391932,-0.584611808083252,-0.677345341660917,1.85198269544283
-36.31591796875,9.1552734375,-336.3037109375,-44.0216064453125,-10.2996826171875,-350.799560546875,0.976298153400421,-9.86427307128906,0.622728943824768,0.0304673947393894,0.0257596503943205,-0.122670769691467,-0.869665443897247,-5.41636800765991,7.66827058792114,0.0561910346150398,-0.0406478457152843,0.0794023647904396,0.967598378658295,-10.1378650665283,-1.56872296333313,-0.151621356606483,-0.137846261262894,-0.0244990512728691,-1.01276552677155,-9.98140716552734,1.61859130859375,0.671090245246887,0.0966929420828819,0.0211967248469591,15.99796527,5.665628698,-1.8113944215,-0.584503789804684,-0.676920688123337,1.85094407508714
-36.5066528320313,9.1552734375,-336.151123046875,-44.2123413085938,-10.2996826171875,-351.028442382813,0.978081464767456,-9.86490058898926,0.614226877689362,0.0297377072274685,0.0241200346499681,-0.12252439558506,-0.867730617523193,-5.41910362243652,7.66716575622559,0.0566166862845421,-0.0406298227608204,0.0794384106993675,0.972220063209534,-10.1321792602539,-1.57408440113068,-0.148738279938698,-0.139632254838943,-0.0241904612630606,-1.01287698745728,-9.97766780853271,1.62288773059845,0.6722412109375,0.0968912094831467,0.0216247476637363,15.99796351,5.665628842,-1.811396911,-0.584395771526116,-0.676496034585756,1.84990545473146
-36.6973876953125,9.1552734375,-335.99853515625,-44.403076171875,-10.2996826171875,-351.25732421875,0.979864776134491,-9.86552906036377,0.6057248711586,0.0290080197155476,0.022480420768261,-0.122378021478653,-0.865795791149139,-5.42183971405029,7.66606044769287,0.057042334228754,-0.0406117998063564,0.0794744566082954,0.976841807365417,-10.1264934539795,-1.57944583892822,-0.145855203270912,-0.141418248414993,-0.023881871253252,-1.01298832893372,-9.97392845153809,1.62718427181244,0.673392236232758,0.0970894694328308,0.0220527704805136,15.99796175,5.665628986,-1.8113994005,-0.584287753247548,-0.676071381048176,1.84886683437577
-36.468505859375,9.0789794921875,-335.845947265625,-44.5556640625,-10.1089477539063,-351.104736328125,0.981648027896881,-9.86615753173828,0.597222864627838,0.0282783322036266,0.0208408050239086,-0.122231647372246,-0.86386102437973,-5.42457580566406,7.66495561599731,0.0574679858982563,-0.0405937768518925,0.0795105025172234,0.981463491916656,-10.1208076477051,-1.58480727672577,-0.142972126603127,-0.143204241991043,-0.0235732812434435,-1.01309978961945,-9.97018814086914,1.63148069381714,0.67454320192337,0.0972877368330956,0.0224807914346457,15.99795999,5.66562913,-1.81140189,-0.584179734968981,-0.675646727510596,1.84782821402009
-36.2396240234375,9.002685546875,-335.693359375,-44.708251953125,-9.918212890625,-350.9521484375,0.983431339263916,-9.86678600311279,0.588720858097076,0.0275486446917057,0.0192011911422014,-0.122085273265839,-0.861926198005676,-5.42731189727783,7.6638503074646,0.0578936375677586,-0.0405757501721382,0.0795465558767319,0.986085176467896,-10.1151218414307,-1.59016859531403,-0.14008903503418,-0.144990220665932,-0.0232646912336349,-1.01321113109589,-9.96644878387451,1.63577711582184,0.675694167613983,0.0974860042333603,0.0229088142514229,15.9979597455,5.665629141,-1.8114002265,-0.5832609096272,-0.674745542734123,1.8448166153436
-36.2396240234375,9.42230224609375,-335.464477539063,-44.708251953125,-9.918212890625,-350.875854492188,0.985214650630951,-9.8674144744873,0.58021879196167,0.0268189571797848,0.0175615753978491,-0.121938906610012,-0.859991371631622,-5.43004751205444,7.66274547576904,0.0583192892372608,-0.0405577272176743,0.0795826017856598,0.990706920623779,-10.1094360351563,-1.59553003311157,-0.137205958366394,-0.146776214241982,-0.0229561012238264,-1.01332259178162,-9.96270942687988,1.64007365703583,0.676845133304596,0.0976842641830444,0.0233368370682001,15.997959501,5.665629152,-1.811398563,-0.58234208428542,-0.673844357957651,1.84180501666711
-36.2396240234375,9.8419189453125,-335.235595703125,-44.708251953125,-9.918212890625,-350.799560546875,0.986997902393341,-9.86804294586182,0.571716785430908,0.0260892696678638,0.0159219615161419,-0.121792532503605,-0.858056545257568,-5.43278360366821,7.66164016723633,0.0587449409067631,-0.0405397042632103,0.0796186476945877,0.995328605175018,-10.1037502288818,-1.60089147090912,-0.134322881698608,-0.148562207818031,-0.0226475112140179,-1.01343393325806,-9.95897006988525,1.64437007904053,0.677996098995209,0.0978825315833092,0.0237648598849773,15.9979592565,5.665629163,-1.8113968995,-0.581423258943639,-0.672943173181179,1.83879341799063
-36.2014770507813,10.223388671875,-335.464477539063,-44.8226928710938,-9.95635986328125,-350.723266601563,0.988781213760376,-9.86867046356201,0.563214778900146,0.0253595821559429,0.0142823457717896,-0.121646158397198,-0.856121718883514,-5.43551969528198,7.66053533554077,0.0591705925762653,-0.040521677583456,0.0796547010540962,0.999950349330902,-10.0980644226074,-1.60625290870667,-0.131439790129662,-0.15034818649292,-0.0223389212042093,-1.01354539394379,-9.95523071289063,1.64866662025452,0.679147064685822,0.0980807915329933,0.0241928827017546,15.997959012,5.665629174,-1.811395236,-0.580504433601859,-0.672041988404706,1.83578181931414
-36.163330078125,10.6048583984375,-335.693359375,-44.9371337890625,-9.9945068359375,-350.64697265625,0.990564525127411,-9.86929893493652,0.554712772369385,0.024629894644022,0.0126427309587598,-0.121499784290791,-0.85418689250946,-5.43825578689575,7.65943002700806,0.0595962442457676,-0.0405036546289921,0.0796907469630241,1.00457203388214,-10.092378616333,-1.61161422729492,-0.128556713461876,-0.15213418006897,-0.0220303311944008,-1.01365673542023,-9.951491355896,1.65296304225922,0.680298030376434,0.0982790589332581,0.0246209055185318,15.9979587675,5.665629185,-1.8113935725,-0.579585608260079,-0.671140803628234,1.83277022063765
-36.0870361328125,10.7955932617188,-336.074829101563,-44.5938110351563,-10.1852416992188,-350.570678710938,0.992347776889801,-9.86992740631104,0.546210765838623,0.0239002071321011,0.01100311614573,-0.121353410184383,-0.852252066135406,-5.44099187850952,7.6583251953125,0.0600218921899796,-0.0404856316745281,0.0797267928719521,1.00919377803802,-10.0866928100586,-1.61697566509247,-0.12567363679409,-0.15392017364502,-0.0217217411845922,-1.01376819610596,-9.94775199890137,1.65725946426392,0.681449055671692,0.0984773263335228,0.025048928335309,15.997958523,5.665629196,-1.811391909,-0.578666782918298,-0.670239618851761,1.82975862196116
-36.0107421875,10.986328125,-336.456298828125,-44.25048828125,-10.3759765625,-350.494384765625,0.994131088256836,-9.87055587768555,0.537708699703217,0.0231705196201801,0.00936350133270025,-0.121207036077976,-0.850317239761353,-5.44372749328613,7.65721988677979,0.0604475438594818,-0.0404676049947739,0.0797628462314606,1.01381540298462,-10.0810070037842,-1.62233710289001,-0.122790552675724,-0.155706152319908,-0.0214131511747837,-1.0138795375824,-9.94401264190674,1.66155600547791,0.682600021362305,0.0986755862832069,0.0254769511520863,15.9979582785,5.665629207,-1.8113902455,-0.577747957576518,-0.669338434075289,1.82674702328468
-35.9725952148438,11.29150390625,-336.227416992188,-43.9071655273438,-10.4904174804688,-350.494384765625,0.995914399623871,-9.87118434906006,0.529206693172455,0.0224408321082592,0.0077238860540092,-0.121060661971569,-0.848382413387299,-5.4464635848999,7.65611505508423,0.0608731955289841,-0.0404495820403099,0.0797988921403885,1.0184371471405,-10.0753211975098,-1.62769854068756,-0.119907468557358,-0.157492145895958,-0.0211045611649752,-1.01399099826813,-9.94027328491211,1.6658524274826,0.683750987052917,0.0988738536834717,0.0259049739688635,15.997958034,5.665629218,-1.811388582,-0.576829132234737,-0.668437249298816,1.82373542460819
-35.9344482421875,11.5966796875,-335.99853515625,-43.5638427734375,-10.6048583984375,-350.494384765625,0.999319136142731,-9.86925411224365,0.517760813236237,0.0220894534140825,0.00632295617833734,-0.12080842256546,-0.848529398441315,-5.44427013397217,7.65615034103394,0.0612099133431911,-0.0405317768454552,0.0797865092754364,1.02298748493195,-10.0690231323242,-1.63451874256134,-0.117751903831959,-0.159753367304802,-0.02083202265203,-1.01367688179016,-9.93576812744141,1.67138540744781,0.6846564412117,0.0987601652741432,0.026076203212142,15.9979577895,5.665629229,-1.8113869185,-0.575910306892957,-0.667536064522344,1.8207238259317
-36.0107421875,11.5966796875,-335.99853515625,-43.5638427734375,-10.7192993164063,-350.341796875,1.00434529781342,-9.86476516723633,0.503371059894562,0.0221163835376501,0.00516071170568466,-0.12045032531023,-0.850758194923401,-5.43714714050293,7.65732574462891,0.0614576935768127,-0.0407141931355,0.0797257050871849,1.02746653556824,-10.0621118545532,-1.64279770851135,-0.116323858499527,-0.16248981654644,-0.020595533773303,-1.0129371881485,-9.93049907684326,1.67815470695496,0.685316383838654,0.0983345285058022,0.0259906407445669,15.997957545,5.66562924,-1.811385255,-0.574991481551177,-0.666634879745871,1.81771222725521
-36.0870361328125,11.5966796875,-335.99853515625,-43.5638427734375,-10.833740234375,-350.189208984375,1.00937151908875,-9.860276222229,0.488981276750565,0.0221433136612177,0.0039984667673707,-0.120092228055,-0.852986991405487,-5.43002367019653,7.65850114822388,0.0617054738104343,-0.0408966094255447,0.0796649008989334,1.03194558620453,-10.0552005767822,-1.65107667446136,-0.114895805716515,-0.165226265788078,-0.0203590467572212,-1.01219749450684,-9.9252290725708,1.68492412567139,0.685976326465607,0.0979088917374611,0.025905080139637,15.9979573005,5.665629251,-1.8113835915,-0.574072656209396,-0.665733694969398,1.81470062857872
-36.163330078125,11.6348266601563,-335.99853515625,-43.4112548828125,-10.986328125,-349.960327148438,1.01439774036407,-9.85578727722168,0.47459152340889,0.0221702437847853,0.00283622229471803,-0.11973413079977,-0.855215787887573,-5.42290067672729,7.65967655181885,0.0619532540440559,-0.0410790257155895,0.0796040967106819,1.03642463684082,-10.0482892990112,-1.65935564041138,-0.113467760384083,-0.167962715029716,-0.0201225578784943,-1.01145780086517,-9.91996002197266,1.69169342517853,0.686636328697205,0.09748325496912,0.0258195176720619,15.997957056,5.665629262,-1.811381928,-0.573153830867616,-0.664832510192926,1.81168902990224
-36.2396240234375,11.6729736328125,-335.99853515625,-43.2586669921875,-11.138916015625,-349.7314453125,1.0194239616394,-9.85129833221436,0.460201770067215,0.0221971739083529,0.00167397747281939,-0.11937603354454,-0.857444524765015,-5.41577768325806,7.66085195541382,0.0622010342776775,-0.0412614420056343,0.0795432925224304,1.04090368747711,-10.0413789749146,-1.66763460636139,-0.11203970760107,-0.170699164271355,-0.0198860689997673,-1.01071810722351,-9.9146900177002,1.69846284389496,0.687296271324158,0.097057618200779,0.0257339552044868,15.9979568115,5.665629273,-1.8113802645,-0.572235005525835,-0.663931325416454,1.80867743122575
-36.3922119140625,11.5585327148438,-335.99853515625,-43.7545776367188,-11.29150390625,-349.502563476563,1.02445018291473,-9.84680938720703,0.445811986923218,0.0222241040319204,0.000511732825543731,-0.11901792883873,-0.859673321247101,-5.40865468978882,7.66202735900879,0.0624488145112991,-0.0414438582956791,0.0794824883341789,1.0453827381134,-10.0344676971436,-1.6759135723114,-0.110611662268639,-0.173435613512993,-0.0196495819836855,-1.00997853279114,-9.90942096710205,1.7052321434021,0.687956213951111,0.0966319814324379,0.0256483927369118,15.997956567,5.665629284,-1.811378601,-0.571316180184055,-0.663030140639982,1.80566583254926
-36.5447998046875,11.444091796875,-335.99853515625,-44.25048828125,-11.444091796875,-349.273681640625,1.02947640419006,-9.84232044219971,0.431422233581543,0.022251034155488,-0.000650511879939586,-0.1186598315835,-0.861902117729187,-5.40153169631958,7.66320276260376,0.0626965910196304,-0.0416262745857239,0.0794216841459274,1.04986178874969,-10.0275564193726,-1.68419253826141,-0.109183609485626,-0.176172062754631,-0.0194130931049585,-1.00923883914948,-9.90415096282959,1.71200156211853,0.688616156578064,0.0962063446640968,0.0255628302693367,15.9979563225,5.665629295,-1.8113769375,-0.570397354842275,-0.662128955863509,1.80265423387277
-36.4303588867188,11.138916015625,-335.922241210938,-44.3649291992188,-11.2533569335938,-349.044799804688,1.03450262546539,-9.83783149719238,0.417032480239868,0.0222779642790556,-0.00181275652721524,-0.11830173432827,-0.864130914211273,-5.39440822601318,7.66437816619873,0.0629443749785423,-0.0418086908757687,0.0793608799576759,1.05434083938599,-10.0206451416016,-1.69247150421143,-0.107755564153194,-0.178908497095108,-0.0191766042262316,-1.00849914550781,-9.89888191223145,1.71877086162567,0.689276099205017,0.0957807153463364,0.0254772696644068,15.997956078,5.665629306,-1.811375274,-0.569478529500494,-0.661227771087036,1.79964263519629
-36.31591796875,10.833740234375,-335.845947265625,-44.4793701171875,-11.0626220703125,-348.81591796875,1.03952884674072,-9.83334255218506,0.402642697095871,0.0223048944026232,-0.00297500123269856,-0.11794363707304,-0.866359651088715,-5.38728523254395,7.6655535697937,0.0631921514868736,-0.0419911071658134,0.0793000757694244,1.05881989002228,-10.0137348175049,-1.70075047016144,-0.106327511370182,-0.181644946336746,-0.0189401172101498,-1.00775945186615,-9.89361190795898,1.7255402803421,0.68993604183197,0.0953550785779953,0.0253917071968317,15.9979558335,5.665629317,-1.8113736105,-0.568559704158714,-0.660326586310564,1.7966310365198
-36.2777709960938,10.6048583984375,-335.159301757813,-44.2886352539063,-11.138916015625,-348.434448242188,1.04455494880676,-9.82885456085205,0.388252943754196,0.0223318245261908,-0.00413724593818188,-0.11758553981781,-0.868588447570801,-5.38016223907471,7.66672945022583,0.0634399354457855,-0.0421735197305679,0.0792392641305923,1.06329882144928,-10.0068235397339,-1.70902955532074,-0.10489946603775,-0.184381395578384,-0.0187036283314228,-1.00701975822449,-9.88834285736084,1.73230957984924,0.690595984458923,0.0949294418096542,0.0253061447292566,15.997955589,5.665629328,-1.811371947,-0.567640878816933,-0.659425401534091,1.79361943784331
-36.2396240234375,10.3759765625,-334.47265625,-44.097900390625,-11.2152099609375,-348.052978515625,1.04958117008209,-9.82436561584473,0.373863190412521,0.0223587546497583,-0.00529949087649584,-0.11722744256258,-0.870817244052887,-5.37303924560547,7.6679048538208,0.0636877119541168,-0.0423559360206127,0.0791784599423409,1.06777787208557,-9.99991226196289,-1.71730852127075,-0.103471413254738,-0.187117844820023,-0.0184671394526958,-1.00628006458282,-9.88307285308838,1.73907899856567,0.691255986690521,0.0945038050413132,0.0252205822616816,15.9979553445,5.665629339,-1.8113702835,-0.566722053475153,-0.658524216757619,1.79060783916682
-36.4303588867188,10.4522705078125,-334.396362304688,-43.6782836914063,-11.1007690429688,-347.976684570313,1.05460739135742,-9.8198766708374,0.359473437070847,0.0223856847733259,-0.00646173534914851,-0.11686933785677,-0.873046040534973,-5.36591577529907,7.66908025741577,0.0639354959130287,-0.0425383523106575,0.0791176557540894,1.07225692272186,-9.99300098419189,-1.72558748722076,-0.102043367922306,-0.189854294061661,-0.0182306505739689,-1.00554049015045,-9.87780380249023,1.74584829807281,0.691915929317474,0.0940781682729721,0.0251350216567516,15.9979551,5.66562935,-1.81136862,-0.565803228133373,-0.657623031981146,1.78759624049034
-36.62109375,10.528564453125,-334.320068359375,-43.2586669921875,-10.986328125,-347.900390625,1.05963361263275,-9.81538772583008,0.345083653926849,0.0224126148968935,-0.00762398028746247,-0.11651124060154,-0.875274777412415,-5.35879278182983,7.67025566101074,0.06418327242136,-0.0427207686007023,0.0790568515658379,1.07673597335815,-9.98609066009521,-1.73386645317078,-0.100615315139294,-0.192590743303299,-0.0179941635578871,-1.00480079650879,-9.87253379821777,1.75261771678925,0.692575871944427,0.093652531504631,0.0250494591891766,15.933542881,5.650326506,-1.804393683,-0.565405061082884,-0.657045271393197,1.7831784172887
-36.5829467773438,10.528564453125,-334.243774414063,-43.1442260742188,-10.8718872070313,-347.900390625,1.06465983390808,-9.81089878082275,0.330693900585175,0.0224395450204611,-0.00878622476011515,-0.11615314334631,-0.877503573894501,-5.3516697883606,7.67143106460571,0.0644310563802719,-0.0429031848907471,0.0789960473775864,1.08121502399445,-9.97917938232422,-1.74214541912079,-0.0991872698068619,-0.195327192544937,-0.0177576746791601,-1.00406110286713,-9.86726474761963,1.75938701629639,0.693235814571381,0.09322689473629,0.0249638967216015,15.869130662,5.635023662,-1.797418746,-0.565006894032396,-0.656467510805249,1.77876059408706
-36.5447998046875,10.528564453125,-334.16748046875,-43.02978515625,-10.7574462890625,-347.900390625,1.0727972984314,-9.81307697296143,0.323842108249664,0.0228764787316322,-0.00748241692781448,-0.115698181092739,-0.883401453495026,-5.34494018554688,7.67558574676514,0.0639198645949364,-0.0430180691182613,0.0786739960312843,1.08125615119934,-9.96864032745361,-1.75473165512085,-0.0990565121173859,-0.198365554213524,-0.0174603760242462,-1.0087423324585,-9.86022186279297,1.76265072822571,0.69409167766571,0.0926142707467079,0.0243806000798941,15.804718443,5.619720818,-1.790443809,-0.564608726981908,-0.6558897502173,1.77434277088542
-36.163330078125,10.7192993164063,-334.091186523438,-43.3349609375,-10.5667114257813,-347.900390625,1.08093464374542,-9.81525421142578,0.316990315914154,0.0233134143054485,-0.00617860909551382,-0.115243218839169,-0.889299273490906,-5.33821058273315,7.67974042892456,0.0634086728096008,-0.0431329533457756,0.0783519446849823,1.08129739761353,-9.95810127258301,-1.76731789112091,-0.0989257544279099,-0.201403915882111,-0.0171630773693323,-1.01342356204987,-9.85317897796631,1.76591432094574,0.694947481155396,0.0920016467571259,0.0237973034381866,15.740306224,5.604417974,-1.783468872,-0.56421055993142,-0.655311989629351,1.76992494768378
-35.7818603515625,10.9100341796875,-334.014892578125,-43.64013671875,-10.3759765625,-347.900390625,1.08907210826874,-9.81743240356445,0.310138523578644,0.0237503480166197,-0.00487480172887444,-0.114788264036179,-0.895197153091431,-5.33148145675659,7.68389511108398,0.0628974810242653,-0.0432478375732899,0.0780298933386803,1.08133852481842,-9.9475622177124,-1.77990412712097,-0.0987949967384338,-0.204442292451859,-0.0168657787144184,-1.01810491085052,-9.84613513946533,1.76917803287506,0.695803344249725,0.0913890227675438,0.0232140067964792,15.675894005,5.58911513,-1.776493935,-0.563812392880932,-0.654734229041402,1.76550712448214
-35.8200073242188,11.2152099609375,-334.243774414063,-44.097900390625,-10.4904174804688,-347.2900390625,1.09720945358276,-9.81961059570313,0.303286731243134,0.024187283590436,-0.00357099389657378,-0.114333301782608,-0.901095032691956,-5.32475185394287,7.68804979324341,0.0623862892389297,-0.0433627218008041,0.0777078419923782,1.08137965202332,-9.9370231628418,-1.79249036312103,-0.0986642390489578,-0.207480654120445,-0.0165684800595045,-1.02278614044189,-9.83909225463867,1.77244174480438,0.696659207344055,0.0907763987779617,0.0226307101547718,15.611481786,5.573812286,-1.769518998,-0.563414225830443,-0.654156468453453,1.7610893012805
-35.858154296875,11.5203857421875,-334.47265625,-44.5556640625,-10.6048583984375,-346.6796875,1.10534691810608,-9.82178783416748,0.296434938907623,0.0246242173016071,-0.00226718606427312,-0.113878339529037,-0.90699291229248,-5.31802225112915,7.69220399856567,0.0618750974535942,-0.0434776023030281,0.0773857980966568,1.08142077922821,-9.92648315429688,-1.80507659912109,-0.0985334813594818,-0.210519015789032,-0.0162711814045906,-1.02746737003326,-9.83204936981201,1.7757054567337,0.69751501083374,0.0901637747883797,0.0220474135130644,15.547069567,5.558509442,-1.762544061,-0.563016058779955,-0.653578707865504,1.75667147807886
-36.0107421875,11.8255615234375,-334.243774414063,-44.4793701171875,-10.6048583984375,-346.527099609375,1.1134842634201,-9.82396602630615,0.289583146572113,0.0250611528754234,-0.000963378406595439,-0.113423377275467,-0.912890732288361,-5.31129264831543,7.6963586807251,0.0613639056682587,-0.0435924865305424,0.0770637467503548,1.0814620256424,-9.91594409942627,-1.81766283512115,-0.0984027236700058,-0.213557377457619,-0.0159738827496767,-1.03214859962463,-9.82500648498535,1.77896904945374,0.69837087392807,0.0895511507987976,0.021464116871357,15.482657348,5.543206598,-1.755569124,-0.562617891729467,-0.653000947277555,1.75225365487722
-36.163330078125,12.1307373046875,-334.014892578125,-44.403076171875,-10.6048583984375,-346.37451171875,1.12162172794342,-9.82614326477051,0.28273132443428,0.0254980865865946,0.000340429338393733,-0.112968422472477,-0.918788611888885,-5.30456304550171,7.70051336288452,0.0608527101576328,-0.0437073707580566,0.0767416954040527,1.08150315284729,-9.90540504455566,-1.83024907112122,-0.0982719585299492,-0.216595739126205,-0.015676585957408,-1.036829829216,-9.81796360015869,1.78223276138306,0.6992267370224,0.0889385268092155,0.0208808202296495,15.418245129,5.527903754,-1.748594187,-0.562219724678979,-0.652423186689606,1.74783583167558
-36.4303588867188,12.51220703125,-333.786010742188,-43.9834594726563,-10.986328125,-346.221923828125,1.12975907325745,-9.82832145690918,0.27587953209877,0.0259350221604109,0.0016442370833829,-0.112513460218906,-0.92468649148941,-5.29783344268799,7.70466804504395,0.0603415183722973,-0.0438222549855709,0.0764196440577507,1.08154428005219,-9.89486598968506,-1.84283530712128,-0.0981412008404732,-0.219634100794792,-0.0153792863711715,-1.04151105880737,-9.81092071533203,1.78549647331238,0.700082540512085,0.0883259028196335,0.0202975235879421,15.35383291,5.51260091,-1.74161925,-0.561821557628491,-0.651845426101657,1.74341800847394
-36.6973876953125,12.8936767578125,-333.55712890625,-43.5638427734375,-11.3677978515625,-346.0693359375,1.13789653778076,-9.83049964904785,0.26902773976326,0.026371955871582,0.00294804479926825,-0.112058497965336,-0.930584311485291,-5.29110431671143,7.70882272720337,0.0598303265869617,-0.0439371392130852,0.0760975927114487,1.08158540725708,-9.88432693481445,-1.85542154312134,-0.0980104431509972,-0.22267247736454,-0.0150819877162576,-1.04619240760803,-9.80387687683105,1.78876006603241,0.700938403606415,0.0877132788300514,0.0197142269462347,15.289420691,5.497298066,-1.734644313,-0.561423390578002,-0.651267665513708,1.7390001852723
-36.7355346679688,12.8173828125,-333.480834960938,-43.2968139648438,-11.3677978515625,-345.535278320313,1.14603400230408,-9.83267688751221,0.26217594742775,0.0268088914453983,0.00425185263156891,-0.111603535711765,-0.936482191085815,-5.28437471389771,7.71297740936279,0.0593191348016262,-0.0440520234405994,0.0757755413651466,1.08162665367126,-9.87378787994385,-1.8680077791214,-0.0978796854615211,-0.225710839033127,-0.0147846890613437,-1.0508736371994,-9.79683399200439,1.79202377796173,0.701794266700745,0.0871006548404694,0.0191309303045273,15.225008472,5.481995222,-1.727669376,-0.561025223527514,-0.65068990492576,1.73458236207067
-36.773681640625,12.7410888671875,-333.404541015625,-43.02978515625,-11.3677978515625,-345.001220703125,1.1541713476181,-9.83485507965088,0.255324155092239,0.0272458251565695,0.00555566046386957,-0.111148573458195,-0.94238007068634,-5.27764511108398,7.71713209152222,0.0588079430162907,-0.0441669076681137,0.0754534900188446,1.08166778087616,-9.86324882507324,-1.88059401512146,-0.0977489277720451,-0.228749200701714,-0.0144873913377523,-1.05555486679077,-9.78979110717773,1.79528748989105,0.70265007019043,0.0864880308508873,0.0185476336628199,15.160596253,5.466692378,-1.720694439,-0.560627056477026,-0.650112144337811,1.73016453886902
-36.5066528320313,12.7792358398438,-333.251953125,-42.9534912109375,-11.7111206054688,-345.535278320313,1.16230881214142,-9.83703327178955,0.248472362756729,0.0276827607303858,0.00685946783050895,-0.110693618655205,-0.94827789068222,-5.27091550827026,7.72128677368164,0.0582967512309551,-0.044281791895628,0.0751314386725426,1.08170890808105,-9.85270977020264,-1.89318025112152,-0.0976181700825691,-0.2317875623703,-0.0141900926828384,-1.06023609638214,-9.78274822235107,1.79855108261108,0.70350593328476,0.0858754068613052,0.0179643370211124,15.096184034,5.451389534,-1.713719502,-0.560228889426538,-0.649534383749862,1.72574671566739
-36.2396240234375,12.8173828125,-333.099365234375,-42.877197265625,-12.054443359375,-346.0693359375,1.17044615745544,-9.83921051025391,0.241620570421219,0.0281196944415569,0.0081632761284709,-0.110238656401634,-0.954175770282745,-5.26418590545654,7.72544145584106,0.0577855594456196,-0.0443966761231422,0.0748093873262405,1.08175003528595,-9.84217071533203,-1.90576648712158,-0.0974874123930931,-0.234825924038887,-0.0138927940279245,-1.06491732597351,-9.77570533752441,1.80181479454041,0.704361796379089,0.0852627828717232,0.017381040379405,15.031771815,5.43608669,-1.706744565,-0.55983072237605,-0.648956623161913,1.72132889246575
-36.31591796875,12.7029418945313,-333.251953125,-42.877197265625,-11.9400024414063,-346.145629882813,1.17894852161407,-9.84424686431885,0.237297654151917,0.0285442490130663,0.00964854098856449,-0.109865888953209,-0.954982101917267,-5.26386594772339,7.72671842575073,0.0573880411684513,-0.0446151383221149,0.0744208917021751,1.07983016967773,-9.83232021331787,-1.91879856586456,-0.0977440774440765,-0.237943083047867,-0.0137080913409591,-1.06921911239624,-9.77092170715332,1.80505788326263,0.705201864242554,0.084610752761364,0.0166130531579256,14.967359596,5.420783846,-1.699769628,-0.559432555325561,-0.648378862573964,1.71691106926411
-36.3922119140625,12.5885009765625,-333.404541015625,-42.877197265625,-11.8255615234375,-346.221923828125,1.18781566619873,-9.85214042663574,0.235503599047661,0.0289564225822687,0.011315262876451,-0.109575323760509,-0.95069694519043,-5.26995468139648,7.7251181602478,0.0571041963994503,-0.0449371784925461,0.0739659368991852,1.07594919204712,-9.82315826416016,-1.93227672576904,-0.0983881577849388,-0.24113903939724,-0.013635984621942,-1.07314121723175,-9.76839733123779,1.80828034877777,0.706026196479797,0.0839193165302277,0.0156603753566742,14.902947377,5.405481002,-1.692794691,-0.559034388275073,-0.647801101986015,1.71249324606247
-36.468505859375,12.4740600585938,-333.55712890625,-42.877197265625,-11.8637084960938,-346.298217773438,1.19668281078339,-9.86003398895264,0.233709558844566,0.0293685980141163,0.0129819856956601,-0.109284751117229,-0.946411788463593,-5.27604341506958,7.72351789474487,0.0568203516304493,-0.0452592186629772,0.0735109895467758,1.07206833362579,-9.81399726867676,-1.94575488567352,-0.0990322381258011,-0.244334995746613,-0.0135638788342476,-1.07706344127655,-9.76587390899658,1.81150269508362,0.706850588321686,0.0832278802990913,0.0147076994180679,14.838535158,5.390178158,-1.685819754,-0.558636221224585,-0.647223341398066,1.70807542286083
-36.5447998046875,12.359619140625,-333.709716796875,-42.877197265625,-11.90185546875,-346.37451171875,1.20555007457733,-9.86792850494385,0.231915518641472,0.0297807715833187,0.0146487075835466,-0.10899418592453,-0.942126631736755,-5.28213214874268,7.72191762924194,0.056536503136158,-0.0455812588334084,0.0730560421943665,1.06818735599518,-9.80483627319336,-1.95923292636871,-0.0996763184666634,-0.247530952095985,-0.0134917721152306,-1.08098554611206,-9.76334953308105,1.81472516059875,0.707674920558929,0.0825364366173744,0.0137550225481391,14.774122939,5.374875314,-1.678844817,-0.558238054174097,-0.646645580810117,1.70365759965919
-36.6973876953125,11.90185546875,-334.014892578125,-42.9534912109375,-11.90185546875,-346.450805664063,1.21441721916199,-9.87582206726074,0.230121463537216,0.0301929451525211,0.0163154304027557,-0.10870361328125,-0.937841475009918,-5.28822135925293,7.72031736373901,0.056252658367157,-0.0459032990038395,0.0726010873913765,1.06430637836456,-9.79567432403564,-1.97271108627319,-0.100320406258106,-0.250726908445358,-0.0134196653962135,-1.08490777015686,-9.76082515716553,1.81794762611389,0.708499252796173,0.0818450003862381,0.0128023466095328,14.70971072,5.35957247,-1.67186988,-0.557839887123608,-0.646067820222168,1.69923977645755
-36.8499755859375,11.444091796875,-334.320068359375,-43.02978515625,-11.90185546875,-346.527099609375,1.22328436374664,-9.88371562957764,0.228327423334122,0.0306051187217236,0.0179821513593197,-0.108413048088551,-0.933556258678436,-5.29431009292603,7.71871709823608,0.055968813598156,-0.0462253428995609,0.0721461400389671,1.06042540073395,-9.78651332855225,-1.98618924617767,-0.100964486598969,-0.25392284989357,-0.0133475596085191,-1.08882999420166,-9.75830173492432,1.82116997241974,0.709323644638062,0.0811535641551018,0.011849669739604,14.709585299,5.359587127,-1.671852076,-0.556364197559074,-0.644936732819878,1.69441399172917
-36.92626953125,11.29150390625,-333.938598632813,-43.182373046875,-11.8637084960938,-346.0693359375,1.23215162754059,-9.89161014556885,0.226533383131027,0.031017292290926,0.0196488741785288,-0.108122475445271,-0.929271101951599,-5.30039882659912,7.71711683273315,0.055684968829155,-0.0465473830699921,0.0716911926865578,1.05654442310333,-9.77735233306885,-1.99966728687286,-0.101608566939831,-0.257118821144104,-0.013275452889502,-1.09275209903717,-9.75577735900879,1.82439243793488,0.710147976875305,0.0804621204733849,0.0108969928696752,14.709459878,5.359601784,-1.671834272,-0.55488850799454,-0.643805645417589,1.68958820700079
-37.0025634765625,11.138916015625,-333.55712890625,-43.3349609375,-11.8255615234375,-345.611572265625,1.24101877212524,-9.89950370788574,0.224739328026772,0.0314294658601284,0.0213155969977379,-0.107831910252571,-0.924985945224762,-5.30648756027222,7.71551704406738,0.055401124060154,-0.0468694232404232,0.0712362378835678,1.05266356468201,-9.76819038391113,-2.01314544677734,-0.102252647280693,-0.260314762592316,-0.013203346170485,-1.09667432308197,-9.75325393676758,1.82761490345001,0.710972309112549,0.0797706842422485,0.00994431599974632,14.709334457,5.359616441,-1.671816468,-0.553412818430005,-0.642674558015299,1.6847624222724
-36.62109375,11.0626220703125,-333.404541015625,-43.4112548828125,-11.6729736328125,-345.611572265625,1.2498859167099,-9.90739727020264,0.222945287823677,0.0318416394293308,0.0229823179543018,-0.107541337609291,-0.920700788497925,-5.31257677078247,7.71391677856445,0.055117279291153,-0.0471914634108543,0.0707812905311584,1.04878258705139,-9.75902938842773,-2.02662348747253,-0.102896735072136,-0.26351073384285,-0.0131312403827906,-1.10059642791748,-9.75072956085205,1.83083724975586,0.711796700954437,0.0790792480111122,0.00899164006114006,14.709209036,5.359631098,-1.671798664,-0.551937128865472,-0.641543470613009,1.67993663754402
-36.2396240234375,10.986328125,-333.251953125,-43.487548828125,-11.5203857421875,-345.611572265625,1.25875318050385,-9.91529178619385,0.221151232719421,0.0322538167238235,0.0246490407735109,-0.107250772416592,-0.916415631771088,-5.31866550445557,7.71231651306152,0.0548334345221519,-0.0475135035812855,0.0703263357281685,1.04490160942078,-9.74986743927002,-2.0401017665863,-0.103540815412998,-0.266706675291061,-0.0130591336637735,-1.10451865196228,-9.74820518493652,1.834059715271,0.712621033191681,0.0783878043293953,0.00803896319121122,14.709083615,5.359645755,-1.67178086,-0.550461439300937,-0.640412383210719,1.67511085281564
-36.2014770507813,11.3677978515625,-333.251953125,-43.487548828125,-11.5585327148438,-345.382690429688,1.2676203250885,-9.92318534851074,0.219357192516327,0.032665990293026,0.02631576359272,-0.106960199773312,-0.91213047504425,-5.32475423812866,7.71071624755859,0.0545495860278606,-0.0478355437517166,0.0698713883757591,1.04102063179016,-9.74070644378662,-2.05357980728149,-0.10418489575386,-0.269902646541595,-0.0129870269447565,-1.10844075679779,-9.74568176269531,1.83728218078613,0.713445365428925,0.077696368098259,0.00708628632128239,14.708958194,5.359660412,-1.671763056,-0.548985749736402,-0.639281295808429,1.67028506808725
-36.163330078125,11.749267578125,-333.251953125,-43.487548828125,-11.5966796875,-345.15380859375,1.27648746967316,-9.93107891082764,0.217563152313232,0.0330781638622284,0.0279824864119291,-0.106669634580612,-0.907845258712769,-5.33084297180176,7.70911598205566,0.0542657412588596,-0.048157587647438,0.0694164410233498,1.03713977336884,-9.73154544830322,-2.06705784797668,-0.104828976094723,-0.273098587989807,-0.0129149202257395,-1.11236298084259,-9.74315738677979,1.84050464630127,0.714269697666168,0.0770049318671227,0.00613360991701484,14.708832773,5.359675069,-1.671745252,-0.547510060171869,-0.63815020840614,1.66545928335887
-36.2777709960938,12.054443359375,-333.480834960938,-43.5256958007813,-11.4822387695313,-345.077514648438,1.2853547334671,-9.93897342681885,0.215769097208977,0.0334903374314308,0.0296492073684931,-0.106379061937332,-0.903560101985931,-5.33693218231201,7.70751571655273,0.0539818964898586,-0.0484796278178692,0.0689614862203598,1.03325879573822,-9.72238349914551,-2.08053612709045,-0.105473063886166,-0.276294559240341,-0.012842814438045,-1.1162850856781,-9.74063396453857,1.84372699260712,0.715094089508057,0.0763134881854057,0.005180933047086,14.708707352,5.359689726,-1.671727448,-0.546034370607334,-0.63701912100385,1.66063349863049
-36.3922119140625,12.359619140625,-333.709716796875,-43.5638427734375,-11.3677978515625,-345.001220703125,1.29422187805176,-9.94686698913574,0.213975057005882,0.0339025110006332,0.0313159301877022,-0.106088496744633,-0.899274945259094,-5.34302091598511,7.7059154510498,0.0536980517208576,-0.0488016679883003,0.0685065388679504,1.0293778181076,-9.71322250366211,-2.09401416778564,-0.106117144227028,-0.279490500688553,-0.012770707719028,-1.1202073097229,-9.73810958862305,1.84694945812225,0.7159184217453,0.0756220519542694,0.00422825664281845,14.708581931,5.359704383,-1.671709644,-0.5445586810428,-0.635888033601561,1.65580771390211
-36.3922119140625,12.5503540039063,-333.709716796875,-43.5256958007813,-11.3677978515625,-345.077514648438,1.29652345180511,-9.95163059234619,0.210722282528877,0.0346615016460419,0.03246695920825,-0.105426371097565,-0.899486541748047,-5.346031665802,7.70565128326416,0.0534187778830528,-0.0488918125629425,0.0683983638882637,1.02312517166138,-9.70388889312744,-2.10202121734619,-0.106844671070576,-0.282297015190125,-0.012770707719028,-1.12859773635864,-9.73047924041748,1.83380782604218,0.715855479240417,0.0743045136332512,0.00393307954072952,14.70845651,5.35971904,-1.67169184,-0.543082991478266,-0.63475694619927,1.65098192917372
-36.3922119140625,12.7410888671875,-333.709716796875,-43.487548828125,-11.3677978515625,-345.15380859375,1.29882490634918,-9.95639419555664,0.207469493150711,0.0354204885661602,0.0336179882287979,-0.104764237999916,-0.899698138237,-5.34904289245605,7.70538759231567,0.053139504045248,-0.0489819534122944,0.0682901963591576,1.01687252521515,-9.69455528259277,-2.11002826690674,-0.107572190463543,-0.285103529691696,-0.012770707719028,-1.13698816299438,-9.72284984588623,1.82066631317139,0.715792536735535,0.072986975312233,0.00363790290430188,14.708331089,5.359733697,-1.671674036,-0.541607301913731,-0.633625858796981,1.64615614444534
-36.2777709960938,13.275146484375,-333.8623046875,-43.182373046875,-11.444091796875,-345.077514648438,1.30112648010254,-9.96115875244141,0.204216718673706,0.0361794792115688,0.0347690135240555,-0.104102112352848,-0.899909734725952,-5.35205364227295,7.70512342453003,0.0528602302074432,-0.0490720979869366,0.0681820213794708,1.01061987876892,-9.68522167205811,-2.11803531646729,-0.108299717307091,-0.28791007399559,-0.012770707719028,-1.14537858963013,-9.71521949768066,1.80752468109131,0.715729653835297,0.0716694369912148,0.0033427260350436,14.708205668,5.359748354,-1.671656232,-0.540131612349197,-0.632494771394691,1.64133035971696
-36.163330078125,13.8092041015625,-334.014892578125,-42.877197265625,-11.5203857421875,-345.001220703125,1.3034280538559,-9.96592235565186,0.20096392929554,0.0369384698569775,0.0359200425446033,-0.10343998670578,-0.900121331214905,-5.355064868927,7.70485925674438,0.0525809563696384,-0.0491622425615788,0.0680738538503647,1.00436723232269,-9.67588806152344,-2.12604212760925,-0.109027244150639,-0.290716588497162,-0.012770707719028,-1.15376901626587,-9.7075891494751,1.79438304901123,0.715666711330414,0.0703518986701965,0.00304754916578531,14.708080247,5.359763011,-1.671638428,-0.538655922784662,-0.631363683992401,1.63650457498857
-36.2014770507813,13.8473510742188,-333.938598632813,-42.6483154296875,-11.7111206054688,-345.001220703125,1.30572962760925,-9.9706859588623,0.197711154818535,0.0376974605023861,0.0370710715651512,-0.102777853608131,-0.900332927703857,-5.3580756187439,7.70459508895874,0.0523016788065434,-0.0492523871362209,0.0679656788706779,0.99811464548111,-9.66655445098877,-2.1340491771698,-0.109754770994186,-0.293523102998734,-0.012770707719028,-1.16215944290161,-9.69995880126953,1.78124141693115,0.715603768825531,0.0690343603491783,0.00275237229652703,14.707954826,5.359777668,-1.671620624,-0.537180233220129,-0.630232596590112,1.63167879026019
-36.2396240234375,13.885498046875,-333.8623046875,-42.41943359375,-11.90185546875,-345.001220703125,1.30803108215332,-9.97544956207275,0.194458365440369,0.0384564474225044,0.0382221005856991,-0.102115727961063,-0.90054452419281,-5.36108684539795,7.70433139801025,0.0520224049687386,-0.0493425279855728,0.0678575038909912,0.991861999034882,-9.6572208404541,-2.14205622673035,-0.110482290387154,-0.296329617500305,-0.012770707719028,-1.17054986953735,-9.69232940673828,1.76809990406036,0.715540826320648,0.0677168220281601,0.0024571951944381,14.707829405,5.359792325,-1.67160282,-0.535704543655594,-0.629101509187822,1.62685300553181
-36.3540649414063,13.9617919921875,-333.633422851563,-42.4957275390625,-11.9400024414063,-344.8486328125,1.31033265590668,-9.9802131652832,0.191205590963364,0.0392154380679131,0.0393731296062469,-0.101453602313995,-0.900756120681763,-5.36409759521484,7.70406723022461,0.0517431311309338,-0.049432672560215,0.0677493363618851,0.985609352588654,-9.64788722991943,-2.15006327629089,-0.111209817230701,-0.299136132001877,-0.012770707719028,-1.17894017696381,-9.68469905853271,1.75495827198029,0.71547794342041,0.0663992837071419,0.00216201832517982,14.707703984,5.359806982,-1.671585016,-0.534228854091059,-0.627970421785532,1.62202722080343
-36.468505859375,14.0380859375,-333.404541015625,-42.572021484375,-11.9781494140625,-344.696044921875,1.31263422966003,-9.98497676849365,0.187952801585197,0.0399744287133217,0.0405241586267948,-0.100791469216347,-0.900967717170715,-5.3671088218689,7.70380306243896,0.051463857293129,-0.0495228171348572,0.0676411613821983,0.979356706142426,-9.63855361938477,-2.15807032585144,-0.111937344074249,-0.301942646503448,-0.012770707719028,-1.18733060359955,-9.67706871032715,1.74181663990021,0.715415000915527,0.0650817453861237,0.00186684157233685,14.707578563,5.359821639,-1.671567212,-0.532753164526526,-0.626839334383242,1.61720143607504
-36.5829467773438,13.9617919921875,-333.480834960938,-42.877197265625,-12.0162963867188,-344.23828125,1.31493580341339,-9.98974132537842,0.184700027108192,0.04073341563344,0.0416751839220524,-0.100129343569279,-0.901179313659668,-5.37011957168579,7.70353937149048,0.0511845834553242,-0.0496129579842091,0.0675329938530922,0.973104059696198,-9.6292200088501,-2.16607737541199,-0.112664870917797,-0.304749190807343,-0.012770707719028,-1.19572103023529,-9.66943836212158,1.72867512702942,0.715352058410645,0.0637642070651054,0.00157166458666325,14.707453142,5.359836296,-1.671549408,-0.531277474961991,-0.625708246980952,1.61237565134666
-36.6973876953125,13.885498046875,-333.55712890625,-43.182373046875,-12.054443359375,-343.780517578125,1.31723725795746,-9.99450492858887,0.181447252631187,0.0414924062788486,0.0428262129426003,-0.0994672179222107,-0.901390910148621,-5.37313032150269,7.70327520370483,0.0509053096175194,-0.0497031025588512,0.0674248188734055,0.966851413249969,-9.61988639831543,-2.17408442497253,-0.113392390310764,-0.307555705308914,-0.012770707719028,-1.20411145687103,-9.66180896759033,1.71553349494934,0.715289115905762,0.0624466687440872,0.00127648771740496,14.707327721,5.359850953,-1.671531604,-0.529801785397457,-0.624577159578663,1.60754986661828
-36.5066528320313,13.8092041015625,-333.709716796875,-43.3349609375,-12.1688842773438,-343.475341796875,1.31953883171082,-9.99926853179932,0.178194463253021,0.0422513969242573,0.0439772419631481,-0.0988050848245621,-0.901602506637573,-5.37614154815674,7.70301103591919,0.0506260357797146,-0.0497932471334934,0.0673166438937187,0.960598826408386,-9.61055278778076,-2.1820912361145,-0.114119917154312,-0.310362219810486,-0.012770707719028,-1.21250188350677,-9.65417861938477,1.70239186286926,0.715226173400879,0.061129130423069,0.000981310848146677,14.7072023,5.35986561,-1.6715138,-0.528326095832923,-0.623446072176373,1.6027240818899
-36.31591796875,13.73291015625,-333.8623046875,-43.487548828125,-12.2833251953125,-343.170166015625,1.32184040546417,-10.0040321350098,0.174941688776016,0.0430103838443756,0.045128270983696,-0.098142959177494,-0.901814103126526,-5.37915229797363,7.7027473449707,0.0503467619419098,-0.0498833879828453,0.0672084763646126,0.954346179962158,-9.60121917724609,-2.19009828567505,-0.11484744399786,-0.313168734312057,-0.012770707719028,-1.22089231014252,-9.6465482711792,1.68925034999847,0.715163290500641,0.0598115921020508,0.000686133978888392,14.7072021265,5.359865294,-1.671515169,-0.526974123356064,-0.622439803892577,1.59860922802584
-36.4303588867188,13.73291015625,-333.709716796875,-43.4494018554688,-12.4359130859375,-342.941284179688,1.32414197921753,-10.0087957382202,0.17168889939785,0.0437693744897842,0.0462793000042439,-0.097480833530426,-0.902025699615479,-5.38216352462769,7.70248317718506,0.050067488104105,-0.0499735325574875,0.0671003013849258,0.94809353351593,-9.59188556671143,-2.1981053352356,-0.115574970841408,-0.315975248813629,-0.012770707719028,-1.22928273677826,-9.63891792297363,1.6761087179184,0.715100347995758,0.0584940537810326,0.000390957051422447,14.707201953,5.359864978,-1.671516538,-0.525622150879205,-0.621433535608783,1.59449437416179
-36.5447998046875,13.73291015625,-333.55712890625,-43.4112548828125,-12.5885009765625,-342.71240234375,1.32629072666168,-10.0115833282471,0.164692014455795,0.0444608293473721,0.0470935963094234,-0.0968772247433662,-0.902688980102539,-5.38775730133057,7.70489454269409,0.0498309917747974,-0.0502010136842728,0.0669246092438698,0.940913736820221,-9.58544063568115,-2.20256519317627,-0.116080656647682,-0.318384230136871,-0.0128011088818312,-1.23392963409424,-9.62922096252441,1.65775752067566,0.714090406894684,0.056660782545805,0.000538368301931769,14.7072017795,5.359864662,-1.671517907,-0.524270178402346,-0.620427267324988,1.59037952029774
-36.6592407226563,13.4658813476563,-333.55712890625,-43.2586669921875,-12.5503540039063,-342.636108398438,1.32828688621521,-10.0123949050903,0.15395100414753,0.0450847484171391,0.0475711598992348,-0.0963321328163147,-0.903803884983063,-5.39593458175659,7.70998096466064,0.0496372766792774,-0.0505658276379108,0.0666813999414444,0.932806730270386,-9.58188247680664,-2.20347809791565,-0.116364508867264,-0.320395618677139,-0.0128619112074375,-1.23483288288116,-9.61745548248291,1.63419687747955,0.712133407592773,0.0543117746710777,0.00112836761400104,14.707201606,5.359864346,-1.671519276,-0.522918205925488,-0.619420999041193,1.58626466643369
-36.773681640625,13.1988525390625,-333.55712890625,-43.1060791015625,-12.51220703125,-342.559814453125,1.33028304576874,-10.0132055282593,0.143209993839264,0.0457086674869061,0.0480487272143364,-0.0957870408892632,-0.904918849468231,-5.40411138534546,7.71506786346436,0.0494435653090477,-0.0509306453168392,0.066438190639019,0.924699723720551,-9.57832431793213,-2.20439100265503,-0.116648361086845,-0.322407007217407,-0.0129227144643664,-1.23573613166809,-9.60569000244141,1.61063611507416,0.710176408290863,0.0519627667963505,0.00171836698427796,14.7072014325,5.35986403,-1.671520645,-0.521566233448629,-0.618414730757398,1.58214981256963
-36.6973876953125,13.3132934570313,-333.633422851563,-42.877197265625,-12.359619140625,-342.330932617188,1.33227920532227,-10.0140171051025,0.132468983530998,0.046332586556673,0.0485262908041477,-0.0952419564127922,-0.9060338139534,-5.41228866577148,7.72015428543091,0.0492498502135277,-0.0512954592704773,0.0661949813365936,0.91659277677536,-9.57476615905762,-2.20530390739441,-0.116932205855846,-0.324418395757675,-0.0129835167899728,-1.23663938045502,-9.5939245223999,1.58707547187805,0.708219408988953,0.0496137626469135,0.00230836635455489,14.707201259,5.359863714,-1.671522014,-0.52021426097177,-0.617408462473603,1.57803495870558
-36.62109375,13.427734375,-333.709716796875,-42.6483154296875,-12.20703125,-342.10205078125,1.33427536487579,-10.0148277282715,0.121727965772152,0.04695650562644,0.0490038581192493,-0.0946968644857407,-0.907148718833923,-5.42046546936035,7.72524070739746,0.0490561351180077,-0.0516602769494057,0.0659517720341682,0.908485770225525,-9.57120895385742,-2.20621681213379,-0.117216058075428,-0.326429784297943,-0.0130443191155791,-1.23754262924194,-9.58215999603271,1.56351470947266,0.706262409687042,0.0472647547721863,0.00289836549200118,14.7072010855,5.359863398,-1.671523383,-0.518862288494912,-0.616402194189808,1.57392010484153
-36.468505859375,13.4658813476563,-333.8623046875,-42.6101684570313,-12.3214721679688,-342.254638671875,1.33627152442932,-10.0156393051147,0.110986955463886,0.047580424696207,0.049481425434351,-0.0941517725586891,-0.908263683319092,-5.42864274978638,7.73032760620117,0.0488624200224876,-0.052025094628334,0.0657085552811623,0.90037876367569,-9.56765079498291,-2.20712947845459,-0.11749991029501,-0.328441172838211,-0.013105122372508,-1.23844587802887,-9.57039451599121,1.53995394706726,0.704305410385132,0.044915746897459,0.0034883648622781,14.707200912,5.359863082,-1.671524752,-0.517510316018053,-0.615395925906013,1.56980525097747
-36.31591796875,13.5040283203125,-334.014892578125,-42.572021484375,-12.4359130859375,-342.4072265625,1.33826768398285,-10.0164499282837,0.100245945155621,0.048204343765974,0.0499589890241623,-0.0936066880822182,-0.90937864780426,-5.43681955337524,7.73541402816772,0.0486687049269676,-0.0523899085819721,0.0654653459787369,0.892271816730499,-9.5640926361084,-2.20804238319397,-0.117783762514591,-0.330452561378479,-0.0131659246981144,-1.2393491268158,-9.55862903594971,1.51639330387115,0.702348411083221,0.0425667427480221,0.00407836446538568,14.7072007385,5.359862766,-1.671526121,-0.516158343541195,-0.614389657622218,1.56569039711342
-36.1251831054688,13.8473510742188,-333.709716796875,-42.8390502929688,-12.3977661132813,-341.949462890625,1.34026384353638,-10.017261505127,0.0895049422979355,0.0488282665610313,0.0504365563392639,-0.0930615961551666,-0.910493552684784,-5.44499683380127,7.74050092697144,0.0484749935567379,-0.0527547262609005,0.0652221366763115,0.884164810180664,-9.56053447723389,-2.20895528793335,-0.118067614734173,-0.332463949918747,-0.0132267270237207,-1.24025237560272,-9.5468635559082,1.49283254146576,0.700391411781311,0.0402177348732948,0.00466836337000132,14.707200565,5.35986245,-1.67152749,-0.514806371064336,-0.613383389338423,1.56157554324937
-35.9344482421875,14.190673828125,-333.404541015625,-43.1060791015625,-12.359619140625,-341.49169921875,1.3422600030899,-10.0180721282959,0.0787639319896698,0.0494521856307983,0.0509141199290752,-0.0925165042281151,-0.911608517169952,-5.45317363739014,7.74558734893799,0.0482812784612179,-0.0531195402145386,0.0649789273738861,0.876057803630829,-9.55697727203369,-2.20986819267273,-0.118351466953754,-0.334475338459015,-0.0132875302806497,-1.24115562438965,-9.53509902954102,1.46927189826965,0.698434412479401,0.0378687269985676,0.00525836274027824,14.7072003915,5.359862134,-1.671528859,-0.513454398587477,-0.612377121054628,1.55746068938532
-36.163330078125,14.5339965820313,-333.328247070313,-42.9916381835938,-12.2833251953125,-340.88134765625,1.34425616264343,-10.0188837051392,0.0680229216814041,0.0500761047005653,0.0513916872441769,-0.0919714197516441,-0.912723422050476,-5.46135091781616,7.75067377090454,0.0480875633656979,-0.0534843578934669,0.0647357180714607,0.867950856685638,-9.55341911315918,-2.21078109741211,-0.118635319173336,-0.336486726999283,-0.013348332606256,-1.24205899238586,-9.52333354949951,1.44571113586426,0.696477472782135,0.0355197228491306,0.00584836211055517,14.707200218,5.359861818,-1.671530228,-0.512102426110618,-0.611370852770833,1.55334583552127
-36.3922119140625,14.8773193359375,-333.251953125,-42.877197265625,-12.20703125,-340.27099609375,1.34625232219696,-10.0196943283081,0.0572819113731384,0.0507000237703323,0.0518692508339882,-0.0914263278245926,-0.913838386535645,-5.46952772140503,7.75576066970825,0.0478938482701778,-0.053849171847105,0.0644925087690353,0.859843850135803,-9.54986095428467,-2.21169400215149,-0.118919163942337,-0.338498115539551,-0.0134091349318624,-1.24296224117279,-9.51156806945801,1.42215049266815,0.694520473480225,0.0331707149744034,0.0064383614808321,14.7072000445,5.359861502,-1.671531597,-0.510750453633759,-0.610364584487038,1.54923098165721
-36.5829467773438,15.106201171875,-333.023071289063,-43.02978515625,-12.359619140625,-339.736938476563,1.34824848175049,-10.0205059051514,0.0465409010648727,0.0513239428400993,0.0523468181490898,-0.090881235897541,-0.914953351020813,-5.47770500183105,7.7608470916748,0.0477001368999481,-0.0542139895260334,0.0642492920160294,0.851736843585968,-9.54630279541016,-2.21260666847229,-0.119203016161919,-0.340509504079819,-0.0134699372574687,-1.24386548995972,-9.4998025894165,1.39858973026276,0.692563474178314,0.0308217089623213,0.00702836085110903,14.707199871,5.359861186,-1.671532966,-0.509398481156901,-0.609358316203243,1.54511612779316
-36.773681640625,15.3350830078125,-332.794189453125,-43.182373046875,-12.51220703125,-339.202880859375,1.35024464130402,-10.0213165283203,0.0357998907566071,0.0519478619098663,0.0528243817389011,-0.0903361514210701,-0.916068255901337,-5.48588180541992,7.76593399047852,0.0475064218044281,-0.0545788034796715,0.064006082713604,0.843629896640778,-9.54274559020996,-2.21351957321167,-0.1194868683815,-0.342520892620087,-0.0135307405143976,-1.24476873874664,-9.48803806304932,1.37502908706665,0.690606474876404,0.028472701087594,0.00761836022138596,14.7071996975,5.35986087,-1.671534335,-0.508046508680042,-0.608352047919448,1.54100127392911
-36.6592407226563,15.5258178710938,-332.565307617188,-43.1060791015625,-12.4359130859375,-339.202880859375,1.35224080085754,-10.0221281051636,0.0250588804483414,0.0525717809796333,0.0533019490540028,-0.0897910594940186,-0.917183220386505,-5.49405908584595,7.77102041244507,0.0473127067089081,-0.0549436211585999,0.0637628734111786,0.835522890090942,-9.53918743133545,-2.21443247795105,-0.119770720601082,-0.344532281160355,-0.013591542840004,-1.24567198753357,-9.47627258300781,1.35146832466125,0.688649475574493,0.0261236950755119,0.00820835959166288,14.707199524,5.359860554,-1.671535704,-0.506694536203183,-0.607345779635653,1.53688642006505
-36.5447998046875,15.716552734375,-332.33642578125,-43.02978515625,-12.359619140625,-339.202880859375,1.35636508464813,-10.0210342407227,0.0210442747920752,0.052819587290287,0.0539820902049541,-0.0890748649835587,-0.917619049549103,-5.49504375457764,7.77439546585083,0.0474590547382832,-0.0551734007894993,0.0638123601675034,0.826736629009247,-9.53850841522217,-2.21153450012207,-0.120353996753693,-0.345190167427063,-0.0139135839417577,-1.23952126502991,-9.4791784286499,1.33832228183746,0.685232877731323,0.0245559047907591,0.00960469618439674,14.7071993505,5.359860238,-1.671537073,-0.505342563726325,-0.606339511351858,1.532771566201
-36.5447998046875,15.6402587890625,-332.565307617188,-43.0679321289063,-12.3977661132813,-339.126586914063,1.36048948764801,-10.0199394226074,0.0170296672731638,0.0530673936009407,0.0546622276306152,-0.0883586630225182,-0.9180548787117,-5.49602842330933,7.77777051925659,0.0476054064929485,-0.0554031766951084,0.0638618543744087,0.817950367927551,-9.53782939910889,-2.20863652229309,-0.120937280356884,-0.345848023891449,-0.0142356241121888,-1.23337066173553,-9.48208427429199,1.32517623901367,0.681816279888153,0.0229881126433611,0.0110010327771306,14.707199177,5.359859922,-1.671538442,-0.503990591249466,-0.605333243068063,1.52865671233695
-36.5447998046875,15.56396484375,-332.794189453125,-43.1060791015625,-12.4359130859375,-339.05029296875,1.3646137714386,-10.0188455581665,0.0130150616168976,0.0533151999115944,0.0553423687815666,-0.0876424685120583,-0.918490648269653,-5.49701261520386,7.78114604949951,0.0477517545223236,-0.0556329563260078,0.0639113411307335,0.809164106845856,-9.53714942932129,-2.20573854446411,-0.121520556509495,-0.346505910158157,-0.0145576652139425,-1.22721993923187,-9.48499011993408,1.31203019618988,0.678399682044983,0.0214203223586082,0.0123973684385419,14.7071990035,5.359859606,-1.671539811,-0.502638618772608,-0.604326974784269,1.5245418584729
-36.6592407226563,15.5258178710938,-332.94677734375,-43.1060791015625,-12.4359130859375,-339.508056640625,1.36873805522919,-10.0177507400513,0.00900045596063137,0.0535630062222481,0.0560225062072277,-0.0869262740015984,-0.918926477432251,-5.49799728393555,7.78452110290527,0.047898106276989,-0.055862732231617,0.0639608278870583,0.80037784576416,-9.53647041320801,-2.20284056663513,-0.122103832662106,-0.347163766622543,-0.0148797063156962,-1.22106921672821,-9.48789596557617,1.29888415336609,0.674983084201813,0.0198525320738554,0.0137937050312757,14.70719883,5.35985929,-1.67154118,-0.501286646295749,-0.603320706500473,1.52042700460885
-36.773681640625,15.4876708984375,-333.099365234375,-43.1060791015625,-12.4359130859375,-339.9658203125,1.37286245822906,-10.0166568756104,0.00498584983870387,0.0538108125329018,0.0567026473581791,-0.0862100794911385,-0.919362306594849,-5.49898195266724,7.78789615631104,0.0480444543063641,-0.0560925118625164,0.0640103220939636,0.791591584682465,-9.53579139709473,-2.19994258880615,-0.122687116265297,-0.347821652889252,-0.01520174741745,-1.21491849422455,-9.49080181121826,1.28573822975159,0.671566426753998,0.0182847417891026,0.0151900416240096,14.7071986055,5.3598588465,-1.6715412895,-0.500083116959536,-0.60244122495079,1.51781751530806
-36.8499755859375,15.2206420898438,-333.328247070313,-42.9916381835938,-12.4740600585938,-340.27099609375,1.37698674201965,-10.0155620574951,0.000971243600361049,0.0540586188435555,0.0573827847838402,-0.085493877530098,-0.919798135757446,-5.49996662139893,7.7912712097168,0.0481908023357391,-0.0563222877681255,0.0640598088502884,0.782805323600769,-9.53511238098145,-2.19704461097717,-0.123270392417908,-0.348479509353638,-0.0155237875878811,-1.20876789093018,-9.49370765686035,1.2725921869278,0.668149828910828,0.0167169496417046,0.0165863782167435,14.707198381,5.359858403,-1.671541399,-0.498879587623323,-0.601561743401107,1.51520802600727
-36.92626953125,14.95361328125,-333.55712890625,-42.877197265625,-12.51220703125,-340.576171875,1.38111102581024,-10.0144681930542,-0.00304336263798177,0.0543064288794994,0.0580629259347916,-0.0847776830196381,-0.920233905315399,-5.50095129013062,7.79464673995972,0.0483371540904045,-0.056552067399025,0.0641093030571938,0.774019062519073,-9.53443241119385,-2.19414663314819,-0.123853676021099,-0.349137395620346,-0.0158458296209574,-1.20261716842651,-9.49661350250244,1.259446144104,0.664733231067657,0.0151491593569517,0.0179827138781548,14.7071981565,5.3598579595,-1.6715415085,-0.49767605828711,-0.600682261851424,1.51259853670648
-36.8881225585938,14.8391723632813,-333.938598632813,-42.572021484375,-12.664794921875,-340.957641601563,1.38523542881012,-10.013373374939,-0.00705796852707863,0.0545542351901531,0.0587430633604527,-0.0840614885091782,-0.920669734477997,-5.5019359588623,7.79802179336548,0.0484835021197796,-0.0567818433046341,0.0641587898135185,0.765232801437378,-9.53375339508057,-2.19124865531921,-0.12443695217371,-0.349795252084732,-0.0161678697913885,-1.19646644592285,-9.49951934814453,1.24630010128021,0.661316633224487,0.0135813690721989,0.0193790514022112,14.707197932,5.359857516,-1.671541618,-0.496472528950898,-0.599802780301741,1.5099890474057
-36.8499755859375,14.7247314453125,-334.320068359375,-42.266845703125,-12.8173828125,-341.339111328125,1.38935971260071,-10.012279510498,-0.0110725751146674,0.0548020415008068,0.059423204511404,-0.0833452865481377,-0.921105563640594,-5.50292015075684,7.80139684677124,0.048629853874445,-0.0570116229355335,0.0642082765698433,0.756446540355682,-9.53307437896729,-2.18835067749023,-0.125020235776901,-0.35045313835144,-0.0164899099618196,-1.19031584262848,-9.50242519378662,1.23315405845642,0.657900035381317,0.0120135778561234,0.0207753870636225,14.7071977075,5.3598570725,-1.6715417275,-0.495268999614685,-0.598923298752057,1.50737955810491
-36.468505859375,14.495849609375,-334.548950195313,-42.572021484375,-12.8173828125,-341.262817382813,1.3934839963913,-10.0111846923828,-0.0150871807709336,0.0550498478114605,0.0601033456623554,-0.0826290920376778,-0.921541392803192,-5.50390481948853,7.804771900177,0.04877620190382,-0.0572413988411427,0.0642577707767487,0.747660279273987,-9.532395362854,-2.18545269966125,-0.125603511929512,-0.351110994815826,-0.0168119519948959,-1.18416512012482,-9.50533103942871,1.22000801563263,0.654483437538147,0.0104457875713706,0.0221717245876789,14.707197483,5.359856629,-1.671541837,-0.494065470278472,-0.598043817202374,1.50477006880412
-36.0870361328125,14.2669677734375,-334.77783203125,-42.877197265625,-12.8173828125,-341.1865234375,1.39760839939117,-10.0100908279419,-0.0191017873585224,0.0552976541221142,0.0607834830880165,-0.0819128975272179,-0.92197722196579,-5.50488948822021,7.80814695358276,0.0489225499331951,-0.0574711784720421,0.0643072575330734,0.738874018192291,-9.53171634674072,-2.18255472183228,-0.126186788082123,-0.351768881082535,-0.0171339921653271,-1.17801439762115,-9.5082368850708,1.20686197280884,0.651066839694977,0.00887799635529518,0.0235680602490902,14.7071972585,5.3598561855,-1.6715419465,-0.49286194094226,-0.597164335652691,1.50216057950333
-35.9344482421875,14.2288208007813,-334.701538085938,-42.724609375,-12.7029418945313,-341.262817382813,1.40173268318176,-10.0089960098267,-0.0231163930147886,0.0555454604327679,0.0614636242389679,-0.0811966955661774,-0.922412991523743,-5.5058741569519,7.81152248382568,0.0490689016878605,-0.0577009543776512,0.0643567442893982,0.730087757110596,-9.53103637695313,-2.1796567440033,-0.126770064234734,-0.352426737546921,-0.0174560323357582,-1.17186379432678,-9.51114273071289,1.19371592998505,0.647650241851807,0.00731020607054234,0.0249643959105015,14.707197034,5.359855742,-1.671542056,-0.491658411606047,-0.596284854103007,1.49955109020254
-35.7818603515625,14.190673828125,-334.625244140625,-42.572021484375,-12.5885009765625,-341.339111328125,1.40585696697235,-10.0079021453857,-0.0271309986710548,0.0557932667434216,0.062143761664629,-0.0804805010557175,-0.92284882068634,-5.50685882568359,7.81489753723145,0.0492152497172356,-0.0579307340085506,0.0644062384963036,0.7213014960289,-9.53035736083984,-2.17675876617432,-0.127353340387344,-0.353084623813629,-0.0177780743688345,-1.16571307182312,-9.51404857635498,1.18056988716125,0.644233644008636,0.0057424153201282,0.0263607334345579,14.7071968095,5.3598552985,-1.6715421655,-0.490454882269834,-0.595405372553324,1.49694160090176
-36.0488891601563,14.2669677734375,-334.930419921875,-42.6101684570313,-12.5503540039063,-341.339111328125,1.40954077243805,-10.007740020752,-0.0295741111040115,0.0559960007667542,0.0627867802977562,-0.0798802599310875,-0.922423362731934,-5.51043081283569,7.82083559036255,0.0489506684243679,-0.0581852532923222,0.0643274113535881,0.712885081768036,-9.53038787841797,-2.17449378967285,-0.128182113170624,-0.352872014045715,-0.01792336627841,-1.16000771522522,-9.5196361541748,1.17509031295776,0.640763998031616,0.00578709179535508,0.0277255959808826,14.707196585,5.359854855,-1.671542275,-0.489251352933621,-0.594525891003641,1.49433211160097
-36.31591796875,14.34326171875,-335.235595703125,-42.6483154296875,-12.51220703125,-341.339111328125,1.41278386116028,-10.0085096359253,-0.0304457265883684,0.0561536587774754,0.0633926689624786,-0.0793959647417068,-0.921136677265167,-5.51659107208252,7.82933712005615,0.0482751503586769,-0.0584645122289658,0.0641202703118324,0.704838633537292,-9.53112697601318,-2.1728618144989,-0.129256382584572,-0.351788908243179,-0.0178919117897749,-1.15474784374237,-9.52790546417236,1.17727708816528,0.637241423130035,0.00744423642754555,0.0290589835494757,14.7071963605,5.3598544115,-1.6715423845,-0.488047823597408,-0.593646409453958,1.49172262230018
-36.5447998046875,14.495849609375,-335.0830078125,-42.8390502929688,-12.4359130859375,-341.339111328125,1.41602694988251,-10.0092792510986,-0.0313173420727253,0.0563113167881966,0.0639985650777817,-0.0789116695523262,-0.919849932193756,-5.52275085449219,7.8378381729126,0.0475996322929859,-0.0587437711656094,0.0639131218194962,0.696792125701904,-9.53186702728271,-2.17122983932495,-0.13033065199852,-0.350705832242966,-0.0178604573011398,-1.14948797225952,-9.53617477416992,1.17946398258209,0.633718848228455,0.00910138059407473,0.0303923711180687,14.707196136,5.359853968,-1.671542494,-0.486844294261196,-0.592766927904275,1.48911313299939
-36.773681640625,14.6484375,-334.930419921875,-43.02978515625,-12.359619140625,-341.339111328125,1.41927003860474,-10.010048866272,-0.0321889594197273,0.0564689747989178,0.0646044611930847,-0.0784273743629456,-0.91856324672699,-5.52891111373901,7.8463397026062,0.0469241179525852,-0.059023030102253,0.0637059807777405,0.688745677471161,-9.53260612487793,-2.169597864151,-0.131404921412468,-0.34962272644043,-0.0178290028125048,-1.14422810077667,-9.54444408416748,1.18165075778961,0.630196273326874,0.0107585247606039,0.0317257568240166,14.7071959115,5.3598535245,-1.6715426035,-0.485640764924983,-0.591887446354591,1.48650364369861
-36.5829467773438,14.95361328125,-334.243774414063,-43.02978515625,-12.3214721679688,-340.423583984375,1.42251312732697,-10.0108184814453,-0.0330605730414391,0.0566266365349293,0.0652103498578072,-0.0779430866241455,-0.917276561260223,-5.53507089614868,7.85484075546265,0.0462485998868942,-0.0593022890388966,0.0634988397359848,0.680699169635773,-9.53334617614746,-2.16796612739563,-0.132479190826416,-0.348539650440216,-0.0177975464612246,-1.13896822929382,-9.55271339416504,1.18383753299713,0.626673698425293,0.0124156689271331,0.0330591462552547,14.707195687,5.359853081,-1.671542713,-0.48443723558877,-0.591007964804908,1.48389415439782
-36.3922119140625,15.2587890625,-333.55712890625,-43.02978515625,-12.2833251953125,-339.508056640625,1.42575621604919,-10.011589050293,-0.0339321903884411,0.0567842945456505,0.0658162459731102,-0.0774587914347649,-0.915989816188812,-5.54123067855835,7.86334180831909,0.0455730818212032,-0.0595815517008305,0.0632916912436485,0.672652661800385,-9.53408622741699,-2.16633415222168,-0.133553445339203,-0.34745654463768,-0.0177660919725895,-1.13370823860168,-9.56098175048828,1.18602430820465,0.623151063919067,0.0140728140249848,0.0343925356864929,14.7071954625,5.3598526375,-1.6715428225,-0.483233706252558,-0.590128483255225,1.48128466509703
-36.0107421875,15.3350830078125,-332.870483398438,-42.877197265625,-12.054443359375,-338.668823242188,1.42899930477142,-10.0123586654663,-0.0348038077354431,0.0569419525563717,0.0664221420884132,-0.0769744962453842,-0.914703130722046,-5.54739093780518,7.8718433380127,0.0448975674808025,-0.0598608106374741,0.0630845502018929,0.664606213569641,-9.53482532501221,-2.16470217704773,-0.134627714753151,-0.346373468637466,-0.0177346374839544,-1.12844836711884,-9.56925106048584,1.18821108341217,0.619628489017487,0.015729958191514,0.0357259213924408,14.707195238,5.359852194,-1.671542932,-0.482030176916345,-0.589249001705541,1.47867517579624
-35.6292724609375,15.411376953125,-332.183837890625,-42.724609375,-11.8255615234375,-337.82958984375,1.43224239349365,-10.0131282806396,-0.0356754213571548,0.0570996105670929,0.0670280307531357,-0.0764902010560036,-0.913416385650635,-5.55355072021484,7.88034439086914,0.0442220494151115,-0.0601400695741177,0.0628774091601372,0.656559705734253,-9.53556537628174,-2.16307020187378,-0.135701984167099,-0.34529036283493,-0.0177031829953194,-1.12318849563599,-9.5775203704834,1.19039797782898,0.616105914115906,0.0173871014267206,0.037059310823679,14.7071950135,5.3598517505,-1.6715430415,-0.480826647580132,-0.588369520155859,1.47606568649546
-35.70556640625,15.7928466796875,-331.497192382813,-42.724609375,-12.0925903320313,-337.142944335938,1.43548548221588,-10.013897895813,-0.0365470387041569,0.0572572723031044,0.0676339268684387,-0.0760059133172035,-0.912129700183868,-5.55971097946167,7.88884592056274,0.0435465313494205,-0.0604193285107613,0.0626702606678009,0.64851325750351,-9.53630447387695,-2.16143846511841,-0.136776253581047,-0.344207286834717,-0.0176717266440392,-1.11792862415314,-9.58578968048096,1.1925847530365,0.612583339214325,0.0190442465245724,0.0383926965296268,14.707194789,5.359851307,-1.671543151,-0.479623118243919,-0.587490038606175,1.47345619719467
-35.7818603515625,16.17431640625,-330.810546875,-42.724609375,-12.359619140625,-336.456298828125,1.4387286901474,-10.0146675109863,-0.0374186523258686,0.0574149303138256,0.0682398155331612,-0.0755216181278229,-0.910843014717102,-5.56587076187134,7.89734697341919,0.0428710170090199,-0.0606985874474049,0.0624631196260452,0.640466749668121,-9.53704452514648,-2.15980648994446,-0.137850522994995,-0.343124181032181,-0.0176402721554041,-1.11266875267029,-9.59405899047852,1.19477152824402,0.609060764312744,0.0207013916224241,0.039726085960865,14.7071945645,5.3598508635,-1.6715432605,-0.478419588907707,-0.586610557056492,1.47084670789388
-36.0870361328125,16.2506103515625,-330.50537109375,-42.6864624023438,-12.4359130859375,-336.380004882813,1.44197177886963,-10.0154371261597,-0.0382902696728706,0.0575725883245468,0.0688457116484642,-0.0750373229384422,-0.909556269645691,-5.57203102111816,7.90584850311279,0.0421954989433289,-0.0609778463840485,0.0622559785842896,0.632420301437378,-9.5377836227417,-2.15817451477051,-0.138924792408943,-0.342041105031967,-0.017608817666769,-1.10740888118744,-9.60232830047607,1.19695830345154,0.605538189411163,0.0223585348576307,0.0410594716668129,14.70719434,5.35985042,-1.67154337,-0.477216059571494,-0.585731075506809,1.46823721859309
-36.3922119140625,16.326904296875,-330.2001953125,-42.6483154296875,-12.51220703125,-336.3037109375,1.44521486759186,-10.0162076950073,-0.0391618870198727,0.057730246335268,0.0694516077637672,-0.0745530277490616,-0.908269584178925,-5.57819080352783,7.91434955596924,0.0415199808776379,-0.0612571090459824,0.0620488338172436,0.62437379360199,-9.53852367401123,-2.15654253959656,-0.13999904692173,-0.340957999229431,-0.017577363178134,-1.1021488904953,-9.61059665679932,1.19914519786835,0.602015554904938,0.0240156799554825,0.0423928610980511,14.707194211,5.359850149,-1.6715432225,-0.476714837824195,-0.585436282285067,1.46736078864874
-36.7355346679688,16.3650512695313,-330.963134765625,-42.724609375,-12.5503540039063,-336.456298828125,1.44845795631409,-10.0169773101807,-0.0400335006415844,0.0578879080712795,0.0700574964284897,-0.0740687400102615,-0.906982839107513,-5.58435106277466,7.92285108566284,0.0408444665372372,-0.061536367982626,0.0618416927754879,0.616327345371246,-9.53926277160645,-2.15491080284119,-0.141073316335678,-0.339874923229218,-0.0175459068268538,-1.09688901901245,-9.61886596679688,1.20133197307587,0.598492980003357,0.0256728231906891,0.0437262468039989,14.707194082,5.359849878,-1.671543075,-0.476213616076896,-0.585141489063326,1.46648435870439
-37.078857421875,16.4031982421875,-331.72607421875,-42.8009033203125,-12.5885009765625,-336.60888671875,1.45170104503632,-10.017746925354,-0.0409051179885864,0.0580455660820007,0.0706633925437927,-0.0735844448208809,-0.905696153640747,-5.59051084518433,7.93135213851929,0.0401689484715462,-0.0618156269192696,0.0616345480084419,0.608280837535858,-9.54000282287598,-2.15327882766724,-0.142147585749626,-0.338791817426682,-0.0175144523382187,-1.0916291475296,-9.62713527679443,1.20351874828339,0.594970405101776,0.0273299682885408,0.0450596362352371,14.707193953,5.359849607,-1.6715429275,-0.475712394329597,-0.584846695841585,1.46560792876003
-37.0407104492188,16.2506103515625,-332.565307617188,-42.877197265625,-12.7410888671875,-337.066650390625,1.44742584228516,-10.0221748352051,-0.0317661501467228,0.0585680305957794,0.0713368132710457,-0.0732510909438133,-0.903375566005707,-5.56646919250488,7.90963125228882,0.0397093743085861,-0.0618269518017769,0.0615624226629734,0.596374034881592,-9.54079341888428,-2.15057325363159,-0.143634051084518,-0.336321234703064,-0.0172351896762848,-1.08701813220978,-9.64358139038086,1.21466517448425,0.592900216579437,0.02875816822052,0.0455305352807045,14.707193824,5.359849336,-1.67154278,-0.475211172582298,-0.584551902619843,1.46473149881568
-37.0025634765625,16.0980224609375,-333.404541015625,-42.9534912109375,-12.8936767578125,-337.5244140625,1.44315075874329,-10.0266027450562,-0.0226271860301495,0.0590904913842678,0.0720102339982986,-0.0729177296161652,-0.901054918766022,-5.54242753982544,7.88791036605835,0.0392498001456261,-0.0618382766842842,0.0614902973175049,0.58446729183197,-9.54158401489258,-2.14786791801453,-0.145120531320572,-0.333850622177124,-0.0169559270143509,-1.08240699768066,-9.66002750396729,1.22581160068512,0.590830028057098,0.0301863681524992,0.0460014343261719,14.707193695,5.359849065,-1.6715426325,-0.474709950834999,-0.584257109398102,1.46385506887133
-36.5829467773438,15.9835815429688,-334.16748046875,-42.6483154296875,-13.0462646484375,-336.990356445313,1.43887555599213,-10.0310306549072,-0.013488220050931,0.0596129558980465,0.072683647274971,-0.0725843757390976,-0.898734331130981,-5.51838636398315,7.86618900299072,0.038790225982666,-0.0618496015667915,0.0614181719720364,0.572560489177704,-9.54237461090088,-2.14516234397888,-0.146606996655464,-0.331380039453506,-0.016676664352417,-1.07779598236084,-9.67647361755371,1.23695802688599,0.588759899139404,0.0316145680844784,0.0464723333716393,14.707193566,5.359848794,-1.671542485,-0.474208729087699,-0.583962316176361,1.46297863892697
-36.163330078125,15.869140625,-334.930419921875,-42.3431396484375,-13.1988525390625,-336.456298828125,1.43460047245026,-10.0354585647583,-0.00434925360605121,0.0601354204118252,0.073357068002224,-0.07225102186203,-0.896413683891296,-5.49434471130371,7.84446811676025,0.0383306480944157,-0.0618609264492989,0.0613460466265678,0.560653686523438,-9.54316520690918,-2.14245700836182,-0.148093461990356,-0.328909456729889,-0.0163974016904831,-1.07318496704102,-9.69291973114014,1.24810445308685,0.586689710617065,0.0330427661538124,0.0469432361423969,14.707193437,5.359848523,-1.6715423375,-0.4737075073404,-0.583667522954619,1.46210220898262
-35.858154296875,15.7928466796875,-334.320068359375,-42.0379638671875,-13.12255859375,-335.769653320313,1.4303252696991,-10.0398874282837,0.00478971237316728,0.0606578849256039,0.0740304887294769,-0.0719176679849625,-0.894093096256256,-5.47030305862427,7.82274723052979,0.0378710739314556,-0.0618722513318062,0.0612739250063896,0.548746943473816,-9.54395484924316,-2.13975143432617,-0.14957994222641,-0.326438844203949,-0.0161181390285492,-1.06857395172119,-9.70936584472656,1.25925099849701,0.584619522094727,0.0344709679484367,0.0474141351878643,14.707193308,5.359848252,-1.67154219,-0.473206285593101,-0.583372729732878,1.46122577903827
-35.552978515625,15.716552734375,-333.709716796875,-41.7327880859375,-13.0462646484375,-335.0830078125,1.42605018615723,-10.0443153381348,0.0139286778867245,0.0611803457140923,0.0747039094567299,-0.0715843066573143,-0.891772508621216,-5.44626140594482,7.80102634429932,0.0374114997684956,-0.0618835762143135,0.0612017996609211,0.53684014081955,-9.54474544525146,-2.13704609870911,-0.151066407561302,-0.323968261480331,-0.0158388763666153,-1.06396281719208,-9.72581195831299,1.27039742469788,0.582549333572388,0.0358991660177708,0.0478850342333317,14.707193179,5.359847981,-1.6715420425,-0.472705063845802,-0.583077936511137,1.46034934909391
-35.6674194335938,15.6021118164063,-333.023071289063,-41.4657592773438,-13.1607055664063,-334.396362304688,1.42177498340607,-10.0487432479858,0.023067643865943,0.0617028102278709,0.0753773301839828,-0.0712509527802467,-0.889451861381531,-5.42221975326538,7.77930498123169,0.0369519256055355,-0.0618948973715305,0.0611296743154526,0.524933338165283,-9.54553604125977,-2.13434052467346,-0.152552872896194,-0.321497678756714,-0.0155596127733588,-1.05935180187225,-9.74225807189941,1.28154385089874,0.580479204654694,0.0373273678123951,0.0483559332787991,14.70719305,5.35984771,-1.671541895,-0.472203842098503,-0.582783143289395,1.45947291914956
-35.7818603515625,15.4876708984375,-332.33642578125,-41.19873046875,-13.275146484375,-333.709716796875,1.4174998998642,-10.0531711578369,0.0322066098451614,0.0622252747416496,0.0760507509112358,-0.0709175989031792,-0.88713127374649,-5.39817810058594,7.75758409500122,0.0364923514425755,-0.0619062222540379,0.0610575489699841,0.513026595115662,-9.54632663726807,-2.1316351890564,-0.154039353132248,-0.319027066230774,-0.0152803501114249,-1.05474078655243,-9.75870418548584,1.29269027709961,0.578409016132355,0.0387555658817291,0.0488268323242664,14.707192921,5.359847439,-1.6715417475,-0.471702620351204,-0.582488350067654,1.45859648920521
-35.858154296875,15.2587890625,-331.039428710938,-41.3131713867188,-13.12255859375,-333.023071289063,1.41322469711304,-10.057599067688,0.0413455776870251,0.0627477392554283,0.0767241641879082,-0.070584237575531,-0.884810626506805,-5.37413692474365,7.73586320877075,0.0360327772796154,-0.0619175471365452,0.0609854236245155,0.501119792461395,-9.54711723327637,-2.12892961502075,-0.15552581846714,-0.316556483507156,-0.015001087449491,-1.05012965202332,-9.77515029907227,1.30383670330048,0.576338827610016,0.0401837676763535,0.0492977313697338,14.707192792,5.359847168,-1.6715416,-0.471201398603905,-0.582193556845913,1.45772005926085
-35.9344482421875,15.0299072265625,-329.742431640625,-41.4276123046875,-12.969970703125,-332.33642578125,1.40894961357117,-10.0620269775391,0.0504845418035984,0.063270203769207,0.0773975849151611,-0.0702508836984634,-0.882490038871765,-5.35009527206421,7.71414232254028,0.0355732031166553,-0.0619288720190525,0.060913298279047,0.489213019609451,-9.54790782928467,-2.12622404098511,-0.157012283802032,-0.314085900783539,-0.0147218247875571,-1.04551863670349,-9.79159641265869,1.31498312950134,0.574268639087677,0.0416119657456875,0.0497686304152012,14.707192663,5.359846897,-1.6715414525,-0.470700176856606,-0.581898763624171,1.4568436293165
-36.2014770507813,15.1443481445313,-329.28466796875,-42.0379638671875,-12.8936767578125,-331.954956054688,1.40467441082001,-10.0664548873901,0.059623509645462,0.0637926608324051,0.0780710056424141,-0.0699175298213959,-0.880169451236725,-5.32605361938477,7.69242143630981,0.035113625228405,-0.0619401969015598,0.0608411729335785,0.477306216955185,-9.54869842529297,-2.12351870536804,-0.158498764038086,-0.311615288257599,-0.0144425611943007,-1.04090762138367,-9.80804252624512,1.32612955570221,0.572198450565338,0.0430401638150215,0.0502395331859589,14.707192534,5.359846626,-1.671541305,-0.470198955109307,-0.58160397040243,1.45596719937215
-36.468505859375,15.2587890625,-328.826904296875,-42.6483154296875,-12.8173828125,-331.573486328125,1.40039932727814,-10.0708827972412,0.0687624737620354,0.0643151253461838,0.0787444263696671,-0.0695841684937477,-0.87784880399704,-5.30201196670532,7.67070007324219,0.0346540510654449,-0.0619515217840672,0.06076904758811,0.465399444103241,-9.54948902130127,-2.1208131313324,-0.159985229372978,-0.309144705533981,-0.0141632985323668,-1.03629648685455,-9.82448863983154,1.33727598190308,0.570128321647644,0.0444683656096458,0.0507104322314262,14.707192405,5.359846355,-1.6715411575,-0.469697733362008,-0.581309177180689,1.45509076942779
-36.5829467773438,15.2969360351563,-328.445434570313,-43.2586669921875,-12.7410888671875,-331.878662109375,1.39612412452698,-10.0753107070923,0.0779014378786087,0.0648375898599625,0.07941784709692,-0.0692508146166801,-0.875528216362,-5.27797031402588,7.64897918701172,0.0341944769024849,-0.0619628466665745,0.0606969222426414,0.453492671251297,-9.55027961730957,-2.11810779571533,-0.16147169470787,-0.306674122810364,-0.0138840358704329,-1.03168547153473,-9.84093475341797,1.34842240810394,0.568058133125305,0.0458965636789799,0.0511813312768936,14.707192276,5.359846084,-1.67154101,-0.469196511614709,-0.581014383958947,1.45421433948344
-36.6973876953125,15.3350830078125,-328.06396484375,-43.8690185546875,-12.664794921875,-332.183837890625,1.39024722576141,-10.0762186050415,0.0863121598958969,0.0655053406953812,0.0795317068696022,-0.068865679204464,-0.872579395771027,-5.26866149902344,7.63714790344238,0.0341414213180542,-0.0619594939053059,0.0606304630637169,0.442482113838196,-9.55253410339355,-2.11461186408997,-0.162942424416542,-0.304576069116592,-0.0135867455974221,-1.02420210838318,-9.85595798492432,1.35805487632751,0.567168116569519,0.0459769070148468,0.0510790385305882,14.707192147,5.359845813,-1.6715408625,-0.46869528986741,-0.580719590737206,1.45333790953909
-36.8499755859375,15.6021118164063,-328.06396484375,-43.5638427734375,-12.4359130859375,-332.260131835938,1.38276863098145,-10.0736055374146,0.0939946323633194,0.0663183704018593,0.0790860056877136,-0.0684287697076797,-0.869002342224121,-5.27408456802368,7.63520574569702,0.0344948805868626,-0.0619414635002613,0.0605696626007557,0.43236780166626,-9.55625247955322,-2.1103253364563,-0.164397418498993,-0.302850604057312,-0.0132714277133346,-1.01384651660919,-9.86955833435059,1.36617314815521,0.567458212375641,0.0447093956172466,0.0504035577178001,14.707192018,5.359845542,-1.671540715,-0.468194068120111,-0.580424797515465,1.45246147959473
-37.0025634765625,15.869140625,-328.06396484375,-43.2586669921875,-12.20703125,-332.33642578125,1.37529003620148,-10.0709934234619,0.101677097380161,0.0671314001083374,0.0786403119564056,-0.0679918527603149,-0.865425288677216,-5.27950763702393,7.63326406478882,0.0348483435809612,-0.0619234293699265,0.0605088658630848,0.422253489494324,-9.55997085571289,-2.10603904724121,-0.165852412581444,-0.301125138998032,-0.012956109829247,-1.00349092483521,-9.88315963745117,1.37429141998291,0.567748367786407,0.0434418842196465,0.0497280731797218,14.707191889,5.359845271,-1.6715405675,-0.467692846372812,-0.580130004293723,1.45158504965038
-36.92626953125,15.9072875976563,-328.369140625,-42.6101684570313,-12.20703125,-331.649780273438,1.36781144142151,-10.068380355835,0.109359569847584,0.0679444298148155,0.0781946107745171,-0.0675549358129501,-0.86184823513031,-5.28493118286133,7.63132190704346,0.0352018028497696,-0.0619053989648819,0.0604480691254139,0.412139147520065,-9.56368923187256,-2.10175251960754,-0.167307406663895,-0.299399673938751,-0.0126407919451594,-0.993135333061218,-9.89675998687744,1.38240969181061,0.568038463592529,0.0421743728220463,0.0490525923669338,14.70719176,5.359845,-1.67154042,-0.467191624625513,-0.579835211071982,1.45070861970603
-36.8499755859375,15.9454345703125,-328.67431640625,-41.961669921875,-12.20703125,-330.963134765625,1.36033284664154,-10.065767288208,0.117042042315006,0.0687574595212936,0.0777489170432091,-0.0671180263161659,-0.858271241188049,-5.29035425186157,7.62938022613525,0.035555262118578,-0.0618873685598373,0.0603872686624527,0.402024835348129,-9.56740760803223,-2.09746623039246,-0.168762400746346,-0.297674208879471,-0.0123254740610719,-0.982779681682587,-9.91036128997803,1.39052796363831,0.568328559398651,0.0409068614244461,0.0483771115541458,14.6974125995,5.3679952245,-1.6706216905,-0.466222772147399,-0.579413802073532,1.45128575919006
-36.6592407226563,15.9835815429688,-329.818725585938,-41.4276123046875,-12.054443359375,-330.352783203125,1.35285425186157,-10.0631542205811,0.124724507331848,0.0695704892277718,0.0773032158613205,-0.0666811093688011,-0.854694187641144,-5.29577732086182,7.62743806838989,0.0359087251126766,-0.0618693344295025,0.0603264719247818,0.391910523176193,-9.57112598419189,-2.09317970275879,-0.170217394828796,-0.29594874382019,-0.0120101561769843,-0.9724240899086,-9.92396259307861,1.398646235466,0.568618714809418,0.0396393500268459,0.0477016270160675,14.687633439,5.376145449,-1.669702961,-0.465253919669286,-0.578992393075083,1.4518628986741
-36.468505859375,16.021728515625,-330.963134765625,-40.8935546875,-11.90185546875,-329.742431640625,1.3453756570816,-10.0605411529541,0.132406979799271,0.0703835189342499,0.0768575221300125,-0.0662441924214363,-0.851117134094238,-5.30120086669922,7.62549638748169,0.036262184381485,-0.0618513040244579,0.0602656751871109,0.381796211004257,-9.57484436035156,-2.0888934135437,-0.171672388911247,-0.29422327876091,-0.0116948382928967,-0.962068498134613,-9.93756294250488,1.4067645072937,0.56890881061554,0.0383718386292458,0.0470261462032795,14.6778542785,5.3842956735,-1.6687842315,-0.464285067191173,-0.578570984076633,1.45244003815813
-35.70556640625,16.021728515625,-331.497192382813,-40.9698486328125,-12.054443359375,-330.352783203125,1.33789706230164,-10.0579290390015,0.140089452266693,0.071196548640728,0.0764118209481239,-0.0658072829246521,-0.847540080547333,-5.30662393569946,7.62355422973633,0.0366156473755836,-0.0618332736194134,0.0602048747241497,0.371681898832321,-9.57856273651123,-2.08460688591003,-0.173127382993698,-0.29249781370163,-0.0113795194774866,-0.951712846755981,-9.95116424560547,1.4148827791214,0.569198966026306,0.0371043272316456,0.0463506616652012,14.668075118,5.392445898,-1.667865502,-0.46331621471306,-0.578149575078183,1.45301717764217
-34.942626953125,16.021728515625,-332.03125,-41.046142578125,-12.20703125,-330.963134765625,1.33041846752167,-10.0553159713745,0.147771924734116,0.0720095783472061,0.0759661272168159,-0.0653703659772873,-0.843963086605072,-5.31204700469971,7.62161254882813,0.036969106644392,-0.0618152394890785,0.0601440779864788,0.361567586660385,-9.5822811126709,-2.08032059669495,-0.174582377076149,-0.290772348642349,-0.011064201593399,-0.941357254981995,-9.96476459503174,1.4230010509491,0.569489061832428,0.0358368158340454,0.0456751808524132,14.6582959575,5.4005961225,-1.6669467725,-0.462347362234947,-0.577728166079733,1.45359431712621
-34.5993041992188,16.2887573242188,-331.802368164063,-41.2750244140625,-12.2451782226563,-331.268310546875,1.3229398727417,-10.0527029037476,0.155454397201538,0.0728226080536842,0.0755204260349274,-0.0649334564805031,-0.840386033058167,-5.31747055053711,7.61967039108276,0.0373225659132004,-0.061797209084034,0.0600832775235176,0.351453274488449,-9.58600044250488,-2.07603406906128,-0.1760373711586,-0.289046883583069,-0.0107488837093115,-0.931001603603363,-9.97836589813232,1.43111944198608,0.56977915763855,0.0345693044364452,0.0449997000396252,14.648516797,5.408746347,-1.666028043,-0.461378509756833,-0.577306757081283,1.45417145661024
-34.2559814453125,16.5557861328125,-331.573486328125,-41.50390625,-12.2833251953125,-331.573486328125,1.31546127796173,-10.0500898361206,0.163136854767799,0.0736356377601624,0.0750747323036194,-0.0644965395331383,-0.836808979511261,-5.32289361953735,7.61772871017456,0.037676028907299,-0.0617791786789894,0.0600224807858467,0.341338932514191,-9.58971881866455,-2.07174777984619,-0.177492365241051,-0.287321418523788,-0.0104335658252239,-0.920646011829376,-9.99196624755859,1.43923771381378,0.570069313049316,0.0333017930388451,0.0443242155015469,14.6387376365,5.4168965715,-1.6651093135,-0.46040965727872,-0.576885348082834,1.45474859609428
-34.48486328125,16.4413452148438,-331.192016601563,-41.5802001953125,-12.3977661132813,-332.412719726563,1.30798268318176,-10.047477722168,0.170819327235222,0.0744486674666405,0.0746290311217308,-0.0640596225857735,-0.833231925964355,-5.3283166885376,7.6157865524292,0.0380294881761074,-0.0617611482739449,0.0599616840481758,0.331224620342255,-9.59343719482422,-2.06746125221252,-0.178947359323502,-0.285595953464508,-0.0101182479411364,-0.910290420055389,-10.0055675506592,1.44735598564148,0.570359408855438,0.0320342816412449,0.0436487346887589,14.628958476,5.425046796,-1.664190584,-0.459440804800607,-0.576463939084384,1.45532573557832
-34.7137451171875,16.326904296875,-330.810546875,-41.656494140625,-12.51220703125,-333.251953125,1.30050408840179,-10.044864654541,0.178501799702644,0.0752616971731186,0.0741833373904228,-0.0636227130889893,-0.829654932022095,-5.333740234375,7.613844871521,0.0383829511702061,-0.06174311414361,0.0599008835852146,0.321110308170319,-9.59715557098389,-2.06317496299744,-0.180402353405952,-0.283870488405228,-0.0098029300570488,-0.899934768676758,-10.0191679000854,1.45547425746918,0.570649564266205,0.0307667683809996,0.0429732501506805,14.6191793155,5.4331970205,-1.6632718545,-0.458471952322494,-0.576042530085934,1.45590287506235
-35.3622436523438,16.2887573242188,-330.276489257813,-41.6183471679688,-12.51220703125,-333.328247070313,1.29302549362183,-10.0422515869141,0.186184272170067,0.0760747268795967,0.0737376362085342,-0.0631857961416245,-0.826077878475189,-5.33916330337524,7.61190271377563,0.0387364104390144,-0.0617250837385654,0.0598400868475437,0.310995995998383,-9.60087394714355,-2.05888843536377,-0.181857347488403,-0.282145023345947,-0.00948761217296124,-0.889579176902771,-10.032769203186,1.46359252929688,0.570939660072327,0.0294992569833994,0.0422977693378925,14.609400155,5.441347245,-1.662353125,-0.45750309984438,-0.575621121087484,1.45648001454639
-36.0107421875,16.2506103515625,-329.742431640625,-41.5802001953125,-12.51220703125,-333.404541015625,1.288778424263,-10.0326356887817,0.183267906308174,0.0763338953256607,0.0720373541116714,-0.0627128109335899,-0.82436466217041,-5.35317945480347,7.62274503707886,0.039470624178648,-0.0618466809391975,0.0598220527172089,0.302868127822876,-9.60329627990723,-2.05345678329468,-0.184309870004654,-0.280543655157089,-0.00898989383131266,-0.879707992076874,-10.0300569534302,1.46896398067474,0.572718799114227,0.0278324633836746,0.0411694012582302,14.5996209945,5.4494974695,-1.6614343955,-0.456534247366267,-0.575199712089035,1.45705715403043
-36.2777709960938,15.7546997070313,-329.58984375,-41.2368774414063,-12.5503540039063,-332.489013671875,1.28453135490417,-10.0230188369751,0.180351555347443,0.0765930563211441,0.0703370720148087,-0.0622398220002651,-0.822651445865631,-5.36719560623169,7.63358783721924,0.0402048341929913,-0.0619682744145393,0.059804018586874,0.294740289449692,-9.60571956634521,-2.04802489280701,-0.186762392520905,-0.278942316770554,-0.0084921745583415,-0.869836747646332,-10.0273447036743,1.47433543205261,0.574497878551483,0.026165671646595,0.0400410331785679,14.589841834,5.457647694,-1.660515666,-0.455565394888154,-0.574778303090585,1.45763429351446
-36.5447998046875,15.2587890625,-329.437255859375,-40.8935546875,-12.5885009765625,-331.573486328125,1.28028428554535,-10.0134029388428,0.17743518948555,0.0768522247672081,0.0686367973685265,-0.0617668330669403,-0.820938289165497,-5.38121223449707,7.64443016052246,0.0409390479326248,-0.0620898716151714,0.0597859881818295,0.286612421274185,-9.60814189910889,-2.04259324073792,-0.189214929938316,-0.277340948581696,-0.00799445621669292,-0.859965562820435,-10.0246324539185,1.47970688343048,0.576277017593384,0.0244988780468702,0.0389126613736153,14.5800626735,5.4657979185,-1.6595969365,-0.454596542410041,-0.574356894092135,1.4582114329985
-36.5066528320313,15.1443481445313,-328.9794921875,-40.9698486328125,-12.6266479492188,-330.2001953125,1.27603721618652,-10.0037870407104,0.174518838524818,0.0771113857626915,0.0669365152716637,-0.0612938441336155,-0.819225072860718,-5.39522838592529,7.65527296066284,0.0416732616722584,-0.0622114688158035,0.0597679540514946,0.278484553098679,-9.61056423187256,-2.03716158866882,-0.191667452454567,-0.27573961019516,-0.00749673787504435,-0.850094377994537,-10.0219192504883,1.48507833480835,0.57805609703064,0.0228320863097906,0.0377842932939529,14.570283513,5.473948143,-1.658678207,-0.453627689931928,-0.573935485093685,1.45878857248253
-36.468505859375,15.0299072265625,-328.521728515625,-41.046142578125,-12.664794921875,-328.826904296875,1.27179002761841,-9.99417114257813,0.171602472662926,0.0773705542087555,0.0652362331748009,-0.060820858925581,-0.817511856555939,-5.40924453735352,7.66611528396606,0.0424074716866016,-0.0623330622911453,0.0597499199211597,0.270356684923172,-9.61298656463623,-2.03172993659973,-0.194119974970818,-0.274138242006302,-0.00699901906773448,-0.840223133563995,-10.0192070007324,1.49044978618622,0.57983523607254,0.0211652927100658,0.0366559252142906,14.5605043525,5.4820983675,-1.6577594775,-0.452658837453814,-0.573514076095236,1.45936571196657
-36.3922119140625,14.9917602539063,-328.140258789063,-41.0079956054688,-12.7029418945313,-327.529907226563,1.26754295825958,-9.98455429077148,0.168686121702194,0.0776297226548195,0.0635359510779381,-0.0603478699922562,-0.81579864025116,-5.42326068878174,7.67695808410645,0.0431416854262352,-0.0624546594917774,0.0597318857908249,0.262228846549988,-9.61540985107422,-2.02629804611206,-0.196572497487068,-0.272536873817444,-0.0065013007260859,-0.830351948738098,-10.0164947509766,1.49582123756409,0.581614315509796,0.0194984991103411,0.0355275571346283,14.550725192,5.490248592,-1.656840748,-0.451689984975701,-0.573092667096786,1.45994285145061
-36.31591796875,14.95361328125,-327.7587890625,-40.9698486328125,-12.7410888671875,-326.23291015625,1.26329588890076,-9.97493839263916,0.165769755840302,0.0778888836503029,0.0618356727063656,-0.0598748810589314,-0.814085423946381,-5.43727731704712,7.68780040740967,0.0438758991658688,-0.0625762566924095,0.05971385166049,0.254100978374481,-9.61783218383789,-2.02086639404297,-0.19902503490448,-0.270935535430908,-0.00600358191877604,-0.820480763912201,-10.0137825012207,1.50119268894196,0.583393454551697,0.0178317073732615,0.0343991853296757,14.5409460315,5.4983988165,-1.6559220185,-0.450721132497588,-0.572671258098336,1.46051999093464
-35.7437133789063,15.2206420898438,-326.995849609375,-41.19873046875,-12.5503540039063,-325.546264648438,1.25904881954193,-9.96532249450684,0.16285340487957,0.0781480520963669,0.0601353943347931,-0.0594018958508968,-0.812372207641602,-5.45129346847534,7.69864320755005,0.044610109180212,-0.0626978501677513,0.0596958175301552,0.245973125100136,-9.62025451660156,-2.01543474197388,-0.201477557420731,-0.26933416724205,-0.00550586357712746,-0.810609519481659,-10.0110702514648,1.50656414031982,0.585172533988953,0.0161649137735367,0.0332708172500134,14.531166871,5.506549041,-1.655003289,-0.449752280019475,-0.572249849099886,1.46109713041868
-35.1715087890625,15.4876708984375,-326.23291015625,-41.4276123046875,-12.359619140625,-324.859619140625,1.25480175018311,-9.95570659637451,0.159937039017677,0.0784072130918503,0.0584351122379303,-0.058928906917572,-0.810659050941467,-5.46530961990356,7.70948553085327,0.0453443229198456,-0.0628194510936737,0.0596777871251106,0.237845256924629,-9.62267780303955,-2.01000308990479,-0.203930079936981,-0.267732828855515,-0.00500814476981759,-0.800738334655762,-10.008358001709,1.51193559169769,0.586951673030853,0.0144981211051345,0.032142449170351,14.5213877105,5.5146992655,-1.6540845595,-0.448783427541362,-0.571828440101437,1.46167426990272
-34.8281860351563,15.6784057617188,-326.156616210938,-41.5420532226563,-12.4740600585938,-325.01220703125,1.25055468082428,-9.94608974456787,0.157020673155785,0.0786663815379143,0.0567348301410675,-0.0584559179842472,-0.808945834636688,-5.47932577133179,7.72032785415649,0.0460785366594791,-0.0629410445690155,0.0596597529947758,0.229717403650284,-9.62510013580322,-2.00457119941711,-0.206382602453232,-0.266131460666656,-0.00451042642816901,-0.790867149829865,-10.0056457519531,1.51730704307556,0.588730752468109,0.0128313284367323,0.0310140810906887,14.51160855,5.52284949,-1.65316583,-0.447814575063248,-0.571407031102987,1.46225140938675
-34.48486328125,15.869140625,-326.080322265625,-41.656494140625,-12.5885009765625,-325.164794921875,1.24630761146545,-9.93647384643555,0.154104322195053,0.0789255499839783,0.055034551769495,-0.0579829327762127,-0.807232618331909,-5.49334192276001,7.73117065429688,0.0468127466738224,-0.0630626380443573,0.0596417188644409,0.221589550375938,-9.62752246856689,-1.99913954734802,-0.208835124969482,-0.264530092477798,-0.00401270762085915,-0.780995905399323,-10.0029325485229,1.52267849445343,0.59050989151001,0.0111645357683301,0.0298857111483812,14.5116085985,5.5228493735,-1.6531669605,-0.447627118030353,-0.571462287860187,1.46368620286985
-34.637451171875,15.9454345703125,-326.385498046875,-41.8472290039063,-12.5503540039063,-326.385498046875,1.24206054210663,-9.92685794830322,0.15118795633316,0.0791847109794617,0.0533342696726322,-0.0575099438428879,-0.80551940202713,-5.50735855102539,7.7420129776001,0.047546960413456,-0.0631842315196991,0.0596236847341061,0.213461682200432,-9.62994575500488,-1.99370789527893,-0.211287662386894,-0.262928754091263,-0.00351498927921057,-0.771124720573425,-10.0002202987671,1.5280499458313,0.592288970947266,0.0094977430999279,0.0287573430687189,14.511608647,5.522849257,-1.653168091,-0.447439660997458,-0.571517544617388,1.46512099635295
-34.7900390625,16.021728515625,-326.690673828125,-42.0379638671875,-12.51220703125,-327.606201171875,1.2378134727478,-9.9172420501709,0.148271605372429,0.0794438794255257,0.0516339913010597,-0.0570369549095631,-0.803806185722351,-5.52137470245361,7.75285577774048,0.0482811741530895,-0.0633058324456215,0.0596056506037712,0.205333828926086,-9.63236808776855,-1.98827612400055,-0.213740184903145,-0.261327385902405,-0.00301727070473135,-0.761253535747528,-9.99750804901123,1.53342139720917,0.594068109989166,0.00783095043152571,0.0276289731264114,14.5116086955,5.5228491405,-1.6531692215,-0.447252203964563,-0.571572801374589,1.46655578983605
-35.0189208984375,16.5557861328125,-327.45361328125,-41.961669921875,-12.3977661132813,-328.140258789063,1.23368346691132,-9.9072093963623,0.148215889930725,0.0797344669699669,0.0499808676540852,-0.0565943717956543,-0.804058849811554,-5.52113056182861,7.75377511978149,0.0489816293120384,-0.0633846595883369,0.0596878305077553,0.19928315281868,-9.63364505767822,-1.98313307762146,-0.21637636423111,-0.259547024965286,-0.00234051863662899,-0.756220459938049,-9.98891258239746,1.54392397403717,0.59583044052124,0.00672602280974388,0.0266863536089659,14.511608744,5.522849024,-1.653170352,-0.447064746931668,-0.57162805813179,1.46799058331915
-35.247802734375,17.08984375,-328.216552734375,-41.8853759765625,-12.2833251953125,-328.67431640625,1.22967064380646,-9.89676094055176,0.151020810008049,0.0800564810633659,0.0483749061822891,-0.0561821907758713,-0.806277334690094,-5.50662565231323,7.7447714805603,0.0496483333408833,-0.0634207278490067,0.0598702169954777,0.195309683680534,-9.6337776184082,-1.97827875614166,-0.219196185469627,-0.257587611675262,-0.00148473342414945,-0.756025612354279,-9.97443294525146,1.55955791473389,0.597576022148132,0.006182961165905,0.0259294807910919,14.5116087925,5.5228489075,-1.6531714825,-0.446877289898773,-0.57168331488899,1.46942537680224
-35.5911254882813,17.3187255859375,-327.987670898438,-41.351318359375,-12.3977661132813,-328.140258789063,1.2256578207016,-9.88631343841553,0.153825744986534,0.080378495156765,0.0467689447104931,-0.0557700097560883,-0.808495819568634,-5.49212121963501,7.73576784133911,0.0503150373697281,-0.0634567961096764,0.0600526034832001,0.191336199641228,-9.63390922546387,-1.97342443466187,-0.222016021609306,-0.255628228187561,-0.0006289480952546,-0.755830764770508,-9.95995330810547,1.5751918554306,0.599321603775024,0.00563989952206612,0.0251726098358631,14.511608841,5.522848791,-1.653172613,-0.446689832865877,-0.571738571646191,1.47086017028534
-35.9344482421875,17.547607421875,-327.7587890625,-40.8172607421875,-12.51220703125,-327.606201171875,1.22164499759674,-9.87586498260498,0.156630665063858,0.0807005017995834,0.0451629832386971,-0.0553578287363052,-0.810714304447174,-5.47761631011963,7.72676420211792,0.0509817413985729,-0.0634928643703461,0.0602349899709225,0.187362730503082,-9.63404178619385,-1.96857011318207,-0.224835842847824,-0.253668814897537,0.000226837175432593,-0.755635917186737,-9.94547367095947,1.59082579612732,0.601067245006561,0.00509683787822723,0.0244157370179892,14.5116088895,5.5228486745,-1.6531737435,-0.446502375832982,-0.571793828403392,1.47229496376844
-35.8200073242188,17.4331665039063,-326.919555664063,-40.0543212890625,-12.4359130859375,-326.766967773438,1.21763217449188,-9.86541652679443,0.159435600042343,0.0810225158929825,0.0435570180416107,-0.0549456477165222,-0.812932789325714,-5.46311187744141,7.71776056289673,0.0516484454274178,-0.0635289326310158,0.0604173801839352,0.183389246463776,-9.63417434692383,-1.96371567249298,-0.227655664086342,-0.251709431409836,0.00108262244611979,-0.755441069602966,-9.93099403381348,1.60645973682404,0.602812826633453,0.00455377670004964,0.0236588660627604,14.511608938,5.522848558,-1.653174874,-0.446314918800087,-0.571849085160593,1.47372975725154
-35.70556640625,17.3187255859375,-326.080322265625,-39.2913818359375,-12.359619140625,-325.927734375,1.21361935138702,-9.8549690246582,0.162240535020828,0.0813445299863815,0.0419510565698147,-0.0545334666967392,-0.815151274204254,-5.44860696792603,7.70875692367554,0.0523151457309723,-0.0635650008916855,0.0605997666716576,0.179415762424469,-9.63430595397949,-1.95886135101318,-0.230475500226021,-0.249750018119812,0.00193840777501464,-0.755246222019196,-9.9165153503418,1.62209355831146,0.604558408260345,0.00401071505621076,0.0229019951075315,14.5116089865,5.5228484415,-1.6531760045,-0.446127461767192,-0.571904341917793,1.47516455073464
-35.552978515625,17.0516967773438,-325.469970703125,-39.1769409179688,-12.7792358398438,-325.469970703125,1.20960652828217,-9.84452056884766,0.165045455098152,0.0816665440797806,0.0403450950980186,-0.0541212856769562,-0.817369759082794,-5.4341025352478,7.69975328445435,0.0529818497598171,-0.0636010691523552,0.06078215315938,0.175442293286324,-9.63443851470947,-1.95400702953339,-0.233295321464539,-0.247790619730949,0.00279419310390949,-0.755051374435425,-9.9020357131958,1.63772749900818,0.606303989887238,0.00346765317954123,0.0221451222896576,14.511609035,5.522848325,-1.653177135,-0.445940004734297,-0.571959598674994,1.47659934421774
-35.400390625,16.78466796875,-324.859619140625,-39.0625,-13.1988525390625,-325.01220703125,1.2055938243866,-9.83407211303711,0.167850390076637,0.0819885581731796,0.0387391336262226,-0.0537091046571732,-0.819588303565979,-5.41959762573242,7.690749168396,0.053648553788662,-0.0636371374130249,0.0609645396471024,0.171468809247017,-9.63457012176514,-1.94915270805359,-0.236115157604218,-0.245831221342087,0.0036499781999737,-0.754856526851654,-9.8875560760498,1.6533614397049,0.60804957151413,0.00292459176853299,0.0213882513344288,14.5116090835,5.5228482085,-1.6531782655,-0.445752547701402,-0.572014855432195,1.47803413770083
-35.1715087890625,16.5557861328125,-325.164794921875,-39.5965576171875,-13.0844116210938,-325.01220703125,1.20158100128174,-9.82362461090088,0.170655310153961,0.0823105722665787,0.0371331684291363,-0.0532969236373901,-0.821806788444519,-5.4050931930542,7.6817455291748,0.0543152578175068,-0.0636732056736946,0.0611469298601151,0.167495340108871,-9.63470268249512,-1.9442982673645,-0.238934978842735,-0.243871822953224,0.0045057637616992,-0.754661679267883,-9.87307643890381,1.66899538040161,0.609795153141022,0.00238153012469411,0.0206313785165548,14.511609132,5.522848092,-1.653179396,-0.445565090668507,-0.572070112189396,1.47946893118393
-34.942626953125,16.326904296875,-325.469970703125,-40.130615234375,-12.969970703125,-325.01220703125,1.19756817817688,-9.81317615509033,0.173460245132446,0.0826325863599777,0.0355272069573402,-0.0528847426176071,-0.824025273323059,-5.39058828353882,7.67274188995361,0.0549819618463516,-0.0637092664837837,0.0613293163478374,0.163521856069565,-9.6348352432251,-1.9394439458847,-0.241754800081253,-0.241912424564362,0.00536154862493277,-0.754466772079468,-9.85859680175781,1.68462932109833,0.611540734767914,0.00183846848085523,0.019874507561326,14.5116091805,5.5228479755,-1.6531805265,-0.445377633635611,-0.572125368946596,1.48090372466703
-34.9044799804688,15.7546997070313,-325.851440429688,-40.9698486328125,-12.969970703125,-325.164794921875,1.19355535507202,-9.80272769927979,0.17626516520977,0.0829545930027962,0.0339212454855442,-0.0524725615978241,-0.826243758201599,-5.3760838508606,7.66373825073242,0.0556486658751965,-0.0637453347444534,0.0615117028355598,0.159548386931419,-9.63496685028076,-1.93458962440491,-0.244574636220932,-0.239953026175499,0.00621733395382762,-0.754271924495697,-9.84411716461182,1.70026326179504,0.613286375999451,0.00129540695343167,0.0191176347434521,14.511609229,5.522847859,-1.653181657,-0.445190176602716,-0.572180625703797,1.48233851815013
-34.8663330078125,15.1824951171875,-326.23291015625,-41.80908203125,-12.969970703125,-325.3173828125,1.18954253196716,-9.79227924346924,0.179070100188255,0.0832766070961952,0.0323152840137482,-0.0520603805780411,-0.828462243080139,-5.36157894134521,7.65473461151123,0.056315366178751,-0.0637814030051231,0.0616940893232822,0.155574902892113,-9.63509941101074,-1.92973530292511,-0.24739445745945,-0.237993627786636,0.00707311928272247,-0.754077076911926,-9.82963848114014,1.71589708328247,0.615031957626343,0.000752345309592783,0.0183607637882233,14.5116092775,5.5228477425,-1.6531827875,-0.445002719569821,-0.572235882460998,1.48377331163323
-35.09521484375,15.0299072265625,-326.5380859375,-41.961669921875,-12.7410888671875,-324.783325195313,1.1855297088623,-9.78183174133301,0.181875020265579,0.0835986211895943,0.030709320679307,-0.0516481995582581,-0.830680727958679,-5.34707450866699,7.64573097229004,0.0569820702075958,-0.0638174712657928,0.0618764795362949,0.151601433753967,-9.63523101806641,-1.92488086223602,-0.250214278697968,-0.236034229397774,0.00792890507727861,-0.753882229328156,-9.81515884399414,1.73153102397919,0.616777539253235,0.000209283723961562,0.0176038909703493,14.511609326,5.522847626,-1.653183918,-0.444815262536926,-0.572291139218199,1.48520810511633
-35.3240966796875,14.8773193359375,-326.84326171875,-42.1142578125,-12.51220703125,-324.249267578125,1.18151688575745,-9.77138328552246,0.184679955244064,0.0839206352829933,0.0291033573448658,-0.051236018538475,-0.832899212837219,-5.33256959915161,7.63672733306885,0.0576487742364407,-0.0638535395264626,0.0620588660240173,0.147627949714661,-9.63536357879639,-1.92002654075623,-0.253034114837646,-0.234074831008911,0.00878468994051218,-0.753687381744385,-9.80067920684814,1.7471649646759,0.618523120880127,-0.00033377786166966,0.0168470200151205,14.5116093745,5.5228475095,-1.6531850485,-0.444627805504031,-0.572346395975399,1.48664289859942
-35.4766845703125,14.6484375,-326.614379882813,-41.6946411132813,-12.5503540039063,-323.638916015625,1.176713347435,-9.76766204833984,0.187812089920044,0.0837676227092743,0.0277879219502211,-0.0509634464979172,-0.83089405298233,-5.33695030212402,7.63761472702026,0.0576106682419777,-0.0638535395264626,0.0619913786649704,0.143149003386497,-9.63172626495361,-1.91623604297638,-0.255689710378647,-0.232146769762039,0.0097306864336133,-0.764650464057922,-9.78537559509277,1.76623773574829,0.621151387691498,-0.000144695935887285,0.017371503636241,14.511609423,5.522847393,-1.653186179,-0.444440348471136,-0.5724016527326,1.48807769208252
-35.6292724609375,14.4195556640625,-326.385498046875,-41.2750244140625,-12.5885009765625,-323.028564453125,1.17190980911255,-9.76394081115723,0.190944209694862,0.0836146175861359,0.0264724865555763,-0.0506908781826496,-0.828888833522797,-5.34133100509644,7.63850212097168,0.0575725622475147,-0.0638535395264626,0.0619238913059235,0.138670057058334,-9.62808895111084,-1.91244554519653,-0.258345305919647,-0.230218708515167,0.0106766829267144,-0.775613486766815,-9.77007293701172,1.78531062602997,0.623779594898224,4.4385978981154e-05,0.0178959872573614,14.5116094715,5.5228472765,-1.6531873095,-0.444252891438241,-0.572456909489801,1.48951248556562
-35.6292724609375,14.5339965820313,-325.698852539063,-40.58837890625,-12.4740600585938,-322.036743164063,1.1671062707901,-9.76021957397461,0.194076344370842,0.0834616050124168,0.0251570492982864,-0.0504183061420918,-0.826883673667908,-5.34571170806885,7.6393895149231,0.0575344562530518,-0.0638535395264626,0.0618564039468765,0.134191125631332,-9.62445163726807,-1.90865504741669,-0.261000901460648,-0.228290632367134,0.011622678488493,-0.786576569080353,-9.75476932525635,1.80438339710236,0.626407861709595,0.00023346790112555,0.018420472741127,14.51160952,5.52284716,-1.65318844,-0.444065434405345,-0.572512166247002,1.49094727904872
-35.6292724609375,14.6484375,-325.01220703125,-39.9017333984375,-12.359619140625,-321.044921875,1.16230273246765,-9.75649833679199,0.19720846414566,0.0833085924386978,0.0238416139036417,-0.0501457341015339,-0.824878513813019,-5.35009241104126,7.64027690887451,0.0574963502585888,-0.0638535395264626,0.0617889165878296,0.129712179303169,-9.62081432342529,-1.90486454963684,-0.263656497001648,-0.226362571120262,0.0125686749815941,-0.79753965139389,-9.73946571350098,1.82345616817474,0.629036128520966,0.00042254981235601,0.0189449563622475,14.5116095395,5.522847136,-1.653187764,-0.442958114256357,-0.572131767042722,1.49251000783325
-35.400390625,14.7247314453125,-324.020385742188,-39.7491455078125,-12.1688842773438,-320.358276367188,1.15749907493591,-9.75277709960938,0.20034059882164,0.0831555798649788,0.022526178508997,-0.0498731657862663,-0.82287335395813,-5.35447311401367,7.64116430282593,0.0574582442641258,-0.0638535395264626,0.0617214292287827,0.125233232975006,-9.61717700958252,-1.90107405185699,-0.266312122344971,-0.22443450987339,0.0135146714746952,-0.808502674102783,-9.72416305541992,1.84252905845642,0.631664335727692,0.00061163172358647,0.0194694399833679,14.511609559,5.522847112,-1.653187088,-0.441850794107369,-0.571751367838442,1.49407273661777
-35.1715087890625,14.801025390625,-323.028564453125,-39.5965576171875,-11.9781494140625,-319.671630859375,1.15269553661346,-9.74905586242676,0.203472718596458,0.0830025747418404,0.0212107431143522,-0.0496005937457085,-0.820868134498596,-5.35885381698608,7.64205169677734,0.0574201382696629,-0.0638535395264626,0.0616539418697357,0.120754286646843,-9.61353969573975,-1.89728355407715,-0.268967717885971,-0.222506448626518,0.0144606679677963,-0.819465756416321,-9.70885944366455,1.86160182952881,0.634292602539063,0.00080071366392076,0.0199939236044884,14.5116095785,5.522847088,-1.653186412,-0.44074347395838,-0.571370968634163,1.4956354654023
-34.942626953125,15.1443481445313,-322.418212890625,-39.97802734375,-12.0925903320313,-320.12939453125,1.14789199829102,-9.74533557891846,0.206604853272438,0.0828495621681213,0.0198953077197075,-0.0493280254304409,-0.818862974643707,-5.3632345199585,7.64293909072876,0.0573820322751999,-0.0638535395264626,0.0615864545106888,0.11627534776926,-9.60990142822266,-1.8934930562973,-0.271623313426971,-0.220578372478485,0.0154066635295749,-0.830428779125214,-9.69355583190918,1.88067471981049,0.636920869350433,0.00098979554604739,0.020518409088254,14.511609598,5.522847064,-1.653185736,-0.439636153809392,-0.570990569429883,1.49719819418682
-34.7137451171875,15.4876708984375,-321.807861328125,-40.3594970703125,-12.20703125,-320.587158203125,1.14308845996857,-9.74161434173584,0.209736973047256,0.0826965495944023,0.0185798723250628,-0.049055453389883,-0.816857814788818,-5.36761522293091,7.64382648468018,0.0573439262807369,-0.0638535395264626,0.0615189671516418,0.111796401441097,-9.60626411437988,-1.88970255851746,-0.274278908967972,-0.218650311231613,0.0163526609539986,-0.841391861438751,-9.67825317382813,1.89974749088287,0.639549076557159,0.00117887754458934,0.0210428927093744,14.5116096175,5.52284704,-1.65318506,-0.438528833660403,-0.570610170225603,1.49876092297135
-34.9044799804688,15.9072875976563,-322.113037109375,-40.6646728515625,-12.20703125,-320.968627929688,1.13828492164612,-9.73789310455322,0.212869107723236,0.0825435370206833,0.0172644350677729,-0.0487828813493252,-0.814852654933929,-5.37199592590332,7.64471387863159,0.057305820286274,-0.0638535395264626,0.0614514797925949,0.107317455112934,-9.60262680053711,-1.88591206073761,-0.276934504508972,-0.216722249984741,0.0172986574470997,-0.852354943752289,-9.66294956207275,1.91882026195526,0.64217734336853,0.00136795942671597,0.0215673763304949,14.511609637,5.522847016,-1.653184384,-0.437421513511414,-0.570229771021324,1.50032365175587
-35.09521484375,16.326904296875,-322.418212890625,-40.9698486328125,-12.20703125,-321.35009765625,1.13348138332367,-9.73417186737061,0.216001242399216,0.0823905318975449,0.0159489996731281,-0.0485103130340576,-0.812847435474396,-5.37637662887573,7.64560127258301,0.057267714291811,-0.0638535395264626,0.061383992433548,0.102838516235352,-9.59898948669434,-1.88212156295776,-0.279590100049973,-0.214794188737869,0.0182446520775557,-0.863317966461182,-9.64764595031738,1.93789315223694,0.644805610179901,0.0015570413088426,0.0220918599516153,14.5116096565,5.522846992,-1.653183708,-0.436314193362426,-0.569849371817044,1.5018863805404
-35.0570678710938,16.5557861328125,-322.8759765625,-40.9698486328125,-12.20703125,-321.426391601563,1.12867784500122,-9.73045063018799,0.219133362174034,0.0822375193238258,0.0146335642784834,-0.0482377409934998,-0.810842275619507,-5.38075733184814,7.64648866653442,0.057229608297348,-0.0638535395264626,0.061316505074501,0.0983595699071884,-9.59535217285156,-1.87833106517792,-0.282245695590973,-0.212866127490997,0.0191906485706568,-0.874281048774719,-9.63234329223633,1.95696592330933,0.647433817386627,0.00174612330738455,0.0226163435727358,14.511609676,5.522846968,-1.653183032,-0.435206873213437,-0.569468972612764,1.50344910932492
-35.0189208984375,16.78466796875,-323.333740234375,-40.9698486328125,-12.20703125,-321.502685546875,1.12387430667877,-9.72672939300537,0.222265496850014,0.0820845067501068,0.0133181288838387,-0.0479651689529419,-0.808837115764618,-5.38513803482056,7.64737606048584,0.0571915023028851,-0.0638535395264626,0.0612490177154541,0.0938806235790253,-9.59171485900879,-1.87454056739807,-0.284901291131973,-0.210938051342964,0.0201366450637579,-0.885244131088257,-9.61703968048096,1.97603869438171,0.650062084197998,0.00193520518951118,0.0231408290565014,14.5116096955,5.522846944,-1.653182356,-0.434099553064449,-0.569088573408485,1.50501183810945
-35.2859497070313,16.78466796875,-323.715209960938,-40.3594970703125,-12.4740600585938,-321.35009765625,1.11907076835632,-9.72300815582275,0.225397616624832,0.0819314941763878,0.0120026925578713,-0.0476926006376743,-0.806831955909729,-5.38951873779297,7.64826345443726,0.0571533963084221,-0.0638535395264626,0.0611815303564072,0.0894016847014427,-9.58807754516602,-1.87075006961823,-0.287556886672974,-0.209009990096092,0.021082641556859,-0.89620715379715,-9.60173606872559,1.99511158466339,0.652690351009369,0.00212428718805313,0.0236653126776218,14.511609715,5.52284692,-1.65318168,-0.432992232915461,-0.568708174204205,1.50657456689397
-35.552978515625,16.78466796875,-324.0966796875,-39.7491455078125,-12.7410888671875,-321.197509765625,1.11445963382721,-9.72135543823242,0.229436054825783,0.0819101184606552,0.0112007008865476,-0.047529261559248,-0.807475209236145,-5.39230823516846,7.64716768264771,0.0571680888533592,-0.063883937895298,0.0611297525465488,0.0855000242590904,-9.58395385742188,-1.86544013023376,-0.289851009845734,-0.207191199064255,0.0220286194235086,-0.907607138156891,-9.58950805664063,2.00424027442932,0.655493199825287,0.00222449866123497,0.0244523137807846,14.5116097345,5.522846896,-1.653181004,-0.431884912766472,-0.568327774999925,1.5081372956785
-35.6292724609375,16.78466796875,-324.172973632813,-39.2913818359375,-12.8555297851563,-320.73974609375,1.11004114151001,-9.72177028656006,0.234380796551704,0.0820203647017479,0.0109121529385448,-0.0474751591682434,-0.810766994953156,-5.39350700378418,7.64408922195435,0.0572355799376965,-0.0639447346329689,0.0610936842858791,0.0821756422519684,-9.57934284210205,-1.85861074924469,-0.291783660650253,-0.205481663346291,0.0229745805263519,-0.91944408416748,-9.58035564422607,2.00342464447021,0.658470690250397,0.00223583984188735,0.0255018305033445,14.511609754,5.522846872,-1.653180328,-0.430777592617484,-0.567947375795646,1.50970002446302
-35.70556640625,16.78466796875,-324.249267578125,-38.8336181640625,-12.969970703125,-320.281982421875,1.10562252998352,-9.7221851348877,0.239325538277626,0.0821306183934212,0.0106236049905419,-0.0474210567772388,-0.814058721065521,-5.3947057723999,7.64101076126099,0.0573030672967434,-0.0640055313706398,0.0610576160252094,0.0788512602448463,-9.57473182678223,-1.85178124904633,-0.293716281652451,-0.203772127628326,0.0239205397665501,-0.93128103017807,-9.57120323181152,2.00260901451111,0.661448240280151,0.00224718102253973,0.0265513490885496,14.5116097735,5.522846848,-1.653179652,-0.429670272468495,-0.567566976591366,1.51126275324755
-35.400390625,16.632080078125,-323.79150390625,-38.7954711914063,-13.0844116210938,-320.281982421875,1.10120403766632,-9.72259998321533,0.244270280003548,0.0822408720850945,0.0103350579738617,-0.0473669543862343,-0.817350506782532,-5.39590454101563,7.63793230056763,0.0573705546557903,-0.0640663206577301,0.0610215477645397,0.0755268856883049,-9.5701208114624,-1.84495186805725,-0.29564893245697,-0.202062591910362,0.0248665008693933,-0.94311797618866,-9.56205081939697,2.001793384552,0.664425730705261,0.00225852220319211,0.0276008658111095,14.511609793,5.522846824,-1.653178976,-0.428562952319507,-0.567186577387086,1.51282548203207
-35.09521484375,16.4794921875,-323.333740234375,-38.75732421875,-13.1988525390625,-320.281982421875,1.09678542613983,-9.72301483154297,0.249215021729469,0.0823511183261871,0.0100465100258589,-0.0473128519952297,-0.820642232894897,-5.39710330963135,7.63485383987427,0.0574380457401276,-0.064127117395401,0.06098547950387,0.0722025036811829,-9.56550979614258,-1.83812236785889,-0.297581553459167,-0.200353056192398,0.0258124601095915,-0.954954922199249,-9.55289840698242,2.0009777545929,0.667403221130371,0.00226986338384449,0.0286503825336695,14.5116098125,5.5228468,-1.6531783,-0.427455632170518,-0.566806178182807,1.5143882108166
-34.9044799804688,16.2887573242188,-323.715209960938,-39.1769409179688,-13.3132934570313,-320.663452148438,1.09236681461334,-9.72342967987061,0.25415974855423,0.0824613720178604,0.00975796207785606,-0.0472587496042252,-0.823933959007263,-5.39830207824707,7.63177537918091,0.0575055330991745,-0.0641879141330719,0.0609494112432003,0.0688781216740608,-9.56089878082275,-1.83129286766052,-0.299514204263687,-0.198643535375595,0.0267584212124348,-0.966791808605194,-9.54374599456787,2.00016212463379,0.670380711555481,0.00228120456449687,0.0296999011188745,14.511609832,5.522846776,-1.653177624,-0.42634831202153,-0.566425778978527,1.51595093960112
-34.7137451171875,16.0980224609375,-324.0966796875,-39.5965576171875,-13.427734375,-321.044921875,1.08794832229614,-9.72384452819824,0.259104490280151,0.0825716257095337,0.00946941412985325,-0.0472046472132206,-0.827225744724274,-5.39950084686279,7.62869691848755,0.0575730204582214,-0.0642487108707428,0.0609133429825306,0.0655537471175194,-9.55628776550293,-1.82446348667145,-0.301446825265884,-0.196933999657631,0.0277043804526329,-0.978628754615784,-9.53459358215332,1.99934649467468,0.673358201980591,0.00229254574514925,0.0307494178414345,14.5116098515,5.522846752,-1.653176948,-0.425240991872541,-0.566045379774247,1.51751366838565
-34.4085693359375,15.6784057617188,-324.172973632813,-40.2069091796875,-13.3895874023438,-321.121215820313,1.08352971076965,-9.72425937652588,0.264049232006073,0.0826818719506264,0.00918086618185043,-0.047150544822216,-0.830517470836639,-5.40069961547852,7.62561845779419,0.0576405115425587,-0.0643095076084137,0.0608772709965706,0.0622293651103973,-9.55167675018311,-1.81763398647308,-0.303379476070404,-0.195224463939667,0.0286503415554762,-0.990465700626373,-9.52544116973877,1.99853098392487,0.676335752010345,0.00230388715863228,0.0317989364266396,14.511609871,5.522846728,-1.653176272,-0.424133671723553,-0.565664980569967,1.51907639717017
-34.1033935546875,15.2587890625,-324.249267578125,-40.8172607421875,-13.3514404296875,-321.197509765625,1.07911121845245,-9.72467422485352,0.268993973731995,0.0827921256422997,0.00889231823384762,-0.0470964424312115,-0.83380925655365,-5.40189838409424,7.62253999710083,0.0577079989016056,-0.0643703043460846,0.0608412027359009,0.0589049868285656,-9.54706573486328,-1.81080460548401,-0.305312097072601,-0.193514928221703,0.0295963007956743,-1.00230264663696,-9.51628875732422,1.99771535396576,0.679313242435455,0.00231522833928466,0.0328484512865543,14.5116098905,5.522846704,-1.653175596,-0.423026351574565,-0.565284581365688,1.5206391259547
-34.2559814453125,15.106201171875,-324.249267578125,-40.9698486328125,-13.3132934570313,-321.197509765625,1.07469260692596,-9.72509002685547,0.273938715457916,0.0829023718833923,0.0086037702858448,-0.0470423363149166,-0.837100982666016,-5.40309715270996,7.61946153640747,0.0577754899859428,-0.0644311010837555,0.0608051344752312,0.0555806048214436,-9.54245567321777,-1.80397510528564,-0.307244747877121,-0.191805392503738,0.0305422618985176,-1.01413953304291,-9.50713634490967,1.99689972400665,0.682290732860565,0.00232656951993704,0.0338979698717594,14.51160991,5.52284668,-1.65317492,-0.421919031425576,-0.564904182161408,1.52220185473923
-34.4085693359375,14.95361328125,-324.249267578125,-41.1224365234375,-13.275146484375,-321.197509765625,1.07027411460876,-9.72550487518311,0.278883457183838,0.0830126255750656,0.00831522326916456,-0.046988233923912,-0.840392768383026,-5.40429592132568,7.61638307571411,0.0578429773449898,-0.0644918903708458,0.0607690662145615,0.0522562265396118,-9.53784465789795,-1.79714572429657,-0.309177368879318,-0.190095856785774,0.0314882211387157,-1.02597653865814,-9.49798393249512,1.99608409404755,0.685268223285675,0.00233791070058942,0.0349474884569645,14.5116099765,5.522846625,-1.653173987,-0.420295393581368,-0.563960741619398,1.52319238430842
-34.8281860351563,14.801025390625,-323.867797851563,-40.58837890625,-13.2369995117188,-320.73974609375,1.06585550308228,-9.72591972351074,0.28382819890976,0.0831228792667389,0.00802667532116175,-0.0469341315329075,-0.843684494495392,-5.40549468994141,7.61330461502075,0.0579104647040367,-0.0645526871085167,0.0607329979538918,0.0489318482577801,-9.53323364257813,-1.79031622409821,-0.311110019683838,-0.188386335968971,0.0324341803789139,-1.03781342506409,-9.48883152008057,1.99526858329773,0.68824577331543,0.0023492518812418,0.0359970070421696,14.511610043,5.52284657,-1.653173054,-0.418671755737162,-0.563017301077389,1.52418291387761
-35.247802734375,14.6484375,-323.486328125,-40.0543212890625,-13.1988525390625,-320.281982421875,1.06143701076508,-9.72633457183838,0.288772940635681,0.0832331255078316,0.00773812737315893,-0.0468800291419029,-0.846976280212402,-5.40669345855713,7.61022615432739,0.0579779557883739,-0.0646134838461876,0.060696929693222,0.045607466250658,-9.5286226272583,-1.78348684310913,-0.313042640686035,-0.186676800251007,0.0333801433444023,-1.04965043067932,-9.47967910766602,1.99445295333862,0.69122326374054,0.00236059306189418,0.0370465219020844,14.5116101095,5.522846515,-1.653172121,-0.417048117892954,-0.562073860535379,1.52517344344681
-35.6674194335938,14.7628784179688,-322.647094726563,-39.4439697265625,-12.969970703125,-319.290161132813,1.05701839923859,-9.72674942016602,0.293717682361603,0.0833433791995049,0.00744957942515612,-0.0468259267508984,-0.850268006324768,-5.40789222717285,7.60714769363403,0.0580454431474209,-0.0646742805838585,0.0606608614325523,0.0422830879688263,-9.52401161193848,-1.77665734291077,-0.314975291490555,-0.184967264533043,0.0343261025846004,-1.06148731708527,-9.47052669525146,1.99363732337952,0.694200754165649,0.00237193424254656,0.0380960404872894,14.511610176,5.52284646,-1.653171188,-0.415424480048747,-0.561130419993369,1.526163973016
-36.0870361328125,14.8773193359375,-321.807861328125,-38.8336181640625,-12.7410888671875,-318.29833984375,1.05002665519714,-9.72754001617432,0.296110272407532,0.0833974853157997,0.00678082881495357,-0.046643540263176,-0.856135547161102,-5.40084028244019,7.59818983078003,0.0588718578219414,-0.0651178881525993,0.060417678207159,0.0375307127833366,-9.52432441711426,-1.76858055591583,-0.315919250249863,-0.183858960866928,0.034907303750515,-1.06818735599518,-9.45979499816895,1.98005950450897,0.696284413337708,0.00229310290887952,0.039625246077776,14.5116102425,5.522846405,-1.653170255,-0.41380084220454,-0.560186979451359,1.52715450258519
-35.858154296875,14.9917602539063,-321.502685546875,-38.7191772460938,-12.6266479492188,-318.069458007813,1.04303479194641,-9.72833061218262,0.298502862453461,0.0834515914320946,0.0061120786704123,-0.0464611537754536,-0.862003028392792,-5.39378833770752,7.58923244476318,0.0596982687711716,-0.0655614882707596,0.060174498707056,0.0327783338725567,-9.52463722229004,-1.76050364971161,-0.316863179206848,-0.182750672101974,0.0354885086417198,-1.0748872756958,-9.44906425476074,1.96648168563843,0.698368072509766,0.00221427180804312,0.0411544516682625,14.511610309,5.52284635,-1.653169322,-0.412177204360332,-0.559243538909349,1.52814503215439
-35.6292724609375,15.106201171875,-321.197509765625,-38.604736328125,-12.51220703125,-317.840576171875,1.03604304790497,-9.72912120819092,0.30089545249939,0.0835056975483894,0.00544332806020975,-0.0462787672877312,-0.867870569229126,-5.38673639297485,7.58027458190918,0.0605246834456921,-0.0660050958395004,0.0599313154816628,0.028025958687067,-9.52495002746582,-1.75242686271667,-0.317807137966156,-0.18164236843586,0.0360697098076344,-1.08158731460571,-9.43833255767822,1.95290386676788,0.700451731681824,0.00213544047437608,0.0426836609840393,14.5116103755,5.522846295,-1.653168389,-0.410553566516125,-0.55830009836734,1.52913556172358
-35.2096557617188,15.3350830078125,-321.35009765625,-39.1006469726563,-12.2451782226563,-317.764282226563,1.02905118465424,-9.72991180419922,0.303288042545319,0.0835598111152649,0.0047745774500072,-0.0460963808000088,-0.87373811006546,-5.37968444824219,7.57131719589233,0.0613510943949223,-0.0664486959576607,0.0596881322562695,0.0232735816389322,-9.5252628326416,-1.74434995651245,-0.318751066923141,-0.180534079670906,0.0366509109735489,-1.08828735351563,-9.42760181427002,1.93932604789734,0.702535390853882,0.00205660914070904,0.0442128665745258,14.511610442,5.52284624,-1.653167456,-0.408929928671917,-0.55735665782533,1.53012609129278
-34.7900390625,15.56396484375,-321.502685546875,-39.5965576171875,-11.9781494140625,-317.68798828125,1.02205944061279,-9.7307014465332,0.305680632591248,0.0836139172315598,0.00410582730546594,-0.0459139943122864,-0.87960559129715,-5.37263250350952,7.56235933303833,0.0621775090694427,-0.0668923035264015,0.0594449527561665,0.0185212045907974,-9.52557563781738,-1.73627316951752,-0.319695025682449,-0.179425776004791,0.0372321121394634,-1.09498727321625,-9.4168701171875,1.9257481098175,0.70461905002594,0.001977777807042,0.0457420721650124,14.5116105085,5.522846185,-1.653166523,-0.407306290827711,-0.55641321728332,1.53111662086197
-34.2941284179688,15.9454345703125,-322.189331054688,-40.0924682617188,-12.2451782226563,-318.374633789063,1.01506757736206,-9.7314920425415,0.308073222637177,0.0836680233478546,0.00343707669526339,-0.045731607824564,-0.885473132133484,-5.36558055877686,7.55340194702148,0.0630039200186729,-0.0673359036445618,0.0592017695307732,0.0137688284739852,-9.52588844299316,-1.72819626331329,-0.320638954639435,-0.178317472338676,0.0378133170306683,-1.10168731212616,-9.4061393737793,1.91217029094696,0.706702709197998,0.00189894670620561,0.0472712777554989,14.511610575,5.52284613,-1.65316559,-0.405682652983503,-0.55546977674131,1.53210715043116
-33.7982177734375,16.326904296875,-322.8759765625,-40.58837890625,-12.51220703125,-319.061279296875,1.00807583332062,-9.7322826385498,0.310465812683105,0.0837221294641495,0.00276832631789148,-0.0455492213368416,-0.891340672969818,-5.35852861404419,7.54444408416748,0.0638303384184837,-0.0677795112133026,0.0589585863053799,0.00901645235717297,-9.52620029449463,-1.72011947631836,-0.321582913398743,-0.177209183573723,0.0383945181965828,-1.10838723182678,-9.39540767669678,1.89859247207642,0.708786308765411,0.00182011537253857,0.0488004833459854,14.5116106415,5.522846075,-1.653164657,-0.404059015139295,-0.5545263361993,1.53309768000036
-33.87451171875,16.4794921875,-323.104858398438,-40.435791015625,-12.7410888671875,-319.137573242188,1.00108397006989,-9.73307323455811,0.312858402729034,0.0837762355804443,0.00209957570768893,-0.0453668348491192,-0.897208154201508,-5.35147666931152,7.53548669815063,0.0646567493677139,-0.0682231113314629,0.0587154068052769,0.00426407530903816,-9.52651309967041,-1.71204257011414,-0.322526842355728,-0.176100879907608,0.0389757193624973,-1.11508727073669,-9.38467693328857,1.88501465320587,0.710869967937469,0.00174128415528685,0.0503296889364719,14.511610708,5.52284602,-1.653163724,-0.402435377295089,-0.553582895657291,1.53408820956955
-33.9508056640625,16.632080078125,-323.333740234375,-40.283203125,-12.969970703125,-319.2138671875,0.994092226028442,-9.73386383056641,0.315250992774963,0.0838303416967392,0.00143082533031702,-0.0451844483613968,-0.903075695037842,-5.34442472457886,7.52652883529663,0.0654831603169441,-0.0686667189002037,0.0584722235798836,-0.000488301098812371,-9.52682590484619,-1.7039657831192,-0.323470801115036,-0.174992591142654,0.0395569205284119,-1.12178730964661,-9.37394523620605,1.87143683433533,0.712953627109528,0.00166245282161981,0.0518588982522488,14.5116107745,5.522845965,-1.653162791,-0.400811739450881,-0.552639455115281,1.53507873913875
-34.48486328125,16.7083740234375,-323.486328125,-39.5965576171875,-13.0462646484375,-319.51904296875,0.987100422382355,-9.73465442657471,0.317643582820892,0.0838844478130341,0.000762074894737452,-0.0450020618736744,-0.908943235874176,-5.33737277984619,7.51757097244263,0.0663095712661743,-0.0691103264689445,0.0582290403544903,-0.00524067785590887,-9.52713871002197,-1.69588887691498,-0.324414759874344,-0.17388428747654,0.0401381254196167,-1.12848722934723,-9.36321449279785,1.85785901546478,0.715037286281586,0.00158362160436809,0.0533881038427353,14.511610841,5.52284591,-1.653161858,-0.399188101606674,-0.551696014573271,1.53606926870794
-35.0189208984375,16.78466796875,-323.638916015625,-38.909912109375,-13.12255859375,-319.82421875,0.980108618736267,-9.73544502258301,0.320036172866821,0.0839385613799095,9.33244227780961e-05,-0.044819675385952,-0.914810717105865,-5.33032083511353,7.50861358642578,0.0671359896659851,-0.0695539265871048,0.0579858608543873,-0.0099930539727211,-9.52745151519775,-1.68781208992004,-0.325358688831329,-0.172775983810425,0.0407193265855312,-1.13518726825714,-9.35248279571533,1.84428119659424,0.717120945453644,0.00150479038711637,0.0549173094332218,14.5116109075,5.522845855,-1.653160925,-0.397564463762467,-0.550752574031261,1.53705979827713
-35.3240966796875,16.8228149414063,-323.18115234375,-38.4521484375,-13.1607055664063,-319.747924804688,0.973116815090179,-9.73623561859131,0.32242876291275,0.0839926674962044,-0.000575426034629345,-0.0446372888982296,-0.9206782579422,-5.32326889038086,7.49965572357178,0.0679624006152153,-0.0699975341558456,0.057742677628994,-0.0147454310208559,-9.52776432037354,-1.67973518371582,-0.326302647590637,-0.171667695045471,0.0413005277514458,-1.14188730716705,-9.34175205230713,1.83070337772369,0.719204604625702,0.00142595905344933,0.0564465150237083,14.511610974,5.5228458,-1.653159992,-0.395940825918259,-0.549809133489251,1.53805032784633
-35.6292724609375,16.8609619140625,-322.723388671875,-37.994384765625,-13.1988525390625,-319.671630859375,0.966125011444092,-9.73702621459961,0.324821352958679,0.0840467736124992,-0.00124417652841657,-0.0444549024105072,-0.926545798778534,-5.31621694564819,7.49069833755493,0.0687888115644455,-0.0704411342740059,0.0574994944036007,-0.0194978080689907,-9.52807712554932,-1.67165839672089,-0.327246576547623,-0.170559391379356,0.0418817289173603,-1.14858722686768,-9.33102035522461,1.81712555885315,0.72128826379776,0.00134712783619761,0.0579757206141949,14.5116110405,5.522845745,-1.653159059,-0.394317188074052,-0.548865692947242,1.53904085741552
-35.7818603515625,16.7465209960938,-322.189331054688,-37.9180908203125,-13.275146484375,-318.527221679688,0.960232019424438,-9.73627090454102,0.32604318857193,0.0838610529899597,-0.00204251054674387,-0.044397447258234,-0.925929546356201,-5.30980205535889,7.48180103302002,0.0695624276995659,-0.0709084421396255,0.0573418326675892,-0.0228929370641708,-9.53021430969238,-1.66477191448212,-0.327860504388809,-0.169805839657784,0.0420744568109512,-1.15213561058044,-9.3210334777832,1.8047217130661,0.722780704498291,0.00142028101254255,0.0594464465975761,14.511611107,5.52284569,-1.653158126,-0.392693550229845,-0.547922252405232,1.54003138698472
-35.9344482421875,16.632080078125,-321.6552734375,-37.841796875,-13.3514404296875,-317.3828125,0.955437779426575,-9.73397159576416,0.326094269752502,0.0834354981780052,-0.00297042820602655,-0.0444649271667004,-0.918829500675201,-5.30402517318726,7.47296380996704,0.0702832415699959,-0.0713994577527046,0.0572696886956692,-0.0249308198690414,-9.53417587280273,-1.65907597541809,-0.328144431114197,-0.169407024979591,0.041878703981638,-1.15253221988678,-9.31179046630859,1.79349207878113,0.72368186712265,0.00164541881531477,0.0608586929738522,14.5116111735,5.522845635,-1.653157193,-0.391069912385638,-0.546978811863222,1.54102191655391
-36.0488891601563,16.2124633789063,-321.35009765625,-38.2614135742188,-13.3895874023438,-317.001342773438,0.950643539428711,-9.7316722869873,0.326145321130753,0.0830099433660507,-0.00389834609813988,-0.0445324033498764,-0.911729514598846,-5.29824781417847,7.46412658691406,0.0710040628910065,-0.0718904659152031,0.0571975447237492,-0.026968702673912,-9.53813743591309,-1.65337991714478,-0.328428328037262,-0.16900822520256,0.041682954877615,-1.1529289484024,-9.30254745483398,1.78226244449615,0.724583029747009,0.00187055661808699,0.0622709393501282,14.51161124,5.52284558,-1.65315626,-0.38944627454143,-0.546035371321212,1.5420124461231
-36.163330078125,15.7928466796875,-321.044921875,-38.6810302734375,-13.427734375,-316.619873046875,0.945849359035492,-9.72937297821045,0.326196402311325,0.0825843885540962,-0.00482626399025321,-0.0445998832583427,-0.904629468917847,-5.29247093200684,7.45528936386108,0.0717248767614365,-0.0723814815282822,0.0571254007518291,-0.0290065873414278,-9.54209995269775,-1.64768397808075,-0.32871225476265,-0.168609410524368,0.0414872020483017,-1.15332555770874,-9.29330539703369,1.77103269100189,0.725484192371368,0.00209569442085922,0.0636831820011139,14.511611274,5.5228455585,-1.6531562645,-0.388434761761815,-0.545577622464463,1.5419451158932
-35.9725952148438,15.4495239257813,-320.892333984375,-38.9480590820313,-13.427734375,-316.696166992188,0.941055119037628,-9.72707366943359,0.326247483491898,0.0821588337421417,-0.00575418164953589,-0.0446673631668091,-0.897529423236847,-5.28669357299805,7.44645261764526,0.0724456906318665,-0.0728724971413612,0.0570532567799091,-0.0310444701462984,-9.54606151580811,-1.64198803901672,-0.328996151685715,-0.168210595846176,0.0412914529442787,-1.15372228622437,-9.28406238555908,1.75980305671692,0.726385414600372,0.00232083210721612,0.0650954321026802,14.511611308,5.522845537,-1.653156269,-0.387423248982201,-0.545119873607714,1.54187778566329
-35.7818603515625,15.106201171875,-320.73974609375,-39.215087890625,-13.427734375,-316.7724609375,0.936260879039764,-9.72477340698242,0.326298534870148,0.0817332789301872,-0.00668209930881858,-0.0447348430752754,-0.890429437160492,-5.28091621398926,7.43761539459229,0.0731665045022964,-0.0733635053038597,0.0569811128079891,-0.0330823510885239,-9.55002307891846,-1.63629198074341,-0.329280078411102,-0.167811781167984,0.0410957001149654,-1.1541188955307,-9.27481937408447,1.74857342243195,0.727286577224731,0.00254596979357302,0.0665076747536659,14.511611342,5.5228455155,-1.6531562735,-0.386411736202586,-0.544662124750964,1.54181045543339
-35.5148315429688,14.8391723632813,-320.663452148438,-39.4439697265625,-13.3895874023438,-317.001342773438,0.931466639041901,-9.72247409820557,0.32634961605072,0.0813077241182327,-0.00761001696810126,-0.0448023229837418,-0.883329391479492,-5.27513933181763,7.42877817153931,0.0738873183727264,-0.0738545209169388,0.0569089688360691,-0.0351202338933945,-9.55398464202881,-1.63059604167938,-0.329563975334167,-0.167412966489792,0.0408999510109425,-1.15451562404633,-9.26557636260986,1.73734366893768,0.728187739849091,0.00277110771276057,0.0679199174046516,14.511611376,5.522845494,-1.653156278,-0.385400223422972,-0.544204375894215,1.54174312520348
-35.247802734375,14.5721435546875,-320.587158203125,-39.6728515625,-13.3514404296875,-317.230224609375,0.926672399044037,-9.72017478942871,0.326400697231293,0.0808821693062782,-0.00853793509304523,-0.0448697991669178,-0.876229405403137,-5.26936197280884,7.41994094848633,0.074608139693737,-0.0743455290794373,0.0568368211388588,-0.0371581204235554,-9.55794620513916,-1.62489998340607,-0.329847902059555,-0.167014166712761,0.0407041981816292,-1.15491223335266,-9.25633335113525,1.72611403465271,0.72908890247345,0.00299624539911747,0.069332167506218,14.51161141,5.5228454725,-1.6531562825,-0.384388710643357,-0.543746627037465,1.54167579497358
-35.1333618164063,14.4195556640625,-320.587158203125,-39.2913818359375,-13.2369995117188,-317.153930664063,0.921878159046173,-9.71787548065186,0.326451748609543,0.0804566144943237,-0.00946585275232792,-0.0449372790753841,-0.869129359722137,-5.26358509063721,7.41110420227051,0.075328953564167,-0.0748365446925163,0.0567646771669388,-0.039196003228426,-9.56190776824951,-1.61920404434204,-0.33013179898262,-0.166615352034569,0.0405084490776062,-1.15530896186829,-9.24709033966064,1.71488440036774,0.729990124702454,0.00322138308547437,0.0707444101572037,14.511611444,5.522845451,-1.653156287,-0.383377197863742,-0.543288878180716,1.54160846474368
-35.0189208984375,14.2669677734375,-320.587158203125,-38.909912109375,-13.12255859375,-317.07763671875,0.917083919048309,-9.715576171875,0.326502829790115,0.0800310596823692,-0.0103937704116106,-0.0450047589838505,-0.862029314041138,-5.25780773162842,7.40226697921753,0.076049767434597,-0.0753275603055954,0.0566925331950188,-0.0412338860332966,-9.56586933135986,-1.61350810527802,-0.330415725708008,-0.166216537356377,0.0403126962482929,-1.15570557117462,-9.23784732818604,1.70365464687347,0.730891287326813,0.00344652100466192,0.07215666025877,14.511611478,5.5228454295,-1.6531562915,-0.382365685084127,-0.542831129323966,1.54154113451377
-35.2096557617188,14.4195556640625,-321.273803710938,-38.604736328125,-13.12255859375,-316.848754882813,0.91228973865509,-9.71327686309814,0.326553910970688,0.0796055048704147,-0.0113216880708933,-0.0450722388923168,-0.854929327964783,-5.25203084945679,7.39342975616455,0.076770581305027,-0.0758185684680939,0.0566203892230988,-0.0432717688381672,-9.56983184814453,-1.6078120470047,-0.330699622631073,-0.165817722678185,0.0401169471442699,-1.15610229969025,-9.22860527038574,1.6924250125885,0.731792449951172,0.00367165869101882,0.0735689029097557,14.511611512,5.522845408,-1.653156296,-0.381354172304512,-0.542373380467217,1.54147380428387
-35.400390625,14.5721435546875,-321.96044921875,-38.299560546875,-13.12255859375,-316.619873046875,0.907495498657227,-9.71097660064697,0.32660499215126,0.0791799500584602,-0.012249605730176,-0.0451397150754929,-0.847829282283783,-5.246253490448,7.38459253311157,0.0774914026260376,-0.0763095840811729,0.0565482452511787,-0.0453096516430378,-9.57379341125488,-1.60211610794067,-0.330983549356461,-0.165418922901154,0.0399211943149567,-1.15649890899658,-9.21936225891113,1.68119537830353,0.732693612575531,0.00389679637737572,0.0749811455607414,14.511611546,5.5228453865,-1.6531563005,-0.380342659524898,-0.541915631610467,1.54140647405396
-35.5148315429688,14.7628784179688,-322.647094726563,-38.4140014648438,-13.0844116210938,-316.390991210938,0.902701258659363,-9.70867729187012,0.32665604352951,0.0787543952465057,-0.0131775233894587,-0.0452071949839592,-0.840729296207428,-5.24047660827637,7.37575578689575,0.0782122164964676,-0.0768005922436714,0.0564761012792587,-0.0473475344479084,-9.57775497436523,-1.59642004966736,-0.331267446279526,-0.165020108222961,0.0397254452109337,-1.15689563751221,-9.21011924743652,1.66996562480927,0.733594834804535,0.00412193406373262,0.0763933956623077,14.51161158,5.522845365,-1.653156305,-0.379331146745283,-0.541457882753718,1.54133914382406
-35.6292724609375,14.95361328125,-323.333740234375,-38.5284423828125,-13.0462646484375,-316.162109375,0.897907018661499,-9.70637798309326,0.326707124710083,0.0783288404345512,-0.0141054410487413,-0.0452746748924255,-0.833629250526428,-5.23469924926758,7.36691856384277,0.0789330303668976,-0.0772916078567505,0.0564039573073387,-0.049385417252779,-9.58171653747559,-1.59072411060333,-0.331551373004913,-0.164621293544769,0.0395296923816204,-1.15729224681854,-9.20087623596191,1.65873599052429,0.734495997428894,0.00434707198292017,0.0778056383132935,14.511611614,5.5228453435,-1.6531563095,-0.378319633965668,-0.541000133896969,1.54127181359415
-35.3622436523438,15.2587890625,-322.799682617188,-38.6810302734375,-13.0462646484375,-316.314697265625,0.890996277332306,-9.70865631103516,0.326625972986221,0.0781417787075043,-0.0143826929852366,-0.0453715473413467,-0.841507911682129,-5.24669313430786,7.37864780426025,0.0799284651875496,-0.0779469907283783,0.0561607778072357,-0.0493553578853607,-9.58742237091064,-1.58958780765533,-0.331769824028015,-0.164324000477791,0.0388315506279469,-1.14911603927612,-9.19619274139404,1.64606881141663,0.734214723110199,0.00496638007462025,0.0782946720719337,14.511611648,5.522845322,-1.653156314,-0.377308121186054,-0.540542385040219,1.54120448336425
-35.09521484375,15.56396484375,-322.265625,-38.8336181640625,-13.0462646484375,-316.46728515625,0.884085595607758,-9.71093463897705,0.326544791460037,0.0779547169804573,-0.0146599449217319,-0.0454684160649776,-0.849386513233185,-5.25868701934814,7.39037704467773,0.0809239000082016,-0.0786023736000061,0.0559175983071327,-0.0493252985179424,-9.59312725067139,-1.58845162391663,-0.331988304853439,-0.164026707410812,0.0381334088742733,-1.1409398317337,-9.19151020050049,1.63340175151825,0.733933508396149,0.00558568816632032,0.078783705830574,14.511611682,5.5228453005,-1.6531563185,-0.376296608406439,-0.54008463618347,1.54113715313434
-34.7518920898438,16.17431640625,-321.6552734375,-38.8717651367188,-13.3895874023438,-316.925048828125,0.877174854278564,-9.71321392059326,0.326463639736176,0.0777676552534103,-0.0149371968582273,-0.0455652885138988,-0.857265174388885,-5.27068042755127,7.40210628509521,0.0819193422794342,-0.0792577564716339,0.0556744150817394,-0.0492952354252338,-9.59883308410645,-1.58731532096863,-0.332206755876541,-0.163729399442673,0.0374352671205997,-1.13276350498199,-9.18682670593262,1.62073457241058,0.733652234077454,0.00620499579235911,0.0792727321386337,14.511611716,5.522845279,-1.653156323,-0.375285095626824,-0.53962688732672,1.54106982290444
-34.4085693359375,16.78466796875,-321.044921875,-38.909912109375,-13.73291015625,-317.3828125,0.870264172554016,-9.71549224853516,0.326382488012314,0.0775805935263634,-0.0152144487947226,-0.0456621609628201,-0.865143835544586,-5.28267431259155,7.4138355255127,0.0829147771000862,-0.0799131467938423,0.0554312355816364,-0.0492651760578156,-9.60453796386719,-1.58617913722992,-0.332425206899643,-0.163432106375694,0.0367371290922165,-1.12458729743958,-9.18214321136475,1.60806739330292,0.733370959758759,0.00682430388405919,0.079761765897274,14.51161175,5.5228452575,-1.6531563275,-0.374273582847209,-0.539169138469971,1.54100249267453
-34.3704223632813,16.8991088867188,-320.510864257813,-39.215087890625,-13.8473510742188,-317.459106445313,0.863353431224823,-9.71777057647705,0.32630130648613,0.0773935317993164,-0.0154917007312179,-0.045759029686451,-0.873022437095642,-5.29466819763184,7.42556476593018,0.0839102119207382,-0.0805685296654701,0.0551880560815334,-0.0492351166903973,-9.61024379730225,-1.58504283428192,-0.332643657922745,-0.163134813308716,0.0360389873385429,-1.11641108989716,-9.17745971679688,1.59540033340454,0.733089745044708,0.00744361197575927,0.0802507996559143,14.511611784,5.522845236,-1.653156332,-0.373262070067594,-0.538711389613221,1.54093516244463
-34.332275390625,17.0135498046875,-319.976806640625,-39.520263671875,-13.9617919921875,-317.535400390625,0.856442749500275,-9.72004890441895,0.326220154762268,0.0772064700722694,-0.0157689526677132,-0.0458559021353722,-0.880901098251343,-5.30666208267212,7.43729400634766,0.0849056467413902,-0.0812239125370979,0.0549448765814304,-0.049205057322979,-9.61594867706299,-1.58390665054321,-0.332862138748169,-0.162837520241737,0.0353408455848694,-1.10823488235474,-9.17277717590332,1.58273315429688,0.732808470726013,0.00806291960179806,0.0807398334145546,14.511611818,5.5228452145,-1.6531563365,-0.37225055728798,-0.538253640756472,1.54086783221472
-34.8281860351563,17.08984375,-320.281982421875,-39.36767578125,-14.1525268554688,-317.459106445313,0.849532008171082,-9.72232723236084,0.326139003038406,0.0770194083452225,-0.016046205535531,-0.0459527708590031,-0.888779699802399,-5.3186559677124,7.44902372360229,0.0859010815620422,-0.0818792954087257,0.0547016933560371,-0.0491749979555607,-9.62165451049805,-1.58277034759521,-0.333080589771271,-0.162540227174759,0.0346427038311958,-1.10005867481232,-9.16809368133545,1.5700660943985,0.732527196407318,0.00868222769349813,0.0812288671731949,14.511611852,5.522845193,-1.653156341,-0.371239044508365,-0.537795891899722,1.54080050198482
-35.3240966796875,17.1661376953125,-320.587158203125,-39.215087890625,-14.34326171875,-317.3828125,0.842621326446533,-9.72460556030273,0.326057821512222,0.0768323466181755,-0.0163234565407038,-0.0460496433079243,-0.896658360958099,-5.33064985275269,7.46075296401978,0.0868965163826942,-0.0825346782803535,0.0544585138559341,-0.0491449385881424,-9.62735939025879,-1.58163416385651,-0.333299040794373,-0.16224293410778,0.0339445620775223,-1.0918824672699,-9.16341018676758,1.55739891529083,0.732245981693268,0.00930153578519821,0.0817179009318352,14.511611886,5.5228451715,-1.6531563455,-0.37022753172875,-0.537338143042973,1.54073317175492
-35.6674194335938,16.937255859375,-321.273803710938,-38.7954711914063,-14.4577026367188,-317.153930664063,0.83571058511734,-9.72688484191895,0.325976669788361,0.0766452848911285,-0.0166007094085217,-0.0461465157568455,-0.9045370221138,-5.34264326095581,7.47248220443726,0.0878919586539268,-0.0831900611519814,0.0542153343558311,-0.0491148754954338,-9.63306522369385,-1.58049786090851,-0.333517521619797,-0.161945626139641,0.0332464203238487,-1.08370614051819,-9.15872669219971,1.54473173618317,0.731964707374573,0.00992084387689829,0.0822069272398949,14.51161192,5.52284515,-1.65315635,-0.369216018949135,-0.536880394186224,1.54066584152501
-36.0107421875,16.7083740234375,-321.96044921875,-38.3758544921875,-14.5721435546875,-316.925048828125,0.828799903392792,-9.72916316986084,0.325895518064499,0.0764582231640816,-0.0168779604136944,-0.0462433844804764,-0.912415623664856,-5.35463714599609,7.48421144485474,0.0888873934745789,-0.0838454440236092,0.0539721548557281,-0.0490848161280155,-9.63877010345459,-1.57936155796051,-0.333735972642899,-0.161648333072662,0.0325482785701752,-1.07552993297577,-9.15404415130615,1.53206467628479,0.731683433055878,0.0105401519685984,0.0826959609985352,14.461199604,5.515192819,-1.646133108,-0.368821953606877,-0.5365579735193,1.53947137635868
-35.9344482421875,16.326904296875,-322.113037109375,-38.1088256835938,-14.5721435546875,-316.314697265625,0.821889162063599,-9.73144149780273,0.325814336538315,0.0762711614370346,-0.0171552132815123,-0.0463402569293976,-0.920294284820557,-5.36663103103638,7.49594068527222,0.0898828282952309,-0.0845008343458176,0.0537289753556252,-0.0490547567605972,-9.64447593688965,-1.5782253742218,-0.333954423666,-0.161351040005684,0.0318501405417919,-1.06735372543335,-9.14936065673828,1.51939749717712,0.731402218341827,0.0111594600602984,0.0831849947571754,14.410787288,5.507540488,-1.639109866,-0.368427888264619,-0.536235552852377,1.53827691119236
-35.858154296875,15.9454345703125,-322.265625,-37.841796875,-14.5721435546875,-315.704345703125,0.81497848033905,-9.73371982574463,0.325733184814453,0.0760840997099876,-0.017432464286685,-0.0464371293783188,-0.928172945976257,-5.37862491607666,7.5076699256897,0.0908782631158829,-0.0851562172174454,0.0534857921302319,-0.0490246973931789,-9.65018081665039,-1.5770890712738,-0.334172904491425,-0.161053746938705,0.0311519987881184,-1.05917751789093,-9.14467716217041,1.50673031806946,0.731120944023132,0.0117787681519985,0.0836740285158157,14.360374972,5.499888157,-1.632086624,-0.36803382292236,-0.535913132185453,1.53708244602603
-35.9344482421875,15.7928466796875,-321.6552734375,-37.6129150390625,-14.3814086914063,-314.94140625,0.808067739009857,-9.73599815368652,0.325652033090591,0.0758970379829407,-0.0177097171545029,-0.0465339981019497,-0.936051547527313,-5.39061880111694,7.51939916610718,0.0918736979365349,-0.0858116000890732,0.0532426126301289,-0.0489946380257607,-9.65588665008545,-1.5759528875351,-0.334391355514526,-0.160756453871727,0.0304538570344448,-1.05100131034851,-9.13999366760254,1.49406325817108,0.730839669704437,0.0123980762436986,0.084163062274456,14.309962656,5.492235826,-1.625063382,-0.367639757580102,-0.535590711518529,1.5358879808597
-36.0107421875,15.6402587890625,-321.044921875,-37.384033203125,-14.190673828125,-314.178466796875,0.801668167114258,-9.73594284057617,0.324790835380554,0.0754601284861565,-0.0180397424846888,-0.046621847897768,-0.937976837158203,-5.39883661270142,7.52674531936646,0.0929232314229012,-0.0864636301994324,0.0528113804757595,-0.0472978129982948,-9.66175365447998,-1.57702600955963,-0.334375649690628,-0.160632520914078,0.0296194460242987,-1.04177010059357,-9.13779354095459,1.48208475112915,0.730453550815582,0.0133360363543034,0.084373839199543,14.25955034,5.484583495,-1.61804014,-0.367245692237844,-0.535268290851606,1.53469351569337
-35.8963012695313,15.2587890625,-320.358276367188,-37.4221801757813,-14.2288208007813,-314.407348632813,0.795779764652252,-9.73355293273926,0.323149621486664,0.0747733637690544,-0.0184225402772427,-0.0467006787657738,-0.933948695659637,-5.40327930450439,7.52970886230469,0.0940268486738205,-0.0871123075485229,0.0521920919418335,-0.0439342260360718,-9.66778373718262,-1.58030843734741,-0.33412578701973,-0.160681962966919,0.0286487638950348,-1.03148412704468,-9.13807582855225,1.47079479694366,0.729962527751923,0.0145926494151354,0.0843063592910767,14.209138024,5.476931164,-1.611016898,-0.366851626895585,-0.534945870184682,1.53349905052704
-35.7818603515625,14.8773193359375,-319.671630859375,-37.4603271484375,-14.2669677734375,-314.63623046875,0.789891362190247,-9.73116397857666,0.321508407592773,0.0740865990519524,-0.0188053380697966,-0.0467795096337795,-0.929920613765717,-5.40772151947021,7.53267240524292,0.0951304733753204,-0.0877609848976135,0.0515728034079075,-0.0405706353485584,-9.67381286621094,-1.58359086513519,-0.333875924348831,-0.16073140501976,0.0276780836284161,-1.02119815349579,-9.13835906982422,1.45950484275818,0.729471504688263,0.0158492624759674,0.0842388793826103,14.158725708,5.469278833,-1.603993656,-0.366457561553327,-0.534623449517759,1.53230458536072
-35.5148315429688,14.6865844726563,-319.900512695313,-38.1088256835938,-14.1525268554688,-315.24658203125,0.784002900123596,-9.72877407073975,0.319867163896561,0.0733998268842697,-0.0191881358623505,-0.0468583405017853,-0.925892531871796,-5.41216421127319,7.53563594818115,0.0962340906262398,-0.0884096622467041,0.0509535148739815,-0.0372070483863354,-9.67984294891357,-1.58687329292297,-0.333626091480255,-0.160780847072601,0.0267074014991522,-1.0109121799469,-9.13864135742188,1.44821488857269,0.728980481624603,0.0171058755367994,0.084171399474144,14.108313392,5.461626502,-1.596970414,-0.366063496211069,-0.534301028850835,1.53111012019439
-35.247802734375,14.495849609375,-320.12939453125,-38.75732421875,-14.0380859375,-315.85693359375,0.778114497661591,-9.72638416290283,0.31822595000267,0.0727130621671677,-0.0195709336549044,-0.046937171369791,-0.92186439037323,-5.41660642623901,7.53859949111938,0.0973377078771591,-0.0890583395957947,0.0503342263400555,-0.0338434614241123,-9.68587303161621,-1.59015572071075,-0.333376228809357,-0.160830289125443,0.0257367212325335,-1.00062608718872,-9.13892364501953,1.4369250535965,0.728489458560944,0.0183624885976315,0.0841039270162582,14.057901076,5.453974171,-1.589947172,-0.365669430868811,-0.533978608183912,1.52991565502806
-35.0189208984375,14.4577026367188,-320.587158203125,-39.4821166992188,-14.1143798828125,-316.46728515625,0.772226095199585,-9.72399425506592,0.31658473610878,0.0720262974500656,-0.0199537314474583,-0.0470159985125065,-0.917836308479309,-5.42104864120483,7.54156303405762,0.0984413325786591,-0.0897070169448853,0.0497149378061295,-0.0304798725992441,-9.69190216064453,-1.59343814849854,-0.333126366138458,-0.160879731178284,0.0247660391032696,-0.990340113639832,-9.1392068862915,1.42563509941101,0.727998435497284,0.0196191016584635,0.0840364471077919,14.00748876,5.44632184,-1.58292393,-0.365275365526552,-0.533656187516988,1.52872118986173
-34.7900390625,14.4195556640625,-321.044921875,-40.2069091796875,-14.190673828125,-317.07763671875,0.766337633132935,-9.721604347229,0.31494352221489,0.0713395327329636,-0.0203365292400122,-0.0470948293805122,-0.913808226585388,-5.42549133300781,7.54452657699585,0.0995449498295784,-0.0903556942939758,0.0490956492722034,-0.0271162837743759,-9.69793224334717,-1.59672057628632,-0.33287650346756,-0.160929173231125,0.0237953588366508,-0.980054140090942,-9.13948917388916,1.41434514522552,0.727507412433624,0.0208757147192955,0.0839689671993256,13.957076444,5.438669509,-1.575900688,-0.364881300184294,-0.533333766850065,1.52752672469541
-34.942626953125,14.6865844726563,-321.35009765625,-40.2450561523438,-14.0380859375,-317.07763671875,0.760449230670929,-9.71921539306641,0.313302308320999,0.0706527680158615,-0.0207193270325661,-0.047173660248518,-0.909780085086823,-5.42993354797363,7.54749011993408,0.100648574531078,-0.0910043716430664,0.0484763607382774,-0.0237526968121529,-9.70396137237549,-1.6000030040741,-0.332626640796661,-0.160978600382805,0.022824676707387,-0.969768106937408,-9.13977146148682,1.40305519104004,0.727016389369965,0.0221323259174824,0.0839014872908592,13.906664128,5.431017178,-1.568877446,-0.364487234842036,-0.533011346183141,1.52633225952908
-35.09521484375,14.95361328125,-321.6552734375,-40.283203125,-13.885498046875,-317.07763671875,0.754560828208923,-9.71682548522949,0.311661094427109,0.0699660032987595,-0.02110212482512,-0.0472524911165237,-0.905752003192902,-5.43437623977661,7.55045366287231,0.101752191781998,-0.091653048992157,0.0478570722043514,-0.0203891079872847,-9.70999145507813,-1.60328543186188,-0.332376778125763,-0.161028042435646,0.0218539964407682,-0.959482133388519,-9.14005470275879,1.39176535606384,0.726525366306305,0.0233889389783144,0.0838340148329735,13.856251812,5.423364847,-1.561854204,-0.364093169499777,-0.532688925516217,1.52513779436275
-35.5148315429688,15.4876708984375,-321.6552734375,-39.4821166992188,-13.9236450195313,-316.543579101563,0.748672366142273,-9.71443557739258,0.310019880533218,0.0692792385816574,-0.021484924480319,-0.0473313219845295,-0.901723861694336,-5.43881845474243,7.55341720581055,0.102855809032917,-0.0923017263412476,0.0472377873957157,-0.0170255191624165,-9.71602153778076,-1.60656785964966,-0.332126915454865,-0.161077484488487,0.0208833143115044,-0.949196100234985,-9.14033699035645,1.38047540187836,0.726034343242645,0.0246455520391464,0.0837665349245071,13.805839496,5.415712516,-1.554830962,-0.363699104157519,-0.532366504849294,1.52394332919642
-35.9344482421875,16.021728515625,-321.6552734375,-38.6810302734375,-13.9617919921875,-316.009521484375,0.742783963680267,-9.71204566955566,0.308378636837006,0.0685924664139748,-0.0218677222728729,-0.0474101528525352,-0.897695779800415,-5.44326114654541,7.55638074874878,0.103959433734417,-0.0929504036903381,0.0466184988617897,-0.0136619322001934,-9.72205066680908,-1.60985028743744,-0.331877082586288,-0.161126926541328,0.0199126340448856,-0.938910126686096,-9.1406192779541,1.36918544769287,0.725543320178986,0.0259021650999784,0.0836990550160408,13.75542718,5.408060185,-1.54780772,-0.363305038815261,-0.53204408418237,1.5227488640301
-35.8200073242188,16.4031982421875,-321.502685546875,-37.689208984375,-13.9999389648438,-315.704345703125,0.736895561218262,-9.70965671539307,0.306737422943115,0.0679057016968727,-0.0222505200654268,-0.0474889799952507,-0.893667697906494,-5.44770336151123,7.55934429168701,0.105063050985336,-0.0935990810394287,0.0459992103278637,-0.0102983433753252,-9.72808074951172,-1.61313271522522,-0.33162721991539,-0.16117636859417,0.0189419519156218,-0.928624093532562,-9.14090156555176,1.35789549350739,0.725052297115326,0.0271587781608105,0.0836315751075745,13.705014864,5.400407854,-1.540784478,-0.362910973473002,-0.531721663515447,1.52155439886377
-35.70556640625,16.78466796875,-321.35009765625,-36.6973876953125,-14.0380859375,-315.399169921875,0.731007099151611,-9.70726680755615,0.305096209049225,0.0672189369797707,-0.0226333178579807,-0.0475678108632565,-0.889639556407928,-5.45214605331421,7.56230783462524,0.106166675686836,-0.0942477583885193,0.0453799217939377,-0.00693475548177958,-9.73410987854004,-1.616415143013,-0.331377357244492,-0.161225810647011,0.017971271649003,-0.918338119983673,-9.14118480682373,1.34660565853119,0.724561274051666,0.0284153912216425,0.0835641026496887,13.654602548,5.392755523,-1.533761236,-0.362516908130744,-0.531399242848523,1.52035993369744
-35.2859497070313,16.632080078125,-321.273803710938,-36.31591796875,-14.3814086914063,-315.399169921875,0.725118696689606,-9.70487689971924,0.303454995155334,0.0665321722626686,-0.0230161156505346,-0.0476466417312622,-0.885611474514008,-5.45658826828003,7.56527137756348,0.107270292937756,-0.0948964357376099,0.0447606332600117,-0.00357116758823395,-9.74013996124268,-1.61969757080078,-0.331127494573593,-0.161275252699852,0.0170005895197392,-0.908052086830139,-9.14146709442139,1.3353157043457,0.724070250988007,0.0296720042824745,0.0834966227412224,13.604190232,5.385103192,-1.526737994,-0.362122842788486,-0.5310768221816,1.51916546853111
-34.8663330078125,16.4794921875,-321.197509765625,-35.9344482421875,-14.7247314453125,-315.399169921875,0.72882491350174,-9.70499706268311,0.301326811313629,0.066272959113121,-0.0232459306716919,-0.0478470586240292,-0.886783719062805,-5.45264768600464,7.57835006713867,0.108069963753223,-0.0950407385826111,0.0445982925593853,-0.000682497455272824,-9.7456226348877,-1.62723636627197,-0.33036857843399,-0.16198006272316,0.0161581635475159,-0.899954199790955,-9.14671516418457,1.32522189617157,0.723171710968018,0.0298750996589661,0.0824878513813019,13.553777916,5.377450861,-1.519714752,-0.361728777446228,-0.530754401514676,1.51797100336479
-34.5993041992188,16.632080078125,-321.197509765625,-36.92626953125,-14.9154663085938,-315.5517578125,0.732531130313873,-9.70511722564697,0.299198657274246,0.0660137534141541,-0.023475743830204,-0.0480474792420864,-0.887955963611603,-5.44870710372925,7.59142875671387,0.108869634568691,-0.0951850414276123,0.0444359518587589,0.00220617256127298,-9.75110530853271,-1.63477516174316,-0.329609662294388,-0.162684857845306,0.0153157357126474,-0.89185631275177,-9.15196418762207,1.31512808799744,0.722273170948029,0.0300781968981028,0.0814790800213814,13.5033656,5.36979853,-1.51269151,-0.361334712103969,-0.530431980847753,1.51677653819846
-34.332275390625,16.78466796875,-321.197509765625,-37.9180908203125,-15.106201171875,-315.704345703125,0.736237347126007,-9.70523738861084,0.297070473432541,0.0657545402646065,-0.0237055588513613,-0.0482478961348534,-0.889128267765045,-5.4447660446167,7.60450744628906,0.109669305384159,-0.0953293442726135,0.0442736111581326,0.00509484298527241,-9.75658798217773,-1.64231383800507,-0.328850746154785,-0.163389667868614,0.0144733097404242,-0.883758425712585,-9.15721225738525,1.3050342798233,0.72137463092804,0.0302812922745943,0.0804703161120415,13.50336521,5.3697985165,-1.512693615,-0.36133951885654,-0.530255841465272,1.51486517043469
-34.7137451171875,16.7465209960938,-321.273803710938,-38.6810302734375,-15.0299072265625,-316.009521484375,0.739943623542786,-9.70535755157471,0.294942289590836,0.0654953271150589,-0.0239353720098734,-0.0484483130276203,-0.890300512313843,-5.44082546234131,7.6175856590271,0.110468976199627,-0.0954736471176147,0.0441112667322159,0.00798351317644119,-9.76207065582275,-1.64985263347626,-0.328091830015182,-0.164094462990761,0.0136308828368783,-0.875660538673401,-9.16246032714844,1.29494047164917,0.720476090908051,0.0304843876510859,0.079461544752121,13.50336482,5.369798503,-1.51269572,-0.361344325609111,-0.530079702082792,1.51295380267092
-35.09521484375,16.7083740234375,-321.35009765625,-39.4439697265625,-14.95361328125,-316.314697265625,0.743649840354919,-9.70547771453857,0.292814135551453,0.0652361214160919,-0.0241651870310307,-0.0486487336456776,-0.89147275686264,-5.43688488006592,7.63066434860229,0.111268647015095,-0.095617949962616,0.0439489260315895,0.01087218336761,-9.76755332946777,-1.65739142894745,-0.32733291387558,-0.164799273014069,0.0127884559333324,-0.867562651634216,-9.16770839691162,1.28484678268433,0.719577550888062,0.0306874830275774,0.0784527733922005,13.50336443,5.3697984895,-1.512697825,-0.361349132361682,-0.529903562700311,1.51104243490715
-35.6674194335938,16.5176391601563,-321.502685546875,-39.2913818359375,-15.0299072265625,-316.46728515625,0.747356057167053,-9.70559787750244,0.290685951709747,0.0649769082665443,-0.0243950020521879,-0.0488491505384445,-0.892645001411438,-5.43294429779053,7.64374303817749,0.112068317830563,-0.0957622528076172,0.0437865853309631,0.0137608535587788,-9.77303600311279,-1.66493022441864,-0.326573997735977,-0.165504083037376,0.0119460290297866,-0.859464764595032,-9.17295742034912,1.27475297451019,0.718679010868073,0.0308905802667141,0.07744400203228,13.50336404,5.369798476,-1.51269993,-0.361353939114253,-0.529727423317831,1.50913106714338
-36.2396240234375,16.326904296875,-321.6552734375,-39.1387939453125,-15.106201171875,-316.619873046875,0.751062273979187,-9.70571804046631,0.288557797670364,0.0647176951169968,-0.0246248152107,-0.0490495674312115,-0.893817245960236,-5.42900323867798,7.65682172775269,0.112867996096611,-0.095906563103199,0.0436242446303368,0.0166495237499475,-9.77851867675781,-1.67246890068054,-0.325815081596375,-0.166208878159523,0.0111036021262407,-0.851366877555847,-9.1782054901123,1.26465916633606,0.717780470848083,0.0310936756432056,0.0764352306723595,13.50336365,5.3697984625,-1.512702035,-0.361358745866824,-0.529551283935351,1.50721969937961
-36.5829467773438,16.17431640625,-321.35009765625,-38.5284423828125,-15.3350830078125,-316.238403320313,0.754768490791321,-9.70583820343018,0.286429613828659,0.0644584894180298,-0.0248546302318573,-0.0492499880492687,-0.894989490509033,-5.42506265640259,7.66990041732788,0.113667666912079,-0.0960508659482002,0.0434619039297104,0.0195381939411163,-9.78400135040283,-1.68000769615173,-0.325056165456772,-0.166913688182831,0.0102611752226949,-0.843268990516663,-9.18345355987549,1.25456535816193,0.716881930828094,0.0312967710196972,0.075426459312439,13.50336326,5.369798449,-1.51270414,-0.361363552619395,-0.52937514455287,1.50530833161584
-36.92626953125,16.021728515625,-321.044921875,-37.9180908203125,-15.56396484375,-315.85693359375,0.758474707603455,-9.70595836639404,0.284301429986954,0.0641992762684822,-0.0250844433903694,-0.0494504049420357,-0.896161794662476,-5.4211220741272,7.68297910690308,0.114467337727547,-0.0961951687932014,0.043299563229084,0.0224268641322851,-9.78948402404785,-1.68754649162292,-0.324297249317169,-0.167618483304977,0.00941874925047159,-0.835171103477478,-9.18870162963867,1.24447154998779,0.715983390808105,0.0314998663961887,0.0744176954030991,13.50336287,5.3697984355,-1.512706245,-0.361368359371966,-0.52919900517039,1.50339696385208
-36.8499755859375,15.4876708984375,-321.273803710938,-37.3458862304688,-15.2206420898438,-315.780639648438,0.762180924415588,-9.70607852935791,0.282173275947571,0.0639400631189346,-0.0253142584115267,-0.0496508218348026,-0.897334039211273,-5.41718149185181,7.69605779647827,0.115267008543015,-0.0963394716382027,0.0431372225284576,0.0253155343234539,-9.79496669769287,-1.69508528709412,-0.323538333177567,-0.168323293328285,0.00857632234692574,-0.827073216438293,-9.19395065307617,1.23437774181366,0.715084850788116,0.0317029617726803,0.0734089240431786,13.50336248,5.369798422,-1.51270835,-0.361373166124537,-0.529022865787909,1.50148559608831
-36.773681640625,14.95361328125,-321.502685546875,-36.773681640625,-14.8773193359375,-315.704345703125,0.765887200832367,-9.70619869232178,0.280045092105865,0.0636808574199677,-0.0255440734326839,-0.0498512424528599,-0.898506283760071,-5.41324090957642,7.70913600921631,0.116066679358482,-0.0964837744832039,0.042974878102541,0.0282042045146227,-9.80044937133789,-1.70262408256531,-0.322779417037964,-0.169028103351593,0.00773389544337988,-0.818975329399109,-9.19919872283936,1.22428393363953,0.714186310768127,0.0319060608744621,0.0724001526832581,13.50336209,5.3697984085,-1.512710455,-0.361377972877108,-0.528846726405429,1.49957422832454
-35.8963012695313,14.8773193359375,-321.6552734375,-36.8881225585938,-14.9917602539063,-315.24658203125,0.769593417644501,-9.70631885528564,0.27791690826416,0.0634216442704201,-0.0257738865911961,-0.0500516593456268,-0.899678528308868,-5.40929985046387,7.7222146987915,0.11686635017395,-0.0966280773282051,0.0428125374019146,0.0310928747057915,-9.80593204498291,-1.71016275882721,-0.322020500898361,-0.16973289847374,0.00689146853983402,-0.810877442359924,-9.20444679260254,1.21419012546539,0.713287770748138,0.0321091562509537,0.0713913813233376,13.5033617,5.369798395,-1.51271256,-0.361382779629679,-0.528670587022949,1.49766286056077
-35.0189208984375,14.801025390625,-321.807861328125,-37.0025634765625,-15.106201171875,-314.788818359375,0.773299634456635,-9.70643901824951,0.275788754224777,0.0631624311208725,-0.0260037016123533,-0.0502520762383938,-0.900850772857666,-5.40535926818848,7.7352933883667,0.117666020989418,-0.0967723801732063,0.0426501967012882,0.0339815430343151,-9.81141471862793,-1.7177015542984,-0.321261584758759,-0.170437708497047,0.00604904210194945,-0.80277955532074,-9.20969486236572,1.20409631729126,0.712389230728149,0.0323122516274452,0.0703826099634171,13.50336131,5.3697983815,-1.512714665,-0.36138758638225,-0.528494447640468,1.495751492797
-34.4085693359375,14.5721435546875,-321.6552734375,-37.8799438476563,-15.0299072265625,-314.788818359375,0.780533134937286,-9.70953369140625,0.274754703044891,0.0627806410193443,-0.0261366460472345,-0.050500925630331,-0.895769536495209,-5.39498472213745,7.73534202575684,0.118086233735085,-0.0966621562838554,0.0426298193633556,0.0373511016368866,-9.81654357910156,-1.7254536151886,-0.320570170879364,-0.171162873506546,0.00529447244480252,-0.797331392765045,-9.21482753753662,1.19777643680573,0.711305975914001,0.0320006161928177,0.0691564083099365,13.50336092,5.369798368,-1.51271677,-0.361392393134821,-0.528318308257988,1.49384012503323
-33.7982177734375,14.34326171875,-321.502685546875,-38.75732421875,-14.95361328125,-314.788818359375,0.791293919086456,-9.71560192108154,0.274814784526825,0.0622762739658356,-0.02617272362113,-0.0507982075214386,-0.884434819221497,-5.37817621231079,7.72236013412476,0.11812699586153,-0.096297413110733,0.0427514016628265,0.0412015430629253,-9.82131671905518,-1.73341906070709,-0.319946199655533,-0.171908423304558,0.00462776003405452,-0.794532895088196,-9.21984481811523,1.1952303647995,0.710038006305695,0.0311742536723614,0.0677127614617348,13.50336053,5.3697983545,-1.512718875,-0.361397199887392,-0.528142168875507,1.49192875726946
-33.8363647460938,14.6865844726563,-320.968627929688,-39.2532348632813,-14.6865844726563,-314.254760742188,0.802054703235626,-9.72167110443115,0.274874866008759,0.0617719069123268,-0.0262087993323803,-0.0510954856872559,-0.873100101947784,-5.36136817932129,7.70937824249268,0.118167757987976,-0.09593266248703,0.0428729839622974,0.0450519844889641,-9.82608985900879,-1.74138450622559,-0.319322258234024,-0.172653958201408,0.0039610480889678,-0.791734397411346,-9.22486114501953,1.19268429279327,0.708770096302032,0.0303478892892599,0.066269114613533,13.50336014,5.369798341,-1.51272098,-0.361402006639963,-0.527966029493027,1.49001738950569
-33.87451171875,15.0299072265625,-320.4345703125,-39.7491455078125,-14.4195556640625,-313.720703125,0.812815546989441,-9.72773933410645,0.274934947490692,0.0612675361335278,-0.0262448750436306,-0.0513927638530731,-0.861765325069427,-5.34455966949463,7.69639682769775,0.118208520114422,-0.095567911863327,0.0429945662617683,0.0489024259150028,-9.8308629989624,-1.74934995174408,-0.318698287010193,-0.17339950799942,0.0032943356782198,-0.788935899734497,-9.22987842559814,1.19013833999634,0.707502126693726,0.0295215267688036,0.0648254677653313,13.50335975,5.3697983275,-1.512723085,-0.361406813392534,-0.527789890110547,1.48810602174192
-34.3704223632813,15.2587890625,-320.281982421875,-39.5965576171875,-14.6865844726563,-313.720703125,0.823576331138611,-9.73380851745605,0.274995028972626,0.060763169080019,-0.0262809526175261,-0.0516900457441807,-0.850430607795715,-5.32775115966797,7.68341493606567,0.118249282240868,-0.0952031686902046,0.0431161485612392,0.0527528673410416,-9.83563613891602,-1.75731539726257,-0.318074315786362,-0.174145042896271,0.00262762326747179,-0.786137402057648,-9.23489475250244,1.18759226799011,0.706234157085419,0.0286951623857021,0.0633818209171295,13.50335936,5.369798314,-1.51272519,-0.361411620145105,-0.527613750728066,1.48619465397815
-34.8663330078125,15.4876708984375,-320.12939453125,-39.4439697265625,-14.95361328125,-313.720703125,0.834337115287781,-9.73987674713135,0.275055110454559,0.0602588020265102,-0.0263170283287764,-0.0519873239099979,-0.839095890522003,-5.31094264984131,7.67043304443359,0.118290044367313,-0.0948384180665016,0.0432377308607101,0.0566033087670803,-9.84041023254395,-1.76528084278107,-0.317450374364853,-0.174890592694283,0.00196091108955443,-0.783338904380798,-9.23991107940674,1.18504619598389,0.704966247081757,0.0278687980026007,0.0619381777942181,13.50335897,5.3697983005,-1.512727295,-0.361416426897676,-0.527437611345586,1.48428328621438
-35.3240966796875,15.869140625,-320.4345703125,-38.6428833007813,-15.0299072265625,-313.949584960938,0.845097899436951,-9.74594593048096,0.275115191936493,0.0597544312477112,-0.0263531040400267,-0.0522846020758152,-0.827761113643646,-5.29413414001465,7.65745162963867,0.118330806493759,-0.0944736674427986,0.043359313160181,0.060453750193119,-9.84518337249756,-1.77324628829956,-0.316826403141022,-0.175636127591133,0.00129419879522175,-0.780540406703949,-9.24492835998535,1.18250012397766,0.70369827747345,0.0270424354821444,0.0604945309460163,13.50335858,5.369798287,-1.5127294,-0.361421233650247,-0.527261471963105,1.48237191845062
-35.7818603515625,16.2506103515625,-320.73974609375,-37.841796875,-15.106201171875,-314.178466796875,0.855858683586121,-9.75201416015625,0.275175303220749,0.0592500641942024,-0.0263891816139221,-0.0525818839669228,-0.816426396369934,-5.27732610702515,7.64446973800659,0.118371568620205,-0.0941089242696762,0.0434808954596519,0.0643041953444481,-9.84995651245117,-1.78121173381805,-0.316202461719513,-0.176381677389145,0.000627486500889063,-0.7777419090271,-9.24994468688965,1.17995405197144,0.702430367469788,0.0262160710990429,0.0590508878231049,13.50335819,5.3697982735,-1.512731505,-0.361426040402818,-0.527085332580625,1.48046055068685
-35.9725952148438,16.4794921875,-321.6552734375,-37.5747680664063,-15.2969360351563,-314.788818359375,0.866619467735291,-9.75808334350586,0.275235384702682,0.0587456934154034,-0.0264252573251724,-0.05287916213274,-0.805091679096222,-5.26051759719849,7.63148784637451,0.118412330746651,-0.0937441736459732,0.0436024777591228,0.0681546330451965,-9.85472965240479,-1.78917717933655,-0.315578490495682,-0.177127212285995,-3.9225815271493e-05,-0.77494341135025,-9.25496196746826,1.17740797996521,0.701162397861481,0.0253897067159414,0.0576072409749031,13.5033578,5.36979826,-1.51273361,-0.361430847155389,-0.526909193198144,1.47854918292308
-36.163330078125,16.7083740234375,-322.57080078125,-37.3077392578125,-15.4876708984375,-315.399169921875,0.87738025188446,-9.76415157318115,0.275295466184616,0.0582413263618946,-0.0264613348990679,-0.0531764440238476,-0.793756902217865,-5.24370908737183,7.61850643157959,0.118453085422516,-0.0933794304728508,0.0437240600585938,0.0720050781965256,-9.8595027923584,-1.79714262485504,-0.314954519271851,-0.177872762084007,-0.000705938087776303,-0.772144913673401,-9.25997829437256,1.17486190795898,0.699894428253174,0.0245633441954851,0.0561635978519917,13.503357508,5.3697982465,-1.512731411,-0.362235985726916,-0.527129447946629,1.47655178739124
-35.8963012695313,16.8991088867188,-322.341918945313,-37.53662109375,-15.3350830078125,-315.322875976563,0.888141095638275,-9.77022075653076,0.27535554766655,0.0577369555830956,-0.0264974106103182,-0.0534737221896648,-0.782422184944153,-5.22690057754517,7.60552453994751,0.118493847548962,-0.0930146798491478,0.0438456423580647,0.075855515897274,-9.86427593231201,-1.80510807037354,-0.314330577850342,-0.178618296980858,-0.00137265038210899,-0.769346415996552,-9.26499557495117,1.17231595516205,0.698626518249512,0.0237369798123837,0.0547199510037899,13.503357216,5.369798233,-1.512729212,-0.363041124298443,-0.527349702695114,1.4745543918594
-35.6292724609375,17.08984375,-322.113037109375,-37.7655029296875,-15.1824951171875,-315.24658203125,0.898901879787445,-9.77628898620605,0.275415629148483,0.0572325885295868,-0.0265334863215685,-0.0537710003554821,-0.771087467670441,-5.21009254455566,7.59254264831543,0.118534609675407,-0.0926499292254448,0.0439672246575356,0.0797059610486031,-9.86905002593994,-1.81307351589203,-0.313706606626511,-0.17936384677887,-0.00203936267644167,-0.766547918319702,-9.27001190185547,1.16976988315582,0.697358548641205,0.0229106154292822,0.0532763041555882,13.503356924,5.3697982195,-1.512727013,-0.36384626286997,-0.527569957443599,1.47255699632756
-35.400390625,17.08984375,-321.807861328125,-37.689208984375,-15.3350830078125,-314.865112304688,0.909662663936615,-9.78235816955566,0.275475710630417,0.0567282177507877,-0.0265695638954639,-0.0540682822465897,-0.759752690792084,-5.193284034729,7.57956123352051,0.118575371801853,-0.0922851860523224,0.0440888069570065,0.0835563987493515,-9.87382316589355,-1.82103896141052,-0.313082665205002,-0.18010938167572,-0.00270607508718967,-0.763749420642853,-9.27502918243408,1.1672238111496,0.696090638637543,0.0220842529088259,0.0518326610326767,13.503356632,5.369798206,-1.512724814,-0.364651401441496,-0.527790212192084,1.47055960079572
-35.1715087890625,17.08984375,-321.502685546875,-37.6129150390625,-15.4876708984375,-314.483642578125,0.920423448085785,-9.78842639923096,0.27553579211235,0.056223850697279,-0.0266056396067142,-0.0543655604124069,-0.748417973518372,-5.17647552490234,7.56657934188843,0.118616133928299,-0.0919204354286194,0.0442103892564774,0.0874068439006805,-9.87859630584717,-1.82900440692902,-0.312458693981171,-0.180854931473732,-0.00337278726510704,-0.760950922966003,-9.28004550933838,1.16467773914337,0.694822669029236,0.0212578885257244,0.0503890141844749,13.50335634,5.3697981925,-1.512722615,-0.365456540013023,-0.528010466940569,1.46856220526388
-35.0189208984375,16.8991088867188,-321.044921875,-37.53662109375,-15.56396484375,-314.178466796875,0.936312437057495,-9.79423427581787,0.277065753936768,0.0561403185129166,-0.0248426999896765,-0.0542553476989269,-0.749688744544983,-5.17567825317383,7.56920528411865,0.117911353707314,-0.0912650749087334,0.0446112155914307,0.0919367149472237,-9.88019847869873,-1.8365341424942,-0.310873419046402,-0.181989952921867,-0.00412501906976104,-0.759258627891541,-9.28684520721436,1.17116117477417,0.69409042596817,0.0205370374023914,0.0494991317391396,13.503356048,5.369798179,-1.512720416,-0.36626167858455,-0.528230721689054,1.46656480973204
-34.8663330078125,16.7083740234375,-320.587158203125,-37.4603271484375,-15.6402587890625,-313.873291015625,0.952201426029205,-9.80004119873047,0.278595715761185,0.0560567900538445,-0.0230797585099936,-0.0541451349854469,-0.750959515571594,-5.17488098144531,7.57183170318604,0.117206566035748,-0.0906097143888474,0.045012041926384,0.0964665785431862,-9.88180065155029,-1.84406399726868,-0.309288173913956,-0.183124974370003,-0.00487725110724568,-0.757566332817078,-9.29364395141602,1.17764461040497,0.693358242511749,0.0198161862790585,0.0486092492938042,13.503355756,5.3697981655,-1.512718217,-0.367066817156076,-0.528450976437539,1.4645674142002
-34.7900390625,16.4794921875,-320.892333984375,-37.5747680664063,-15.6784057617188,-313.873291015625,0.968090415000916,-9.80584907531738,0.280125677585602,0.055973257869482,-0.0213168188929558,-0.0540349222719669,-0.752230286598206,-5.17408323287964,7.57445764541626,0.116501785814762,-0.0899543538689613,0.0454128682613373,0.100996449589729,-9.88340282440186,-1.85159373283386,-0.307702898979187,-0.184259980916977,-0.00562948314473033,-0.755874037742615,-9.30044364929199,1.18412804603577,0.692625999450684,0.0190953351557255,0.0477193631231785,13.503355464,5.369798152,-1.512716018,-0.367871955727603,-0.528671231186024,1.46257001866836
-34.7137451171875,16.2506103515625,-321.197509765625,-37.689208984375,-15.716552734375,-313.873291015625,0.983979403972626,-9.81165599822998,0.281655639410019,0.0558897294104099,-0.019553879275918,-0.0539247095584869,-0.753501057624817,-5.17328596115112,7.57708406448364,0.115797005593777,-0.0892989933490753,0.0458136983215809,0.105526320636272,-9.88500499725342,-1.85912346839905,-0.306117624044418,-0.185395002365112,-0.00638171518221498,-0.754181683063507,-9.30724239349365,1.19061148166656,0.691893756389618,0.0183744858950377,0.0468294806778431,13.503355172,5.3697981385,-1.512713819,-0.36867709429913,-0.528891485934508,1.46057262313652
-34.8663330078125,15.869140625,-321.807861328125,-37.8799438476563,-15.6402587890625,-313.568115234375,0.999868392944336,-9.81746387481689,0.283185631036758,0.0558061972260475,-0.0177909377962351,-0.0538145005702972,-0.754771828651428,-5.17248868942261,7.57971000671387,0.115092225372791,-0.0886436328291893,0.0462145246565342,0.110056191682816,-9.88660717010498,-1.86665332317352,-0.30453234910965,-0.186530023813248,-0.00713394721969962,-0.752489387989044,-9.31404209136963,1.19709479808807,0.691161572933197,0.0176536347717047,0.0459395982325077,13.50335488,5.369798125,-1.51271162,-0.369482232870657,-0.529111740682993,1.45857522760468
-35.0189208984375,15.4876708984375,-322.418212890625,-38.0706787109375,-15.56396484375,-313.262939453125,1.0157573223114,-9.82327079772949,0.284715592861176,0.0557226650416851,-0.0160279981791973,-0.0537042878568172,-0.75604259967804,-5.17169141769409,7.58233594894409,0.114387437701225,-0.0879882723093033,0.0466153509914875,0.114586055278778,-9.88820934295654,-1.87418305873871,-0.302947103977203,-0.187665045261383,-0.00788617972284555,-0.750797092914581,-9.32084083557129,1.20357823371887,0.690429329872131,0.0169327836483717,0.0450497157871723,13.503354588,5.3697981115,-1.512709421,-0.370287371442183,-0.529331995431478,1.45657783207285
-35.1715087890625,15.2206420898438,-322.952270507813,-38.5665893554688,-15.2969360351563,-313.339233398438,1.03164637088776,-9.82907867431641,0.286245554685593,0.055639136582613,-0.014265057630837,-0.0535940751433372,-0.757313370704651,-5.17089366912842,7.58496236801147,0.11368265748024,-0.0873329117894173,0.0470161773264408,0.119115926325321,-9.88981246948242,-1.88171291351318,-0.301361829042435,-0.188800051808357,-0.0086384117603302,-0.749104797840118,-9.32764053344727,1.21006166934967,0.689697086811066,0.0162119325250387,0.0441598296165466,13.503354296,5.369798098,-1.512707222,-0.37109251001371,-0.529552250179963,1.45458043654101
-35.3240966796875,14.95361328125,-323.486328125,-39.0625,-15.0299072265625,-313.41552734375,1.04753530025482,-9.834885597229,0.28777551651001,0.0555556043982506,-0.0125021180137992,-0.0534838624298573,-0.758584141731262,-5.1700963973999,7.5875883102417,0.112977877259254,-0.0866775512695313,0.0474170036613941,0.123645797371864,-9.89141464233398,-1.88924264907837,-0.299776554107666,-0.189935073256493,-0.00939064379781485,-0.747412502765656,-9.33443927764893,1.21654510498047,0.688964903354645,0.0154910814017057,0.0432699471712112,13.503354004,5.3697980845,-1.512705023,-0.371897648585237,-0.529772504928448,1.45258304100917
-35.3622436523438,14.9154663085938,-323.486328125,-39.0243530273438,-15.1824951171875,-313.339233398438,1.06342434883118,-9.84069347381592,0.289305478334427,0.0554720759391785,-0.0107391774654388,-0.0533736497163773,-0.759854912757874,-5.16929912567139,7.59021472930908,0.112273089587688,-0.0860221907496452,0.0478178299963474,0.128175660967827,-9.89301681518555,-1.89677238464355,-0.298191279172897,-0.191070094704628,-0.0101428758352995,-0.745720207691193,-9.3412389755249,1.22302854061127,0.688232660293579,0.0147702312096953,0.0423800647258759,13.503353712,5.369798071,-1.512702824,-0.372702787156763,-0.529992759676933,1.45058564547733
-35.400390625,14.8773193359375,-323.486328125,-38.9862060546875,-15.3350830078125,-313.262939453125,1.07931327819824,-9.84650135040283,0.290835440158844,0.0553885437548161,-0.0089762369170785,-0.0532634370028973,-0.761125683784485,-5.16850185394287,7.59284067153931,0.111568309366703,-0.0853668302297592,0.0482186563313007,0.132705539464951,-9.89461898803711,-1.90430223941803,-0.296606034040451,-0.192205116152763,-0.0108951078727841,-0.74402791261673,-9.34803867340088,1.22951197624207,0.687500417232513,0.0140493800863624,0.0414901822805405,13.50335342,5.3697980575,-1.512700625,-0.37350792572829,-0.530213014425418,1.44858824994549
-35.3240966796875,14.6102905273438,-323.028564453125,-38.4902954101563,-15.2587890625,-313.568115234375,1.0952023267746,-9.85230827331543,0.292365401983261,0.0553050115704536,-0.00721329683437943,-0.0531532242894173,-0.762396454811096,-5.16770458221436,7.59546661376953,0.110863529145718,-0.0847114697098732,0.0486194863915443,0.137235403060913,-9.89622116088867,-1.91183197498322,-0.295020759105682,-0.193340137600899,-0.0116473399102688,-0.742335557937622,-9.35483741760254,1.23599541187286,0.686768233776093,0.0133285289630294,0.0406002998352051,13.503353128,5.369798044,-1.512698426,-0.374313064299817,-0.530433269173903,1.44659085441365
-35.247802734375,14.34326171875,-322.57080078125,-37.994384765625,-15.1824951171875,-313.873291015625,1.11109125614166,-9.85811614990234,0.293895363807678,0.0552214831113815,-0.00545035675168037,-0.0530430115759373,-0.763667225837708,-5.16690683364868,7.59809303283691,0.110158741474152,-0.0840561091899872,0.0490203127264977,0.141765266656876,-9.89782333374023,-1.9193617105484,-0.293435484170914,-0.194475144147873,-0.0123995719477534,-0.740643262863159,-9.36163711547852,1.24247884750366,0.686035990715027,0.012607678771019,0.0397104136645794,13.503352836,5.3697980305,-1.512696227,-0.375118202871344,-0.530653523922387,1.44459345888181
-34.942626953125,14.6102905273438,-322.341918945313,-37.384033203125,-15.2969360351563,-314.102172851563,1.12698030471802,-9.86392307281494,0.295425325632095,0.0551379509270191,-0.00368741643615067,-0.0529327988624573,-0.764937996864319,-5.16610956192017,7.60071897506714,0.109453961253166,-0.0834007486701012,0.049421139061451,0.146295145153999,-9.8994255065918,-1.92689156532288,-0.291850209236145,-0.195610165596008,-0.0131518039852381,-0.738950967788696,-9.36843585968018,1.24896228313446,0.685303747653961,0.011886827647686,0.038820531219244,13.503352544,5.369798017,-1.512694028,-0.37592334144287,-0.530873778670872,1.44259606334997
-34.637451171875,14.8773193359375,-322.113037109375,-36.773681640625,-15.411376953125,-314.3310546875,1.13947129249573,-9.86935043334961,0.297077029943466,0.054922841489315,-0.00196686410345137,-0.0530026070773602,-0.766577422618866,-5.17202281951904,7.60768175125122,0.108668006956577,-0.0829310938715935,0.0496452786028385,0.151412576436996,-9.90386390686035,-1.93397033214569,-0.289746910333633,-0.196929886937141,-0.0136789111420512,-0.736260771751404,-9.37638092041016,1.25837481021881,0.684904932975769,0.0114846350625157,0.0384159870445728,13.503352252,5.3697980035,-1.512691829,-0.376728480014397,-0.531094033419357,1.44059866781813
-34.5993041992188,15.1824951171875,-322.647094726563,-36.773681640625,-15.4876708984375,-313.949584960938,1.14856433868408,-9.87439727783203,0.298850476741791,0.0545761473476887,-0.000288699229713529,-0.0532524287700653,-0.768585562705994,-5.18464708328247,7.61898040771484,0.107800886034966,-0.0826471522450447,0.0496927313506603,0.157117575407028,-9.91113758087158,-1.94059824943542,-0.287125527858734,-0.198434323072433,-0.0139808934181929,-0.732572734355927,-9.38547039031982,1.270716547966,0.684839427471161,0.0114011000841856,0.0384967774152756,13.50335196,5.36979799,-1.51268963,-0.377533618585924,-0.531314288167842,1.43860127228629
-34.5611572265625,15.4876708984375,-323.18115234375,-36.773681640625,-15.56396484375,-313.568115234375,1.15765738487244,-9.87944412231445,0.300623923540115,0.0542294532060623,0.00138946552760899,-0.0535022541880608,-0.770593702793121,-5.19727087020874,7.63027906417847,0.106933757662773,-0.0823632106184959,0.0497401878237724,0.16282257437706,-9.91841125488281,-1.94722616672516,-0.284504145383835,-0.199938744306564,-0.0142828766256571,-0.728884696960449,-9.39455986022949,1.2830582857132,0.684773921966553,0.0113175651058555,0.0385775677859783,13.503351826,5.3697979825,-1.5126900295,-0.377654366082123,-0.531280170688579,1.43693508176743
-34.5611572265625,15.869140625,-323.79150390625,-37.4221801757813,-15.4876708984375,-313.41552734375,1.16675043106079,-9.88449096679688,0.302397340536118,0.053882759064436,0.00306763034313917,-0.0537520758807659,-0.772601842880249,-5.20989513397217,7.64157819747925,0.106066636741161,-0.0820792689919472,0.0497876405715942,0.16852755844593,-9.92568492889404,-1.9538539648056,-0.281882762908936,-0.201443165540695,-0.0145848589017987,-0.725196659564972,-9.40364933013916,1.2953999042511,0.684708416461945,0.0112340301275253,0.0386583581566811,13.503351692,5.369797975,-1.512690429,-0.377775113578322,-0.531246053209316,1.43526889124857
-34.5611572265625,16.2506103515625,-324.40185546875,-38.0706787109375,-15.411376953125,-313.262939453125,1.17584347724915,-9.8895378112793,0.304170787334442,0.0535360649228096,0.00474579492583871,-0.0540019012987614,-0.774609923362732,-5.2225193977356,7.65287685394287,0.10519951581955,-0.0817953273653984,0.049835093319416,0.174232557415962,-9.93295860290527,-1.96048188209534,-0.279261380434036,-0.202947601675987,-0.0148868421092629,-0.721508622169495,-9.41273880004883,1.30774164199829,0.684642910957336,0.0111504951491952,0.0387391522526741,13.503351558,5.3697979675,-1.5126908285,-0.377895861074521,-0.531211935730052,1.43360270072971
-34.6755981445313,16.5557861328125,-324.70703125,-38.5284423828125,-15.3732299804688,-312.957763671875,1.1849365234375,-9.89458465576172,0.305944234132767,0.0531893707811832,0.00642395997419953,-0.0542517229914665,-0.77661806344986,-5.23514318466187,7.66417551040649,0.104332387447357,-0.0815113857388496,0.0498825497925282,0.179937556385994,-9.9402322769165,-1.96710979938507,-0.276640027761459,-0.204452022910118,-0.0151888243854046,-0.717820584774017,-9.4218282699585,1.32008337974548,0.684577465057373,0.0110669611021876,0.0388199426233768,13.503351424,5.36979796,-1.512691228,-0.37801660857072,-0.531177818250789,1.43193651021085
-34.7900390625,16.8609619140625,-325.01220703125,-38.9862060546875,-15.3350830078125,-312.652587890625,1.19402956962585,-9.89963150024414,0.307717651128769,0.0528426766395569,0.00810212455689907,-0.054501548409462,-0.778626203536987,-5.24776744842529,7.67547464370728,0.103465266525745,-0.0812274441123009,0.04993000254035,0.185642555356026,-9.94750595092773,-1.97373759746552,-0.27401864528656,-0.205956444144249,-0.0154908075928688,-0.71413254737854,-9.43091773986816,1.33242511749268,0.684511959552765,0.0109834261238575,0.0389007329940796,13.50335129,5.3697979525,-1.5126916275,-0.378137356066919,-0.531143700771526,1.43027031969199
-34.8281860351563,17.242431640625,-324.630737304688,-38.8717651367188,-15.1824951171875,-312.347412109375,1.20312249660492,-9.90467739105225,0.309491097927094,0.0524959824979305,0.0097802896052599,-0.0547513701021671,-0.780634343624115,-5.26039123535156,7.6867733001709,0.102598138153553,-0.0809434950351715,0.0499774552881718,0.191347554326057,-9.95477962493896,-1.98036551475525,-0.271397262811661,-0.207460880279541,-0.015792790800333,-0.710444509983063,-9.44000720977783,1.34476685523987,0.684446454048157,0.0108998911455274,0.0389815233647823,13.503351156,5.369797945,-1.512692027,-0.378258103563118,-0.531109583292263,1.42860412917313
-34.8663330078125,17.6239013671875,-324.249267578125,-38.75732421875,-15.0299072265625,-312.042236328125,1.21221554279327,-9.90972423553467,0.311264544725418,0.0521492883563042,0.0114584537222981,-0.0550011955201626,-0.782642424106598,-5.27301549911499,7.69807195663452,0.101731017231941,-0.0806595534086227,0.0500249117612839,0.197052553296089,-9.9620532989502,-1.98699343204498,-0.268775880336761,-0.208965301513672,-0.0160947721451521,-0.706756472587585,-9.4490966796875,1.35710859298706,0.684380948543549,0.0108163561671972,0.0390623174607754,13.503351022,5.3697979375,-1.5126924265,-0.378378851059318,-0.531075465813,1.42693793865427
-35.0189208984375,17.5094604492188,-323.638916015625,-38.1851196289063,-15.2206420898438,-311.8896484375,1.22130858898163,-9.91477108001709,0.31303796172142,0.0518025979399681,0.013136618770659,-0.0552510172128677,-0.784650564193726,-5.28563976287842,7.7093710899353,0.100863896310329,-0.080375611782074,0.0500723645091057,0.202757552266121,-9.96932697296143,-1.99362123012543,-0.266154497861862,-0.210469737648964,-0.0163967553526163,-0.703068375587463,-9.45818614959717,1.36945033073425,0.68431544303894,0.0107328211888671,0.0391431078314781,13.503350888,5.36979793,-1.512692826,-0.378499598555517,-0.531041348333737,1.4252717481354
-35.1715087890625,17.39501953125,-323.028564453125,-37.6129150390625,-15.411376953125,-311.737060546875,1.23040163516998,-9.91981792449951,0.314811408519745,0.0514559037983418,0.0148147838190198,-0.0555008426308632,-0.786658704280853,-5.29826354980469,7.72066974639893,0.0999967679381371,-0.0800916701555252,0.0501198172569275,0.208462536334991,-9.97660064697266,-2.00024914741516,-0.263533115386963,-0.211974158883095,-0.0166987385600805,-0.699380338191986,-9.46727561950684,1.38179194927216,0.684249937534332,0.010649286210537,0.0392238982021809,13.503350754,5.3697979225,-1.5126932255,-0.378620346051716,-0.531007230854473,1.42360555761654
-35.4385375976563,17.1661376953125,-322.799682617188,-37.078857421875,-15.411376953125,-312.042236328125,1.23949468135834,-9.92486476898193,0.316584855318069,0.0511092096567154,0.016492947936058,-0.0557506643235683,-0.788666844367981,-5.31088781356812,7.73196840286255,0.0991296470165253,-0.0798077285289764,0.0501672700047493,0.214167535305023,-9.98387432098389,-2.00687694549561,-0.260911762714386,-0.213478580117226,-0.0170007217675447,-0.695692300796509,-9.4763650894165,1.39413368701935,0.684184491634369,0.0105657521635294,0.0393046885728836,13.50335062,5.369797915,-1.512693625,-0.378741093547915,-0.53097311337521,1.42193936709768
-35.70556640625,16.937255859375,-322.57080078125,-36.5447998046875,-15.411376953125,-312.347412109375,1.24858772754669,-9.92991161346436,0.318358272314072,0.050762515515089,0.0181711129844189,-0.0560004897415638,-0.790674924850464,-5.32351160049438,7.74326753616333,0.0982625186443329,-0.0795237869024277,0.0502147264778614,0.219872534275055,-9.99114799499512,-2.01350498199463,-0.258290380239487,-0.214983016252518,-0.0173027031123638,-0.692004263401031,-9.48545455932617,1.40647542476654,0.684118986129761,0.0104822171851993,0.0393854826688766,13.503350486,5.3697979075,-1.5126940245,-0.378861841044114,-0.530938995895947,1.42027317657882
-35.5911254882813,16.6702270507813,-323.410034179688,-36.8118286132813,-15.411376953125,-312.271118164063,1.25768077373505,-9.93495845794678,0.320131719112396,0.0504158213734627,0.0198492780327797,-0.056250311434269,-0.792683064937592,-5.33613586425781,7.75456619262695,0.0973953977227211,-0.0792398452758789,0.0502621792256832,0.225577533245087,-9.99842166900635,-2.02013278007507,-0.255668997764587,-0.216487437486649,-0.017604686319828,-0.688316226005554,-9.49454402923584,1.41881716251373,0.684053480625153,0.0103986822068691,0.0394662730395794,13.503350352,5.3697979,-1.512694424,-0.378982588540313,-0.530904878416684,1.41860698605996
-35.4766845703125,16.4031982421875,-324.249267578125,-37.078857421875,-15.411376953125,-312.19482421875,1.26633477210999,-9.93800926208496,0.318896502256393,0.05036835744977,0.0218942128121853,-0.0566444769501686,-0.78518682718277,-5.32313394546509,7.74165439605713,0.0970145612955093,-0.0784742757678032,0.0506088770925999,0.23078690469265,-10.0018997192383,-2.02460289001465,-0.253134965896606,-0.217273816466331,-0.0177015624940395,-0.686247944831848,-9.50111198425293,1.4238166809082,0.68413233757019,0.0103559345006943,0.0400247648358345,13.503350218,5.3697978925,-1.5126948235,-0.379103336036512,-0.530870760937421,1.4169407955411
-35.0189208984375,16.2124633789063,-325.164794921875,-37.4984741210938,-15.2969360351563,-312.042236328125,1.27498877048492,-9.94106101989746,0.317661285400391,0.050320889800787,0.023939149454236,-0.057038638740778,-0.777690589427948,-5.31013250350952,7.7287425994873,0.096633717417717,-0.0777087062597275,0.0509555786848068,0.235996276140213,-10.0053787231445,-2.02907276153564,-0.250600934028625,-0.218060210347176,-0.0177984368056059,-0.684179723262787,-9.50768089294434,1.42881619930267,0.684211134910583,0.0103131867945194,0.0405832566320896,13.503350084,5.369797885,-1.512695223,-0.379224083532711,-0.530836643458158,1.41527460502224
-34.5611572265625,16.021728515625,-326.080322265625,-37.9180908203125,-15.1824951171875,-311.8896484375,1.28364276885986,-9.94411182403564,0.316426038742065,0.0502734258770943,0.0259840842336416,-0.0574328042566776,-0.770194351673126,-5.2971305847168,7.71583080291748,0.0962528809905052,-0.0769431367516518,0.0513022765517235,0.241205647587776,-10.0088567733765,-2.03354287147522,-0.248066917061806,-0.218846589326859,-0.0178953129798174,-0.682111442089081,-9.51424884796143,1.43381571769714,0.684289991855621,0.0102704390883446,0.0411417484283447,13.50334995,5.3697978775,-1.5126956225,-0.379344831028911,-0.530802525978894,1.41360841450338
-34.48486328125,15.8309936523438,-326.385498046875,-38.0706787109375,-15.2969360351563,-311.737060546875,1.2922967672348,-9.94716358184814,0.315190821886063,0.0502259619534016,0.0280290190130472,-0.0578269697725773,-0.762698173522949,-5.28412914276123,7.70291900634766,0.0958720445632935,-0.076177567243576,0.0516489744186401,0.246415019035339,-10.0123348236084,-2.03801274299622,-0.245532885193825,-0.219632968306541,-0.0179921872913837,-0.680043160915375,-9.52081680297852,1.43881523609161,0.684368848800659,0.0102276913821697,0.0417002402245998,13.503349816,5.36979787,-1.512696022,-0.37946557852511,-0.530768408499631,1.41194222398452
-34.4085693359375,15.6402587890625,-326.690673828125,-38.2232666015625,-15.411376953125,-311.58447265625,1.30095064640045,-9.95021438598633,0.31395560503006,0.0501784980297089,0.030073955655098,-0.0582211315631866,-0.755201935768127,-5.27112722396851,7.69000720977783,0.0954912081360817,-0.0754120051860809,0.0519956722855568,0.251624405384064,-10.0158138275146,-2.04248285293579,-0.242998853325844,-0.220419347286224,-0.0180890634655952,-0.677974939346313,-9.52738475799561,1.44381475448608,0.684447646141052,0.0101849436759949,0.0422587357461452,13.503349682,5.3697978625,-1.5126964215,-0.379586326021309,-0.530734291020368,1.41027603346565
-34.48486328125,15.6021118164063,-326.690673828125,-38.0325317382813,-15.5258178710938,-311.58447265625,1.30960464477539,-9.95326519012451,0.312720388174057,0.0501310303807259,0.0321188904345036,-0.0586152970790863,-0.747705698013306,-5.25812578201294,7.67709541320801,0.0951103642582893,-0.0746464356780052,0.0523423738777637,0.256833761930466,-10.0192918777466,-2.04695272445679,-0.240464821457863,-0.221205741167068,-0.0181859377771616,-0.675906658172607,-9.53395366668701,1.44881427288055,0.68452650308609,0.01014219596982,0.0428172275424004,13.503349548,5.369797855,-1.512696821,-0.379707073517508,-0.530700173541105,1.40860984294679
-34.5611572265625,15.56396484375,-326.690673828125,-37.841796875,-15.6402587890625,-311.58447265625,1.31825864315033,-9.95631694793701,0.311485171318054,0.0500835664570332,0.0341638252139091,-0.0590094588696957,-0.740209460258484,-5.24512386322021,7.66418409347534,0.0947295278310776,-0.0738808661699295,0.0526890717446804,0.26204314827919,-10.0227699279785,-2.05142283439636,-0.237930804491043,-0.221992120146751,-0.0182828139513731,-0.673838436603546,-9.5405216217041,1.45381379127502,0.684605360031128,0.0100994482636452,0.0433757193386555,13.503349414,5.3697978475,-1.5126972205,-0.379827821013707,-0.530666056061842,1.40694365242793
-34.8281860351563,15.6402587890625,-326.919555664063,-37.6129150390625,-15.6021118164063,-312.042236328125,1.32691264152527,-9.9593677520752,0.310249954462051,0.0500361025333405,0.0362087599933147,-0.0594036243855953,-0.732713222503662,-5.23212242126465,7.65127229690552,0.0943486914038658,-0.0731152966618538,0.0530357696115971,0.267252504825592,-10.0262489318848,-2.05589270591736,-0.235396772623062,-0.222778499126434,-0.0183796882629395,-0.67177015542984,-9.54708957672119,1.45881330966949,0.684684157371521,0.0100567005574703,0.0439342111349106,13.50334928,5.36979784,-1.51269762,-0.379948568509906,-0.530631938582578,1.40527746190907
